"data_version","target","date","location","type","quantile","value"
"2021-06-23","7 day R","2020-03-02","DE","point","NA",2.34436782450817
"2021-06-23","7 day R","2020-03-02","DE","quantile","0.025",2.02731296365594
"2021-06-23","7 day R","2020-03-02","DE","quantile","0.975",2.67257344188983
"2021-06-23","7 day R","2020-03-03","DE","point","NA",2.35854041144186
"2021-06-23","7 day R","2020-03-03","DE","quantile","0.025",2.0598798432512
"2021-06-23","7 day R","2020-03-03","DE","quantile","0.975",2.66600754086888
"2021-06-23","7 day R","2020-03-04","DE","point","NA",2.38921187170317
"2021-06-23","7 day R","2020-03-04","DE","quantile","0.025",2.10414453453768
"2021-06-23","7 day R","2020-03-04","DE","quantile","0.975",2.68420486376448
"2021-06-23","7 day R","2020-03-05","DE","point","NA",2.42182936652274
"2021-06-23","7 day R","2020-03-05","DE","quantile","0.025",2.1439934859117
"2021-06-23","7 day R","2020-03-05","DE","quantile","0.975",2.71145542173983
"2021-06-23","7 day R","2020-03-06","DE","point","NA",2.38465679932339
"2021-06-23","7 day R","2020-03-06","DE","quantile","0.025",2.12147709986364
"2021-06-23","7 day R","2020-03-06","DE","quantile","0.975",2.65790653318491
"2021-06-23","7 day R","2020-03-07","DE","point","NA",2.3678718292091
"2021-06-23","7 day R","2020-03-07","DE","quantile","0.025",2.11016012431811
"2021-06-23","7 day R","2020-03-07","DE","quantile","0.975",2.63332493601159
"2021-06-23","7 day R","2020-03-08","DE","point","NA",2.35856181927941
"2021-06-23","7 day R","2020-03-08","DE","quantile","0.025",2.10450753399752
"2021-06-23","7 day R","2020-03-08","DE","quantile","0.975",2.61973113349563
"2021-06-23","7 day R","2020-03-09","DE","point","NA",2.34708923061604
"2021-06-23","7 day R","2020-03-09","DE","quantile","0.025",2.09458068826334
"2021-06-23","7 day R","2020-03-09","DE","quantile","0.975",2.6078934345822
"2021-06-23","7 day R","2020-03-10","DE","point","NA",2.35241054269792
"2021-06-23","7 day R","2020-03-10","DE","quantile","0.025",2.10051691156681
"2021-06-23","7 day R","2020-03-10","DE","quantile","0.975",2.61436132465782
"2021-06-23","7 day R","2020-03-11","DE","point","NA",2.35635521543928
"2021-06-23","7 day R","2020-03-11","DE","quantile","0.025",2.10786004001432
"2021-06-23","7 day R","2020-03-11","DE","quantile","0.975",2.61529265169959
"2021-06-23","7 day R","2020-03-12","DE","point","NA",2.35482695373613
"2021-06-23","7 day R","2020-03-12","DE","quantile","0.025",2.10205108878346
"2021-06-23","7 day R","2020-03-12","DE","quantile","0.975",2.61630174161333
"2021-06-23","7 day R","2020-03-13","DE","point","NA",2.39662880921533
"2021-06-23","7 day R","2020-03-13","DE","quantile","0.025",2.13431556166351
"2021-06-23","7 day R","2020-03-13","DE","quantile","0.975",2.67901555019605
"2021-06-23","7 day R","2020-03-14","DE","point","NA",2.34695795134054
"2021-06-23","7 day R","2020-03-14","DE","quantile","0.025",2.09114965597187
"2021-06-23","7 day R","2020-03-14","DE","quantile","0.975",2.62402974596104
"2021-06-23","7 day R","2020-03-15","DE","point","NA",2.29007414650336
"2021-06-23","7 day R","2020-03-15","DE","quantile","0.025",2.04015175751989
"2021-06-23","7 day R","2020-03-15","DE","quantile","0.975",2.56021781644754
"2021-06-23","7 day R","2020-03-16","DE","point","NA",2.23333547729269
"2021-06-23","7 day R","2020-03-16","DE","quantile","0.025",1.99033807758756
"2021-06-23","7 day R","2020-03-16","DE","quantile","0.975",2.49566609939601
"2021-06-23","7 day R","2020-03-17","DE","point","NA",2.16845349568899
"2021-06-23","7 day R","2020-03-17","DE","quantile","0.025",1.92800652369352
"2021-06-23","7 day R","2020-03-17","DE","quantile","0.975",2.42347627976897
"2021-06-23","7 day R","2020-03-18","DE","point","NA",2.09394758112519
"2021-06-23","7 day R","2020-03-18","DE","quantile","0.025",1.85730922084108
"2021-06-23","7 day R","2020-03-18","DE","quantile","0.975",2.34208467008697
"2021-06-23","7 day R","2020-03-19","DE","point","NA",2.00705303743823
"2021-06-23","7 day R","2020-03-19","DE","quantile","0.025",1.77403953553395
"2021-06-23","7 day R","2020-03-19","DE","quantile","0.975",2.2437194500627
"2021-06-23","7 day R","2020-03-20","DE","point","NA",1.92590070808344
"2021-06-23","7 day R","2020-03-20","DE","quantile","0.025",1.69311087699995
"2021-06-23","7 day R","2020-03-20","DE","quantile","0.975",2.16146506074472
"2021-06-23","7 day R","2020-03-21","DE","point","NA",1.85547608622443
"2021-06-23","7 day R","2020-03-21","DE","quantile","0.025",1.62406452460133
"2021-06-23","7 day R","2020-03-21","DE","quantile","0.975",2.08972886419044
"2021-06-23","7 day R","2020-03-22","DE","point","NA",1.79153273768984
"2021-06-23","7 day R","2020-03-22","DE","quantile","0.025",1.55952522249433
"2021-06-23","7 day R","2020-03-22","DE","quantile","0.975",2.02492339646147
"2021-06-23","7 day R","2020-03-23","DE","point","NA",1.73661212015135
"2021-06-23","7 day R","2020-03-23","DE","quantile","0.025",1.50233183819049
"2021-06-23","7 day R","2020-03-23","DE","quantile","0.975",1.97010818937789
"2021-06-23","7 day R","2020-03-24","DE","point","NA",1.67164833649167
"2021-06-23","7 day R","2020-03-24","DE","quantile","0.025",1.43804142339265
"2021-06-23","7 day R","2020-03-24","DE","quantile","0.975",1.90283054505082
"2021-06-23","7 day R","2020-03-25","DE","point","NA",1.60735662843799
"2021-06-23","7 day R","2020-03-25","DE","quantile","0.025",1.37312068774484
"2021-06-23","7 day R","2020-03-25","DE","quantile","0.975",1.83696747671791
"2021-06-23","7 day R","2020-03-26","DE","point","NA",1.55178481548204
"2021-06-23","7 day R","2020-03-26","DE","quantile","0.025",1.31925705348253
"2021-06-23","7 day R","2020-03-26","DE","quantile","0.975",1.78049333734217
"2021-06-23","7 day R","2020-03-27","DE","point","NA",1.49194734444783
"2021-06-23","7 day R","2020-03-27","DE","quantile","0.025",1.25789723926984
"2021-06-23","7 day R","2020-03-27","DE","quantile","0.975",1.72160784187437
"2021-06-23","7 day R","2020-03-28","DE","point","NA",1.44376164638647
"2021-06-23","7 day R","2020-03-28","DE","quantile","0.025",1.20874394950597
"2021-06-23","7 day R","2020-03-28","DE","quantile","0.975",1.67541103740475
"2021-06-23","7 day R","2020-03-29","DE","point","NA",1.38573333769183
"2021-06-23","7 day R","2020-03-29","DE","quantile","0.025",1.14932978700018
"2021-06-23","7 day R","2020-03-29","DE","quantile","0.975",1.61447026142874
"2021-06-23","7 day R","2020-03-30","DE","point","NA",1.33105430648455
"2021-06-23","7 day R","2020-03-30","DE","quantile","0.025",1.09416143281571
"2021-06-23","7 day R","2020-03-30","DE","quantile","0.975",1.56204970141391
"2021-06-23","7 day R","2020-03-31","DE","point","NA",1.27631172480505
"2021-06-23","7 day R","2020-03-31","DE","quantile","0.025",1.03446256792584
"2021-06-23","7 day R","2020-03-31","DE","quantile","0.975",1.51130180131925
"2021-06-23","7 day R","2020-04-01","DE","point","NA",1.2236274743059
"2021-06-23","7 day R","2020-04-01","DE","quantile","0.025",0.981921736996351
"2021-06-23","7 day R","2020-04-01","DE","quantile","0.975",1.45492835807477
"2021-06-23","7 day R","2020-04-02","DE","point","NA",1.17421780899016
"2021-06-23","7 day R","2020-04-02","DE","quantile","0.025",0.929608456906763
"2021-06-23","7 day R","2020-04-02","DE","quantile","0.975",1.40975554141529
"2021-06-23","7 day R","2020-04-03","DE","point","NA",1.12885221926641
"2021-06-23","7 day R","2020-04-03","DE","quantile","0.025",0.886133071924622
"2021-06-23","7 day R","2020-04-03","DE","quantile","0.975",1.36155220069447
"2021-06-23","7 day R","2020-04-04","DE","point","NA",1.09615993305799
"2021-06-23","7 day R","2020-04-04","DE","quantile","0.025",0.856668262595474
"2021-06-23","7 day R","2020-04-04","DE","quantile","0.975",1.32967881499567
"2021-06-23","7 day R","2020-04-05","DE","point","NA",1.06230538996443
"2021-06-23","7 day R","2020-04-05","DE","quantile","0.025",0.819594451621088
"2021-06-23","7 day R","2020-04-05","DE","quantile","0.975",1.29551350226199
"2021-06-23","7 day R","2020-04-06","DE","point","NA",1.0293235607725
"2021-06-23","7 day R","2020-04-06","DE","quantile","0.025",0.789353385223686
"2021-06-23","7 day R","2020-04-06","DE","quantile","0.975",1.26250457712866
"2021-06-23","7 day R","2020-04-07","DE","point","NA",0.99739631669655
"2021-06-23","7 day R","2020-04-07","DE","quantile","0.025",0.755305727910764
"2021-06-23","7 day R","2020-04-07","DE","quantile","0.975",1.23268075123291
"2021-06-23","7 day R","2020-04-08","DE","point","NA",0.96307029969695
"2021-06-23","7 day R","2020-04-08","DE","quantile","0.025",0.7231417828879
"2021-06-23","7 day R","2020-04-08","DE","quantile","0.975",1.19772590003081
"2021-06-23","7 day R","2020-04-09","DE","point","NA",0.928274712638481
"2021-06-23","7 day R","2020-04-09","DE","quantile","0.025",0.689277998861758
"2021-06-23","7 day R","2020-04-09","DE","quantile","0.975",1.16232601536921
"2021-06-23","7 day R","2020-04-10","DE","point","NA",0.899580290621742
"2021-06-23","7 day R","2020-04-10","DE","quantile","0.025",0.653719742976362
"2021-06-23","7 day R","2020-04-10","DE","quantile","0.975",1.13364257578054
"2021-06-23","7 day R","2020-04-11","DE","point","NA",0.883410828146023
"2021-06-23","7 day R","2020-04-11","DE","quantile","0.025",0.638981707817562
"2021-06-23","7 day R","2020-04-11","DE","quantile","0.975",1.11706658700839
"2021-06-23","7 day R","2020-04-12","DE","point","NA",0.868770136463652
"2021-06-23","7 day R","2020-04-12","DE","quantile","0.025",0.623328058704164
"2021-06-23","7 day R","2020-04-12","DE","quantile","0.975",1.09905003760788
"2021-06-23","7 day R","2020-04-13","DE","point","NA",0.852233087895539
"2021-06-23","7 day R","2020-04-13","DE","quantile","0.025",0.607644938536672
"2021-06-23","7 day R","2020-04-13","DE","quantile","0.975",1.08786877634891
"2021-06-23","7 day R","2020-04-14","DE","point","NA",0.834605968616631
"2021-06-23","7 day R","2020-04-14","DE","quantile","0.025",0.58985883658879
"2021-06-23","7 day R","2020-04-14","DE","quantile","0.975",1.0666558598669
"2021-06-23","7 day R","2020-04-15","DE","point","NA",0.824532123223953
"2021-06-23","7 day R","2020-04-15","DE","quantile","0.025",0.580407982595238
"2021-06-23","7 day R","2020-04-15","DE","quantile","0.975",1.05694629609419
"2021-06-23","7 day R","2020-04-16","DE","point","NA",0.814852342318496
"2021-06-23","7 day R","2020-04-16","DE","quantile","0.025",0.572714067018766
"2021-06-23","7 day R","2020-04-16","DE","quantile","0.975",1.04827598564355
"2021-06-23","7 day R","2020-04-17","DE","point","NA",0.8099713915961
"2021-06-23","7 day R","2020-04-17","DE","quantile","0.025",0.569779183803722
"2021-06-23","7 day R","2020-04-17","DE","quantile","0.975",1.04328507526179
"2021-06-23","7 day R","2020-04-18","DE","point","NA",0.805514245500713
"2021-06-23","7 day R","2020-04-18","DE","quantile","0.025",0.567959484397356
"2021-06-23","7 day R","2020-04-18","DE","quantile","0.975",1.03857199745034
"2021-06-23","7 day R","2020-04-19","DE","point","NA",0.801114544412149
"2021-06-23","7 day R","2020-04-19","DE","quantile","0.025",0.56406348997577
"2021-06-23","7 day R","2020-04-19","DE","quantile","0.975",1.03209478708894
"2021-06-23","7 day R","2020-04-20","DE","point","NA",0.795960430478899
"2021-06-23","7 day R","2020-04-20","DE","quantile","0.025",0.559706366075845
"2021-06-23","7 day R","2020-04-20","DE","quantile","0.975",1.0295695530118
"2021-06-23","7 day R","2020-04-21","DE","point","NA",0.785977061821712
"2021-06-23","7 day R","2020-04-21","DE","quantile","0.025",0.553532354893711
"2021-06-23","7 day R","2020-04-21","DE","quantile","0.975",1.01492199277428
"2021-06-23","7 day R","2020-04-22","DE","point","NA",0.779921613834193
"2021-06-23","7 day R","2020-04-22","DE","quantile","0.025",0.545569473741172
"2021-06-23","7 day R","2020-04-22","DE","quantile","0.975",1.01133065326554
"2021-06-23","7 day R","2020-04-23","DE","point","NA",0.774053842145673
"2021-06-23","7 day R","2020-04-23","DE","quantile","0.025",0.539110679468509
"2021-06-23","7 day R","2020-04-23","DE","quantile","0.975",1.00699775328367
"2021-06-23","7 day R","2020-04-24","DE","point","NA",0.767756377941778
"2021-06-23","7 day R","2020-04-24","DE","quantile","0.025",0.533775331836371
"2021-06-23","7 day R","2020-04-24","DE","quantile","0.975",0.998691386107734
"2021-06-23","7 day R","2020-04-25","DE","point","NA",0.768431717021006
"2021-06-23","7 day R","2020-04-25","DE","quantile","0.025",0.533915391731852
"2021-06-23","7 day R","2020-04-25","DE","quantile","0.975",0.998406427127293
"2021-06-23","7 day R","2020-04-26","DE","point","NA",0.767370781701849
"2021-06-23","7 day R","2020-04-26","DE","quantile","0.025",0.535204579395943
"2021-06-23","7 day R","2020-04-26","DE","quantile","0.975",0.996651460325362
"2021-06-23","7 day R","2020-04-27","DE","point","NA",0.76419333421927
"2021-06-23","7 day R","2020-04-27","DE","quantile","0.025",0.532209217734263
"2021-06-23","7 day R","2020-04-27","DE","quantile","0.975",0.994101744608204
"2021-06-23","7 day R","2020-04-28","DE","point","NA",0.760008683621019
"2021-06-23","7 day R","2020-04-28","DE","quantile","0.025",0.526666334423305
"2021-06-23","7 day R","2020-04-28","DE","quantile","0.975",0.988347258660883
"2021-06-23","7 day R","2020-04-29","DE","point","NA",0.756799030990016
"2021-06-23","7 day R","2020-04-29","DE","quantile","0.025",0.520649638271831
"2021-06-23","7 day R","2020-04-29","DE","quantile","0.975",0.98806034972663
"2021-06-23","7 day R","2020-04-30","DE","point","NA",0.75271292095353
"2021-06-23","7 day R","2020-04-30","DE","quantile","0.025",0.519106761193338
"2021-06-23","7 day R","2020-04-30","DE","quantile","0.975",0.982534420729786
"2021-06-23","7 day R","2020-05-01","DE","point","NA",0.751663764359611
"2021-06-23","7 day R","2020-05-01","DE","quantile","0.025",0.514441893524935
"2021-06-23","7 day R","2020-05-01","DE","quantile","0.975",0.98101112208004
"2021-06-23","7 day R","2020-05-02","DE","point","NA",0.75904978453155
"2021-06-23","7 day R","2020-05-02","DE","quantile","0.025",0.523250258625583
"2021-06-23","7 day R","2020-05-02","DE","quantile","0.975",0.990777602763961
"2021-06-23","7 day R","2020-05-03","DE","point","NA",0.766126752154169
"2021-06-23","7 day R","2020-05-03","DE","quantile","0.025",0.52968560094943
"2021-06-23","7 day R","2020-05-03","DE","quantile","0.975",0.999739360420035
"2021-06-23","7 day R","2020-05-04","DE","point","NA",0.773786106932218
"2021-06-23","7 day R","2020-05-04","DE","quantile","0.025",0.539168336687076
"2021-06-23","7 day R","2020-05-04","DE","quantile","0.975",1.00553568210499
"2021-06-23","7 day R","2020-05-05","DE","point","NA",0.782330968517781
"2021-06-23","7 day R","2020-05-05","DE","quantile","0.025",0.549141529896863
"2021-06-23","7 day R","2020-05-05","DE","quantile","0.975",1.01461948190232
"2021-06-23","7 day R","2020-05-06","DE","point","NA",0.791743680801294
"2021-06-23","7 day R","2020-05-06","DE","quantile","0.025",0.556403044256774
"2021-06-23","7 day R","2020-05-06","DE","quantile","0.975",1.02222390831389
"2021-06-23","7 day R","2020-05-07","DE","point","NA",0.797481067212472
"2021-06-23","7 day R","2020-05-07","DE","quantile","0.025",0.561715613601029
"2021-06-23","7 day R","2020-05-07","DE","quantile","0.975",1.03243023884139
"2021-06-23","7 day R","2020-05-08","DE","point","NA",0.799613660123879
"2021-06-23","7 day R","2020-05-08","DE","quantile","0.025",0.562219705529326
"2021-06-23","7 day R","2020-05-08","DE","quantile","0.975",1.03301060080061
"2021-06-23","7 day R","2020-05-09","DE","point","NA",0.803701238172722
"2021-06-23","7 day R","2020-05-09","DE","quantile","0.025",0.570888038019119
"2021-06-23","7 day R","2020-05-09","DE","quantile","0.975",1.03444948627862
"2021-06-23","7 day R","2020-05-10","DE","point","NA",0.806411590068881
"2021-06-23","7 day R","2020-05-10","DE","quantile","0.025",0.574614459923476
"2021-06-23","7 day R","2020-05-10","DE","quantile","0.975",1.03817056734506
"2021-06-23","7 day R","2020-05-11","DE","point","NA",0.809505938060398
"2021-06-23","7 day R","2020-05-11","DE","quantile","0.025",0.579344078514935
"2021-06-23","7 day R","2020-05-11","DE","quantile","0.975",1.04245435713887
"2021-06-23","7 day R","2020-05-12","DE","point","NA",0.806098732380759
"2021-06-23","7 day R","2020-05-12","DE","quantile","0.025",0.573200811837129
"2021-06-23","7 day R","2020-05-12","DE","quantile","0.975",1.03619162854179
"2021-06-23","7 day R","2020-05-13","DE","point","NA",0.809061194409634
"2021-06-23","7 day R","2020-05-13","DE","quantile","0.025",0.575922478169623
"2021-06-23","7 day R","2020-05-13","DE","quantile","0.975",1.04033990911353
"2021-06-23","7 day R","2020-05-14","DE","point","NA",0.807509377897328
"2021-06-23","7 day R","2020-05-14","DE","quantile","0.025",0.572373754338237
"2021-06-23","7 day R","2020-05-14","DE","quantile","0.975",1.04101081518526
"2021-06-23","7 day R","2020-05-15","DE","point","NA",0.818665676470182
"2021-06-23","7 day R","2020-05-15","DE","quantile","0.025",0.582480024427915
"2021-06-23","7 day R","2020-05-15","DE","quantile","0.975",1.04937536804158
"2021-06-23","7 day R","2020-05-16","DE","point","NA",0.833233273906286
"2021-06-23","7 day R","2020-05-16","DE","quantile","0.025",0.601818765763556
"2021-06-23","7 day R","2020-05-16","DE","quantile","0.975",1.06373248133589
"2021-06-23","7 day R","2020-05-17","DE","point","NA",0.846961935152502
"2021-06-23","7 day R","2020-05-17","DE","quantile","0.025",0.618690944210566
"2021-06-23","7 day R","2020-05-17","DE","quantile","0.975",1.0796223379376
"2021-06-23","7 day R","2020-05-18","DE","point","NA",0.855871746025595
"2021-06-23","7 day R","2020-05-18","DE","quantile","0.025",0.622436552649614
"2021-06-23","7 day R","2020-05-18","DE","quantile","0.975",1.08980306720339
"2021-06-23","7 day R","2020-05-19","DE","point","NA",0.869597607742158
"2021-06-23","7 day R","2020-05-19","DE","quantile","0.025",0.637564572742717
"2021-06-23","7 day R","2020-05-19","DE","quantile","0.975",1.10545256884704
"2021-06-23","7 day R","2020-05-20","DE","point","NA",0.859690946888862
"2021-06-23","7 day R","2020-05-20","DE","quantile","0.025",0.62641773118638
"2021-06-23","7 day R","2020-05-20","DE","quantile","0.975",1.09424373460637
"2021-06-23","7 day R","2020-05-21","DE","point","NA",0.847588259916524
"2021-06-23","7 day R","2020-05-21","DE","quantile","0.025",0.612940656996755
"2021-06-23","7 day R","2020-05-21","DE","quantile","0.975",1.0800397135778
"2021-06-23","7 day R","2020-05-22","DE","point","NA",0.843572825625264
"2021-06-23","7 day R","2020-05-22","DE","quantile","0.025",0.604128097214081
"2021-06-23","7 day R","2020-05-22","DE","quantile","0.975",1.07523112335023
"2021-06-23","7 day R","2020-05-23","DE","point","NA",0.842655749008908
"2021-06-23","7 day R","2020-05-23","DE","quantile","0.025",0.602575598214034
"2021-06-23","7 day R","2020-05-23","DE","quantile","0.975",1.07506541529012
"2021-06-23","7 day R","2020-05-24","DE","point","NA",0.846936931636635
"2021-06-23","7 day R","2020-05-24","DE","quantile","0.025",0.611084486343559
"2021-06-23","7 day R","2020-05-24","DE","quantile","0.975",1.07691376711636
"2021-06-23","7 day R","2020-05-25","DE","point","NA",0.85155885199268
"2021-06-23","7 day R","2020-05-25","DE","quantile","0.025",0.615937208521949
"2021-06-23","7 day R","2020-05-25","DE","quantile","0.975",1.0829427634396
"2021-06-23","7 day R","2020-05-26","DE","point","NA",0.856686001395065
"2021-06-23","7 day R","2020-05-26","DE","quantile","0.025",0.625490279420509
"2021-06-23","7 day R","2020-05-26","DE","quantile","0.975",1.08800054870239
"2021-06-23","7 day R","2020-05-27","DE","point","NA",0.860236237057599
"2021-06-23","7 day R","2020-05-27","DE","quantile","0.025",0.629558508694011
"2021-06-23","7 day R","2020-05-27","DE","quantile","0.975",1.09436436643011
"2021-06-23","7 day R","2020-05-28","DE","point","NA",0.866618152815511
"2021-06-23","7 day R","2020-05-28","DE","quantile","0.025",0.633596661202631
"2021-06-23","7 day R","2020-05-28","DE","quantile","0.975",1.09719058162701
"2021-06-23","7 day R","2020-05-29","DE","point","NA",0.867112404190777
"2021-06-23","7 day R","2020-05-29","DE","quantile","0.025",0.634452215222485
"2021-06-23","7 day R","2020-05-29","DE","quantile","0.975",1.09551081249724
"2021-06-23","7 day R","2020-05-30","DE","point","NA",0.862545410493725
"2021-06-23","7 day R","2020-05-30","DE","quantile","0.025",0.6258967311437
"2021-06-23","7 day R","2020-05-30","DE","quantile","0.975",1.09172731190078
"2021-06-23","7 day R","2020-05-31","DE","point","NA",0.862174249083269
"2021-06-23","7 day R","2020-05-31","DE","quantile","0.025",0.629204545634757
"2021-06-23","7 day R","2020-05-31","DE","quantile","0.975",1.08920921156466
"2021-06-23","7 day R","2020-06-01","DE","point","NA",0.865161264129721
"2021-06-23","7 day R","2020-06-01","DE","quantile","0.025",0.628967294102935
"2021-06-23","7 day R","2020-06-01","DE","quantile","0.975",1.09350522025836
"2021-06-23","7 day R","2020-06-02","DE","point","NA",0.871433669140768
"2021-06-23","7 day R","2020-06-02","DE","quantile","0.025",0.634860554420915
"2021-06-23","7 day R","2020-06-02","DE","quantile","0.975",1.10312275085821
"2021-06-23","7 day R","2020-06-03","DE","point","NA",0.886916524236601
"2021-06-23","7 day R","2020-06-03","DE","quantile","0.025",0.650602294811176
"2021-06-23","7 day R","2020-06-03","DE","quantile","0.975",1.1160731392991
"2021-06-23","7 day R","2020-06-04","DE","point","NA",0.905570114535266
"2021-06-23","7 day R","2020-06-04","DE","quantile","0.025",0.669995445685203
"2021-06-23","7 day R","2020-06-04","DE","quantile","0.975",1.13879625538804
"2021-06-23","7 day R","2020-06-05","DE","point","NA",0.93006247364741
"2021-06-23","7 day R","2020-06-05","DE","quantile","0.025",0.696511892078301
"2021-06-23","7 day R","2020-06-05","DE","quantile","0.975",1.16271406205704
"2021-06-23","7 day R","2020-06-06","DE","point","NA",0.952815149045601
"2021-06-23","7 day R","2020-06-06","DE","quantile","0.025",0.721038218745852
"2021-06-23","7 day R","2020-06-06","DE","quantile","0.975",1.18578008345475
"2021-06-23","7 day R","2020-06-07","DE","point","NA",0.958191994822316
"2021-06-23","7 day R","2020-06-07","DE","quantile","0.025",0.725950082076589
"2021-06-23","7 day R","2020-06-07","DE","quantile","0.975",1.18989359234867
"2021-06-23","7 day R","2020-06-08","DE","point","NA",0.961368780773847
"2021-06-23","7 day R","2020-06-08","DE","quantile","0.025",0.728080772851462
"2021-06-23","7 day R","2020-06-08","DE","quantile","0.975",1.19451307050887
"2021-06-23","7 day R","2020-06-09","DE","point","NA",0.958800225049282
"2021-06-23","7 day R","2020-06-09","DE","quantile","0.025",0.726248196725621
"2021-06-23","7 day R","2020-06-09","DE","quantile","0.975",1.18966223948549
"2021-06-23","7 day R","2020-06-10","DE","point","NA",0.961015937712215
"2021-06-23","7 day R","2020-06-10","DE","quantile","0.025",0.727107403174031
"2021-06-23","7 day R","2020-06-10","DE","quantile","0.975",1.19181656291822
"2021-06-23","7 day R","2020-06-11","DE","point","NA",0.980527006517742
"2021-06-23","7 day R","2020-06-11","DE","quantile","0.025",0.74615684645206
"2021-06-23","7 day R","2020-06-11","DE","quantile","0.975",1.21347267731542
"2021-06-23","7 day R","2020-06-12","DE","point","NA",1.01910159867797
"2021-06-23","7 day R","2020-06-12","DE","quantile","0.025",0.788251312488733
"2021-06-23","7 day R","2020-06-12","DE","quantile","0.975",1.25189074091739
"2021-06-23","7 day R","2020-06-13","DE","point","NA",1.04439974899604
"2021-06-23","7 day R","2020-06-13","DE","quantile","0.025",0.810773892732751
"2021-06-23","7 day R","2020-06-13","DE","quantile","0.975",1.27719561727054
"2021-06-23","7 day R","2020-06-14","DE","point","NA",1.08353687482002
"2021-06-23","7 day R","2020-06-14","DE","quantile","0.025",0.851955670546574
"2021-06-23","7 day R","2020-06-14","DE","quantile","0.975",1.3185837116571
"2021-06-23","7 day R","2020-06-15","DE","point","NA",1.12105610682698
"2021-06-23","7 day R","2020-06-15","DE","quantile","0.025",0.889341372925928
"2021-06-23","7 day R","2020-06-15","DE","quantile","0.975",1.3596109747303
"2021-06-23","7 day R","2020-06-16","DE","point","NA",1.16398232622716
"2021-06-23","7 day R","2020-06-16","DE","quantile","0.025",0.929795149310743
"2021-06-23","7 day R","2020-06-16","DE","quantile","0.975",1.41067685639627
"2021-06-23","7 day R","2020-06-17","DE","point","NA",1.18801339317682
"2021-06-23","7 day R","2020-06-17","DE","quantile","0.025",0.952715969623331
"2021-06-23","7 day R","2020-06-17","DE","quantile","0.975",1.43673950172238
"2021-06-23","7 day R","2020-06-18","DE","point","NA",1.20768659226649
"2021-06-23","7 day R","2020-06-18","DE","quantile","0.025",0.972335808086746
"2021-06-23","7 day R","2020-06-18","DE","quantile","0.975",1.45884833277662
"2021-06-23","7 day R","2020-06-19","DE","point","NA",1.17963198563434
"2021-06-23","7 day R","2020-06-19","DE","quantile","0.025",0.946048157309118
"2021-06-23","7 day R","2020-06-19","DE","quantile","0.975",1.42485223057112
"2021-06-23","7 day R","2020-06-20","DE","point","NA",1.16062505620181
"2021-06-23","7 day R","2020-06-20","DE","quantile","0.025",0.925275850867912
"2021-06-23","7 day R","2020-06-20","DE","quantile","0.975",1.40352354579892
"2021-06-23","7 day R","2020-06-21","DE","point","NA",1.14484159450299
"2021-06-23","7 day R","2020-06-21","DE","quantile","0.025",0.913513243313436
"2021-06-23","7 day R","2020-06-21","DE","quantile","0.975",1.38461577538838
"2021-06-23","7 day R","2020-06-22","DE","point","NA",1.1194345031937
"2021-06-23","7 day R","2020-06-22","DE","quantile","0.025",0.888133806450227
"2021-06-23","7 day R","2020-06-22","DE","quantile","0.975",1.35988857951241
"2021-06-23","7 day R","2020-06-23","DE","point","NA",1.09224149326715
"2021-06-23","7 day R","2020-06-23","DE","quantile","0.025",0.863449404527575
"2021-06-23","7 day R","2020-06-23","DE","quantile","0.975",1.32992982970186
"2021-06-23","7 day R","2020-06-24","DE","point","NA",1.06266469585526
"2021-06-23","7 day R","2020-06-24","DE","quantile","0.025",0.830686266182645
"2021-06-23","7 day R","2020-06-24","DE","quantile","0.975",1.29795044505375
"2021-06-23","7 day R","2020-06-25","DE","point","NA",1.03855891246085
"2021-06-23","7 day R","2020-06-25","DE","quantile","0.025",0.804963322116778
"2021-06-23","7 day R","2020-06-25","DE","quantile","0.975",1.27154880991427
"2021-06-23","7 day R","2020-06-26","DE","point","NA",1.02645878546672
"2021-06-23","7 day R","2020-06-26","DE","quantile","0.025",0.7967047850059
"2021-06-23","7 day R","2020-06-26","DE","quantile","0.975",1.26005390149661
"2021-06-23","7 day R","2020-06-27","DE","point","NA",1.01180429909048
"2021-06-23","7 day R","2020-06-27","DE","quantile","0.025",0.779656869258901
"2021-06-23","7 day R","2020-06-27","DE","quantile","0.975",1.24750443847601
"2021-06-23","7 day R","2020-06-28","DE","point","NA",0.997417588325722
"2021-06-23","7 day R","2020-06-28","DE","quantile","0.025",0.763751294181223
"2021-06-23","7 day R","2020-06-28","DE","quantile","0.975",1.23123779883135
"2021-06-23","7 day R","2020-06-29","DE","point","NA",0.986751268515539
"2021-06-23","7 day R","2020-06-29","DE","quantile","0.025",0.752736485528197
"2021-06-23","7 day R","2020-06-29","DE","quantile","0.975",1.21742023274125
"2021-06-23","7 day R","2020-06-30","DE","point","NA",0.979887419321062
"2021-06-23","7 day R","2020-06-30","DE","quantile","0.025",0.745982853327207
"2021-06-23","7 day R","2020-06-30","DE","quantile","0.975",1.21106895731449
"2021-06-23","7 day R","2020-07-01","DE","point","NA",0.978284605247387
"2021-06-23","7 day R","2020-07-01","DE","quantile","0.025",0.744414886226435
"2021-06-23","7 day R","2020-07-01","DE","quantile","0.975",1.20772153972933
"2021-06-23","7 day R","2020-07-02","DE","point","NA",0.97317731552309
"2021-06-23","7 day R","2020-07-02","DE","quantile","0.025",0.733848486787003
"2021-06-23","7 day R","2020-07-02","DE","quantile","0.975",1.20405914846518
"2021-06-23","7 day R","2020-07-03","DE","point","NA",0.973561196577131
"2021-06-23","7 day R","2020-07-03","DE","quantile","0.025",0.737006788966837
"2021-06-23","7 day R","2020-07-03","DE","quantile","0.975",1.2064602179955
"2021-06-23","7 day R","2020-07-04","DE","point","NA",0.979032292138482
"2021-06-23","7 day R","2020-07-04","DE","quantile","0.025",0.744322729255001
"2021-06-23","7 day R","2020-07-04","DE","quantile","0.975",1.21131993261892
"2021-06-23","7 day R","2020-07-05","DE","point","NA",0.979707769192444
"2021-06-23","7 day R","2020-07-05","DE","quantile","0.025",0.745654583027521
"2021-06-23","7 day R","2020-07-05","DE","quantile","0.975",1.21052264944306
"2021-06-23","7 day R","2020-07-06","DE","point","NA",0.976937654932184
"2021-06-23","7 day R","2020-07-06","DE","quantile","0.025",0.737974307321096
"2021-06-23","7 day R","2020-07-06","DE","quantile","0.975",1.20885803306601
"2021-06-23","7 day R","2020-07-07","DE","point","NA",0.966035598518682
"2021-06-23","7 day R","2020-07-07","DE","quantile","0.025",0.728832209935374
"2021-06-23","7 day R","2020-07-07","DE","quantile","0.975",1.19776041083493
"2021-06-23","7 day R","2020-07-08","DE","point","NA",0.963060053091136
"2021-06-23","7 day R","2020-07-08","DE","quantile","0.025",0.727789785555894
"2021-06-23","7 day R","2020-07-08","DE","quantile","0.975",1.19527959027511
"2021-06-23","7 day R","2020-07-09","DE","point","NA",0.964232074515502
"2021-06-23","7 day R","2020-07-09","DE","quantile","0.025",0.725343533275666
"2021-06-23","7 day R","2020-07-09","DE","quantile","0.975",1.19776077858515
"2021-06-23","7 day R","2020-07-10","DE","point","NA",0.977596809437514
"2021-06-23","7 day R","2020-07-10","DE","quantile","0.025",0.740996353213439
"2021-06-23","7 day R","2020-07-10","DE","quantile","0.975",1.21046362296636
"2021-06-23","7 day R","2020-07-11","DE","point","NA",0.997607772840566
"2021-06-23","7 day R","2020-07-11","DE","quantile","0.025",0.762534911008395
"2021-06-23","7 day R","2020-07-11","DE","quantile","0.975",1.23130295245256
"2021-06-23","7 day R","2020-07-12","DE","point","NA",1.01342952439995
"2021-06-23","7 day R","2020-07-12","DE","quantile","0.025",0.778138549312926
"2021-06-23","7 day R","2020-07-12","DE","quantile","0.975",1.2447166604485
"2021-06-23","7 day R","2020-07-13","DE","point","NA",1.02838032837745
"2021-06-23","7 day R","2020-07-13","DE","quantile","0.025",0.794275385613324
"2021-06-23","7 day R","2020-07-13","DE","quantile","0.975",1.25926494992939
"2021-06-23","7 day R","2020-07-14","DE","point","NA",1.04933061074907
"2021-06-23","7 day R","2020-07-14","DE","quantile","0.025",0.812888645295881
"2021-06-23","7 day R","2020-07-14","DE","quantile","0.975",1.28126902005208
"2021-06-23","7 day R","2020-07-15","DE","point","NA",1.0748941292654
"2021-06-23","7 day R","2020-07-15","DE","quantile","0.025",0.84058591995363
"2021-06-23","7 day R","2020-07-15","DE","quantile","0.975",1.30735266264408
"2021-06-23","7 day R","2020-07-16","DE","point","NA",1.09742810237018
"2021-06-23","7 day R","2020-07-16","DE","quantile","0.025",0.865847053243878
"2021-06-23","7 day R","2020-07-16","DE","quantile","0.975",1.33032723051314
"2021-06-23","7 day R","2020-07-17","DE","point","NA",1.11283190785348
"2021-06-23","7 day R","2020-07-17","DE","quantile","0.025",0.879742517284592
"2021-06-23","7 day R","2020-07-17","DE","quantile","0.975",1.34809559053711
"2021-06-23","7 day R","2020-07-18","DE","point","NA",1.12180330852548
"2021-06-23","7 day R","2020-07-18","DE","quantile","0.025",0.88775465065917
"2021-06-23","7 day R","2020-07-18","DE","quantile","0.975",1.35970494317667
"2021-06-23","7 day R","2020-07-19","DE","point","NA",1.13150100449747
"2021-06-23","7 day R","2020-07-19","DE","quantile","0.025",0.89816457128239
"2021-06-23","7 day R","2020-07-19","DE","quantile","0.975",1.36798561486644
"2021-06-23","7 day R","2020-07-20","DE","point","NA",1.13952042192532
"2021-06-23","7 day R","2020-07-20","DE","quantile","0.025",0.905951601868704
"2021-06-23","7 day R","2020-07-20","DE","quantile","0.975",1.37307628456062
"2021-06-23","7 day R","2020-07-21","DE","point","NA",1.14181319117321
"2021-06-23","7 day R","2020-07-21","DE","quantile","0.025",0.906827229950146
"2021-06-23","7 day R","2020-07-21","DE","quantile","0.975",1.37865196807368
"2021-06-23","7 day R","2020-07-22","DE","point","NA",1.14674938554764
"2021-06-23","7 day R","2020-07-22","DE","quantile","0.025",0.911056151812903
"2021-06-23","7 day R","2020-07-22","DE","quantile","0.975",1.3855883291783
"2021-06-23","7 day R","2020-07-23","DE","point","NA",1.15450088759547
"2021-06-23","7 day R","2020-07-23","DE","quantile","0.025",0.922030280500253
"2021-06-23","7 day R","2020-07-23","DE","quantile","0.975",1.38955835303233
"2021-06-23","7 day R","2020-07-24","DE","point","NA",1.16353261002596
"2021-06-23","7 day R","2020-07-24","DE","quantile","0.025",0.933241009136966
"2021-06-23","7 day R","2020-07-24","DE","quantile","0.975",1.40209876502563
"2021-06-23","7 day R","2020-07-25","DE","point","NA",1.16850085226938
"2021-06-23","7 day R","2020-07-25","DE","quantile","0.025",0.935986096109281
"2021-06-23","7 day R","2020-07-25","DE","quantile","0.975",1.40310836639659
"2021-06-23","7 day R","2020-07-26","DE","point","NA",1.16660307229011
"2021-06-23","7 day R","2020-07-26","DE","quantile","0.025",0.935554416317624
"2021-06-23","7 day R","2020-07-26","DE","quantile","0.975",1.40167354597803
"2021-06-23","7 day R","2020-07-27","DE","point","NA",1.16280600115074
"2021-06-23","7 day R","2020-07-27","DE","quantile","0.025",0.930800131738574
"2021-06-23","7 day R","2020-07-27","DE","quantile","0.975",1.3981006032534
"2021-06-23","7 day R","2020-07-28","DE","point","NA",1.17040415588186
"2021-06-23","7 day R","2020-07-28","DE","quantile","0.025",0.938380683652581
"2021-06-23","7 day R","2020-07-28","DE","quantile","0.975",1.40523088637502
"2021-06-23","7 day R","2020-07-29","DE","point","NA",1.17597810059024
"2021-06-23","7 day R","2020-07-29","DE","quantile","0.025",0.947421222679781
"2021-06-23","7 day R","2020-07-29","DE","quantile","0.975",1.41438592432612
"2021-06-23","7 day R","2020-07-30","DE","point","NA",1.1781715757151
"2021-06-23","7 day R","2020-07-30","DE","quantile","0.025",0.945544209028142
"2021-06-23","7 day R","2020-07-30","DE","quantile","0.975",1.41498297305709
"2021-06-23","7 day R","2020-07-31","DE","point","NA",1.17435944862175
"2021-06-23","7 day R","2020-07-31","DE","quantile","0.025",0.944259932766217
"2021-06-23","7 day R","2020-07-31","DE","quantile","0.975",1.40869544100999
"2021-06-23","7 day R","2020-08-01","DE","point","NA",1.172373235383
"2021-06-23","7 day R","2020-08-01","DE","quantile","0.025",0.94244629932392
"2021-06-23","7 day R","2020-08-01","DE","quantile","0.975",1.4050388068275
"2021-06-23","7 day R","2020-08-02","DE","point","NA",1.17262415338421
"2021-06-23","7 day R","2020-08-02","DE","quantile","0.025",0.942778380775601
"2021-06-23","7 day R","2020-08-02","DE","quantile","0.975",1.40641440714183
"2021-06-23","7 day R","2020-08-03","DE","point","NA",1.17886108013178
"2021-06-23","7 day R","2020-08-03","DE","quantile","0.025",0.950090934609862
"2021-06-23","7 day R","2020-08-03","DE","quantile","0.975",1.41247264003427
"2021-06-23","7 day R","2020-08-04","DE","point","NA",1.18243094294363
"2021-06-23","7 day R","2020-08-04","DE","quantile","0.025",0.952786196376628
"2021-06-23","7 day R","2020-08-04","DE","quantile","0.975",1.41531045998934
"2021-06-23","7 day R","2020-08-05","DE","point","NA",1.18593296199633
"2021-06-23","7 day R","2020-08-05","DE","quantile","0.025",0.955527070233818
"2021-06-23","7 day R","2020-08-05","DE","quantile","0.975",1.42171108199616
"2021-06-23","7 day R","2020-08-06","DE","point","NA",1.17958193734641
"2021-06-23","7 day R","2020-08-06","DE","quantile","0.025",0.947374069618351
"2021-06-23","7 day R","2020-08-06","DE","quantile","0.975",1.41160762334618
"2021-06-23","7 day R","2020-08-07","DE","point","NA",1.1775418713278
"2021-06-23","7 day R","2020-08-07","DE","quantile","0.025",0.94482340821908
"2021-06-23","7 day R","2020-08-07","DE","quantile","0.975",1.41156562868464
"2021-06-23","7 day R","2020-08-08","DE","point","NA",1.1751490342311
"2021-06-23","7 day R","2020-08-08","DE","quantile","0.025",0.940111706111966
"2021-06-23","7 day R","2020-08-08","DE","quantile","0.975",1.40840238152007
"2021-06-23","7 day R","2020-08-09","DE","point","NA",1.17472422262931
"2021-06-23","7 day R","2020-08-09","DE","quantile","0.025",0.940947286954501
"2021-06-23","7 day R","2020-08-09","DE","quantile","0.975",1.40790050164195
"2021-06-23","7 day R","2020-08-10","DE","point","NA",1.17719847090821
"2021-06-23","7 day R","2020-08-10","DE","quantile","0.025",0.942789606851293
"2021-06-23","7 day R","2020-08-10","DE","quantile","0.975",1.41071375699297
"2021-06-23","7 day R","2020-08-11","DE","point","NA",1.17575743537885
"2021-06-23","7 day R","2020-08-11","DE","quantile","0.025",0.942066737960213
"2021-06-23","7 day R","2020-08-11","DE","quantile","0.975",1.4026915983461
"2021-06-23","7 day R","2020-08-12","DE","point","NA",1.17278551427621
"2021-06-23","7 day R","2020-08-12","DE","quantile","0.025",0.942352560133387
"2021-06-23","7 day R","2020-08-12","DE","quantile","0.975",1.40471694587144
"2021-06-23","7 day R","2020-08-13","DE","point","NA",1.16778259751007
"2021-06-23","7 day R","2020-08-13","DE","quantile","0.025",0.936564049908042
"2021-06-23","7 day R","2020-08-13","DE","quantile","0.975",1.40222524531248
"2021-06-23","7 day R","2020-08-14","DE","point","NA",1.16034042051933
"2021-06-23","7 day R","2020-08-14","DE","quantile","0.025",0.930523536436001
"2021-06-23","7 day R","2020-08-14","DE","quantile","0.975",1.39295507057693
"2021-06-23","7 day R","2020-08-15","DE","point","NA",1.15238085620135
"2021-06-23","7 day R","2020-08-15","DE","quantile","0.025",0.922966566593644
"2021-06-23","7 day R","2020-08-15","DE","quantile","0.975",1.38147575778297
"2021-06-23","7 day R","2020-08-16","DE","point","NA",1.14918073492375
"2021-06-23","7 day R","2020-08-16","DE","quantile","0.025",0.919259919947138
"2021-06-23","7 day R","2020-08-16","DE","quantile","0.975",1.37942896748227
"2021-06-23","7 day R","2020-08-17","DE","point","NA",1.14763682651751
"2021-06-23","7 day R","2020-08-17","DE","quantile","0.025",0.917088570563788
"2021-06-23","7 day R","2020-08-17","DE","quantile","0.975",1.37966960762619
"2021-06-23","7 day R","2020-08-18","DE","point","NA",1.13927376413396
"2021-06-23","7 day R","2020-08-18","DE","quantile","0.025",0.909050295372765
"2021-06-23","7 day R","2020-08-18","DE","quantile","0.975",1.37387729178065
"2021-06-23","7 day R","2020-08-19","DE","point","NA",1.12683027465607
"2021-06-23","7 day R","2020-08-19","DE","quantile","0.025",0.895284866451596
"2021-06-23","7 day R","2020-08-19","DE","quantile","0.975",1.3611229508086
"2021-06-23","7 day R","2020-08-20","DE","point","NA",1.11372570841895
"2021-06-23","7 day R","2020-08-20","DE","quantile","0.025",0.88065571686987
"2021-06-23","7 day R","2020-08-20","DE","quantile","0.975",1.34844707350401
"2021-06-23","7 day R","2020-08-21","DE","point","NA",1.10196861434771
"2021-06-23","7 day R","2020-08-21","DE","quantile","0.025",0.870186686307411
"2021-06-23","7 day R","2020-08-21","DE","quantile","0.975",1.33166257185436
"2021-06-23","7 day R","2020-08-22","DE","point","NA",1.09022005451067
"2021-06-23","7 day R","2020-08-22","DE","quantile","0.025",0.858331392386849
"2021-06-23","7 day R","2020-08-22","DE","quantile","0.975",1.32353801542377
"2021-06-23","7 day R","2020-08-23","DE","point","NA",1.08108447163017
"2021-06-23","7 day R","2020-08-23","DE","quantile","0.025",0.849103979174259
"2021-06-23","7 day R","2020-08-23","DE","quantile","0.975",1.31247239136682
"2021-06-23","7 day R","2020-08-24","DE","point","NA",1.07237677263041
"2021-06-23","7 day R","2020-08-24","DE","quantile","0.025",0.841113813685489
"2021-06-23","7 day R","2020-08-24","DE","quantile","0.975",1.30500492629717
"2021-06-23","7 day R","2020-08-25","DE","point","NA",1.06290734839285
"2021-06-23","7 day R","2020-08-25","DE","quantile","0.025",0.829215858057318
"2021-06-23","7 day R","2020-08-25","DE","quantile","0.975",1.29208834957309
"2021-06-23","7 day R","2020-08-26","DE","point","NA",1.0508284829175
"2021-06-23","7 day R","2020-08-26","DE","quantile","0.025",0.816803954908413
"2021-06-23","7 day R","2020-08-26","DE","quantile","0.975",1.27765348484142
"2021-06-23","7 day R","2020-08-27","DE","point","NA",1.04290993207874
"2021-06-23","7 day R","2020-08-27","DE","quantile","0.025",0.806936434886945
"2021-06-23","7 day R","2020-08-27","DE","quantile","0.975",1.27053068720063
"2021-06-23","7 day R","2020-08-28","DE","point","NA",1.03669545861028
"2021-06-23","7 day R","2020-08-28","DE","quantile","0.025",0.801706208593966
"2021-06-23","7 day R","2020-08-28","DE","quantile","0.975",1.26594453059338
"2021-06-23","7 day R","2020-08-29","DE","point","NA",1.03276951949522
"2021-06-23","7 day R","2020-08-29","DE","quantile","0.025",0.798308350825839
"2021-06-23","7 day R","2020-08-29","DE","quantile","0.975",1.26383531950985
"2021-06-23","7 day R","2020-08-30","DE","point","NA",1.03269079351991
"2021-06-23","7 day R","2020-08-30","DE","quantile","0.025",0.79587498392563
"2021-06-23","7 day R","2020-08-30","DE","quantile","0.975",1.26629008704432
"2021-06-23","7 day R","2020-08-31","DE","point","NA",1.03459384675888
"2021-06-23","7 day R","2020-08-31","DE","quantile","0.025",0.799904320523431
"2021-06-23","7 day R","2020-08-31","DE","quantile","0.975",1.26692305302966
"2021-06-23","7 day R","2020-09-01","DE","point","NA",1.03585141852457
"2021-06-23","7 day R","2020-09-01","DE","quantile","0.025",0.801251778756351
"2021-06-23","7 day R","2020-09-01","DE","quantile","0.975",1.26700028825298
"2021-06-23","7 day R","2020-09-02","DE","point","NA",1.03770339973173
"2021-06-23","7 day R","2020-09-02","DE","quantile","0.025",0.806166975875094
"2021-06-23","7 day R","2020-09-02","DE","quantile","0.975",1.26993312521792
"2021-06-23","7 day R","2020-09-03","DE","point","NA",1.04114186129592
"2021-06-23","7 day R","2020-09-03","DE","quantile","0.025",0.80588022219016
"2021-06-23","7 day R","2020-09-03","DE","quantile","0.975",1.27149902820777
"2021-06-23","7 day R","2020-09-04","DE","point","NA",1.04684220696208
"2021-06-23","7 day R","2020-09-04","DE","quantile","0.025",0.814100187706511
"2021-06-23","7 day R","2020-09-04","DE","quantile","0.975",1.27821169865772
"2021-06-23","7 day R","2020-09-05","DE","point","NA",1.05558645823196
"2021-06-23","7 day R","2020-09-05","DE","quantile","0.025",0.824164268767443
"2021-06-23","7 day R","2020-09-05","DE","quantile","0.975",1.28816535831012
"2021-06-23","7 day R","2020-09-06","DE","point","NA",1.06584471666953
"2021-06-23","7 day R","2020-09-06","DE","quantile","0.025",0.831254458123193
"2021-06-23","7 day R","2020-09-06","DE","quantile","0.975",1.29944425561224
"2021-06-23","7 day R","2020-09-07","DE","point","NA",1.07568264183087
"2021-06-23","7 day R","2020-09-07","DE","quantile","0.025",0.842727272288713
"2021-06-23","7 day R","2020-09-07","DE","quantile","0.975",1.30943953197959
"2021-06-23","7 day R","2020-09-08","DE","point","NA",1.07639556940835
"2021-06-23","7 day R","2020-09-08","DE","quantile","0.025",0.846692593545346
"2021-06-23","7 day R","2020-09-08","DE","quantile","0.975",1.30962141685357
"2021-06-23","7 day R","2020-09-09","DE","point","NA",1.07728839649926
"2021-06-23","7 day R","2020-09-09","DE","quantile","0.025",0.844023943781552
"2021-06-23","7 day R","2020-09-09","DE","quantile","0.975",1.30972471236806
"2021-06-23","7 day R","2020-09-10","DE","point","NA",1.08140761309209
"2021-06-23","7 day R","2020-09-10","DE","quantile","0.025",0.847790960359928
"2021-06-23","7 day R","2020-09-10","DE","quantile","0.975",1.31522312858953
"2021-06-23","7 day R","2020-09-11","DE","point","NA",1.08563930905403
"2021-06-23","7 day R","2020-09-11","DE","quantile","0.025",0.849006131837711
"2021-06-23","7 day R","2020-09-11","DE","quantile","0.975",1.31912764382789
"2021-06-23","7 day R","2020-09-12","DE","point","NA",1.09230930062098
"2021-06-23","7 day R","2020-09-12","DE","quantile","0.025",0.860312755593105
"2021-06-23","7 day R","2020-09-12","DE","quantile","0.975",1.32364021203085
"2021-06-23","7 day R","2020-09-13","DE","point","NA",1.09876195123282
"2021-06-23","7 day R","2020-09-13","DE","quantile","0.025",0.866898898122084
"2021-06-23","7 day R","2020-09-13","DE","quantile","0.975",1.33466309515159
"2021-06-23","7 day R","2020-09-14","DE","point","NA",1.10355733596468
"2021-06-23","7 day R","2020-09-14","DE","quantile","0.025",0.870369818278353
"2021-06-23","7 day R","2020-09-14","DE","quantile","0.975",1.33945440953065
"2021-06-23","7 day R","2020-09-15","DE","point","NA",1.11150904193263
"2021-06-23","7 day R","2020-09-15","DE","quantile","0.025",0.878568134722843
"2021-06-23","7 day R","2020-09-15","DE","quantile","0.975",1.34561562216197
"2021-06-23","7 day R","2020-09-16","DE","point","NA",1.11436723270034
"2021-06-23","7 day R","2020-09-16","DE","quantile","0.025",0.883204812910558
"2021-06-23","7 day R","2020-09-16","DE","quantile","0.975",1.34779999400317
"2021-06-23","7 day R","2020-09-17","DE","point","NA",1.11701577770918
"2021-06-23","7 day R","2020-09-17","DE","quantile","0.025",0.887039679803799
"2021-06-23","7 day R","2020-09-17","DE","quantile","0.975",1.34877678633702
"2021-06-23","7 day R","2020-09-18","DE","point","NA",1.11829008396055
"2021-06-23","7 day R","2020-09-18","DE","quantile","0.025",0.885417393385276
"2021-06-23","7 day R","2020-09-18","DE","quantile","0.975",1.34831856675093
"2021-06-23","7 day R","2020-09-19","DE","point","NA",1.11792761374624
"2021-06-23","7 day R","2020-09-19","DE","quantile","0.025",0.884622810361802
"2021-06-23","7 day R","2020-09-19","DE","quantile","0.975",1.34968282159856
"2021-06-23","7 day R","2020-09-20","DE","point","NA",1.11291239720817
"2021-06-23","7 day R","2020-09-20","DE","quantile","0.025",0.879194289291534
"2021-06-23","7 day R","2020-09-20","DE","quantile","0.975",1.34257292386346
"2021-06-23","7 day R","2020-09-21","DE","point","NA",1.10767743254071
"2021-06-23","7 day R","2020-09-21","DE","quantile","0.025",0.875648835086785
"2021-06-23","7 day R","2020-09-21","DE","quantile","0.975",1.33942228734418
"2021-06-23","7 day R","2020-09-22","DE","point","NA",1.11087029849089
"2021-06-23","7 day R","2020-09-22","DE","quantile","0.025",0.876887954235159
"2021-06-23","7 day R","2020-09-22","DE","quantile","0.975",1.34232710867273
"2021-06-23","7 day R","2020-09-23","DE","point","NA",1.11196419429273
"2021-06-23","7 day R","2020-09-23","DE","quantile","0.025",0.877102738573666
"2021-06-23","7 day R","2020-09-23","DE","quantile","0.975",1.34178749669409
"2021-06-23","7 day R","2020-09-24","DE","point","NA",1.12301540941689
"2021-06-23","7 day R","2020-09-24","DE","quantile","0.025",0.889073315152428
"2021-06-23","7 day R","2020-09-24","DE","quantile","0.975",1.35076584017133
"2021-06-23","7 day R","2020-09-25","DE","point","NA",1.13188163023385
"2021-06-23","7 day R","2020-09-25","DE","quantile","0.025",0.897107838023431
"2021-06-23","7 day R","2020-09-25","DE","quantile","0.975",1.36376031350555
"2021-06-23","7 day R","2020-09-26","DE","point","NA",1.13990409655675
"2021-06-23","7 day R","2020-09-26","DE","quantile","0.025",0.9069244691293
"2021-06-23","7 day R","2020-09-26","DE","quantile","0.975",1.37079581550816
"2021-06-23","7 day R","2020-09-27","DE","point","NA",1.14929947890066
"2021-06-23","7 day R","2020-09-27","DE","quantile","0.025",0.913803096036114
"2021-06-23","7 day R","2020-09-27","DE","quantile","0.975",1.38088895780007
"2021-06-23","7 day R","2020-09-28","DE","point","NA",1.15696792332855
"2021-06-23","7 day R","2020-09-28","DE","quantile","0.025",0.922397950877283
"2021-06-23","7 day R","2020-09-28","DE","quantile","0.975",1.388937599828
"2021-06-23","7 day R","2020-09-29","DE","point","NA",1.16460553900885
"2021-06-23","7 day R","2020-09-29","DE","quantile","0.025",0.930527870150078
"2021-06-23","7 day R","2020-09-29","DE","quantile","0.975",1.3928017233604
"2021-06-23","7 day R","2020-09-30","DE","point","NA",1.17630541163263
"2021-06-23","7 day R","2020-09-30","DE","quantile","0.025",0.943136566340758
"2021-06-23","7 day R","2020-09-30","DE","quantile","0.975",1.40652800676317
"2021-06-23","7 day R","2020-10-01","DE","point","NA",1.18989722441128
"2021-06-23","7 day R","2020-10-01","DE","quantile","0.025",0.956839169760547
"2021-06-23","7 day R","2020-10-01","DE","quantile","0.975",1.42110649867828
"2021-06-23","7 day R","2020-10-02","DE","point","NA",1.20595418322012
"2021-06-23","7 day R","2020-10-02","DE","quantile","0.025",0.972599976063724
"2021-06-23","7 day R","2020-10-02","DE","quantile","0.975",1.43653593432196
"2021-06-23","7 day R","2020-10-03","DE","point","NA",1.22110799624039
"2021-06-23","7 day R","2020-10-03","DE","quantile","0.025",0.987484168306054
"2021-06-23","7 day R","2020-10-03","DE","quantile","0.975",1.45317104557402
"2021-06-23","7 day R","2020-10-04","DE","point","NA",1.23921146012967
"2021-06-23","7 day R","2020-10-04","DE","quantile","0.025",1.00825062764409
"2021-06-23","7 day R","2020-10-04","DE","quantile","0.975",1.47060297991535
"2021-06-23","7 day R","2020-10-05","DE","point","NA",1.25744684148047
"2021-06-23","7 day R","2020-10-05","DE","quantile","0.025",1.02494220401833
"2021-06-23","7 day R","2020-10-05","DE","quantile","0.975",1.48980793298382
"2021-06-23","7 day R","2020-10-06","DE","point","NA",1.27399173879191
"2021-06-23","7 day R","2020-10-06","DE","quantile","0.025",1.04121960043052
"2021-06-23","7 day R","2020-10-06","DE","quantile","0.975",1.50894777419299
"2021-06-23","7 day R","2020-10-07","DE","point","NA",1.2935224257929
"2021-06-23","7 day R","2020-10-07","DE","quantile","0.025",1.06220794221477
"2021-06-23","7 day R","2020-10-07","DE","quantile","0.975",1.52718015853022
"2021-06-23","7 day R","2020-10-08","DE","point","NA",1.30890805393768
"2021-06-23","7 day R","2020-10-08","DE","quantile","0.025",1.07579727038763
"2021-06-23","7 day R","2020-10-08","DE","quantile","0.975",1.54197471189748
"2021-06-23","7 day R","2020-10-09","DE","point","NA",1.31800930656709
"2021-06-23","7 day R","2020-10-09","DE","quantile","0.025",1.08572395645106
"2021-06-23","7 day R","2020-10-09","DE","quantile","0.975",1.55414539353892
"2021-06-23","7 day R","2020-10-10","DE","point","NA",1.32634074491534
"2021-06-23","7 day R","2020-10-10","DE","quantile","0.025",1.09344592353877
"2021-06-23","7 day R","2020-10-10","DE","quantile","0.975",1.56103193517257
"2021-06-23","7 day R","2020-10-11","DE","point","NA",1.336486777493
"2021-06-23","7 day R","2020-10-11","DE","quantile","0.025",1.10255854621522
"2021-06-23","7 day R","2020-10-11","DE","quantile","0.975",1.57232544606249
"2021-06-23","7 day R","2020-10-12","DE","point","NA",1.34543511733826
"2021-06-23","7 day R","2020-10-12","DE","quantile","0.025",1.11371491407132
"2021-06-23","7 day R","2020-10-12","DE","quantile","0.975",1.57976761829308
"2021-06-23","7 day R","2020-10-13","DE","point","NA",1.34239096486556
"2021-06-23","7 day R","2020-10-13","DE","quantile","0.025",1.10896000369698
"2021-06-23","7 day R","2020-10-13","DE","quantile","0.975",1.57528219654989
"2021-06-23","7 day R","2020-10-14","DE","point","NA",1.34252275866794
"2021-06-23","7 day R","2020-10-14","DE","quantile","0.025",1.10944928296081
"2021-06-23","7 day R","2020-10-14","DE","quantile","0.975",1.57455627719502
"2021-06-23","7 day R","2020-10-15","DE","point","NA",1.34303207638757
"2021-06-23","7 day R","2020-10-15","DE","quantile","0.025",1.11121958789362
"2021-06-23","7 day R","2020-10-15","DE","quantile","0.975",1.57729539291723
"2021-06-23","7 day R","2020-10-16","DE","point","NA",1.33947196371485
"2021-06-23","7 day R","2020-10-16","DE","quantile","0.025",1.10896953645564
"2021-06-23","7 day R","2020-10-16","DE","quantile","0.975",1.57368351952915
"2021-06-23","7 day R","2020-10-17","DE","point","NA",1.33655937901518
"2021-06-23","7 day R","2020-10-17","DE","quantile","0.025",1.10726091890244
"2021-06-23","7 day R","2020-10-17","DE","quantile","0.975",1.57099931527218
"2021-06-23","7 day R","2020-10-18","DE","point","NA",1.33604280124139
"2021-06-23","7 day R","2020-10-18","DE","quantile","0.025",1.10372156768626
"2021-06-23","7 day R","2020-10-18","DE","quantile","0.975",1.57132318545825
"2021-06-23","7 day R","2020-10-19","DE","point","NA",1.33828517331069
"2021-06-23","7 day R","2020-10-19","DE","quantile","0.025",1.10663745865174
"2021-06-23","7 day R","2020-10-19","DE","quantile","0.975",1.57337397274512
"2021-06-23","7 day R","2020-10-20","DE","point","NA",1.33805566297352
"2021-06-23","7 day R","2020-10-20","DE","quantile","0.025",1.10845479466226
"2021-06-23","7 day R","2020-10-20","DE","quantile","0.975",1.57009585653128
"2021-06-23","7 day R","2020-10-21","DE","point","NA",1.33417525466636
"2021-06-23","7 day R","2020-10-21","DE","quantile","0.025",1.10154209318238
"2021-06-23","7 day R","2020-10-21","DE","quantile","0.975",1.56834865315983
"2021-06-23","7 day R","2020-10-22","DE","point","NA",1.32794946262739
"2021-06-23","7 day R","2020-10-22","DE","quantile","0.025",1.09330130390585
"2021-06-23","7 day R","2020-10-22","DE","quantile","0.975",1.56516474729149
"2021-06-23","7 day R","2020-10-23","DE","point","NA",1.33697146548781
"2021-06-23","7 day R","2020-10-23","DE","quantile","0.025",1.10018674130305
"2021-06-23","7 day R","2020-10-23","DE","quantile","0.975",1.57256624666213
"2021-06-23","7 day R","2020-10-24","DE","point","NA",1.33767831501607
"2021-06-23","7 day R","2020-10-24","DE","quantile","0.025",1.10337974717089
"2021-06-23","7 day R","2020-10-24","DE","quantile","0.975",1.57386039523676
"2021-06-23","7 day R","2020-10-25","DE","point","NA",1.33328010695492
"2021-06-23","7 day R","2020-10-25","DE","quantile","0.025",1.09729784497482
"2021-06-23","7 day R","2020-10-25","DE","quantile","0.975",1.57356507161776
"2021-06-23","7 day R","2020-10-26","DE","point","NA",1.32129740913231
"2021-06-23","7 day R","2020-10-26","DE","quantile","0.025",1.08539121184906
"2021-06-23","7 day R","2020-10-26","DE","quantile","0.975",1.56207144700547
"2021-06-23","7 day R","2020-10-27","DE","point","NA",1.30970333708876
"2021-06-23","7 day R","2020-10-27","DE","quantile","0.025",1.07680667933871
"2021-06-23","7 day R","2020-10-27","DE","quantile","0.975",1.54707981755169
"2021-06-23","7 day R","2020-10-28","DE","point","NA",1.29798064571738
"2021-06-23","7 day R","2020-10-28","DE","quantile","0.025",1.06461992173892
"2021-06-23","7 day R","2020-10-28","DE","quantile","0.975",1.53608296244155
"2021-06-23","7 day R","2020-10-29","DE","point","NA",1.29192940477402
"2021-06-23","7 day R","2020-10-29","DE","quantile","0.025",1.06056446604717
"2021-06-23","7 day R","2020-10-29","DE","quantile","0.975",1.52530164211394
"2021-06-23","7 day R","2020-10-30","DE","point","NA",1.28178678473112
"2021-06-23","7 day R","2020-10-30","DE","quantile","0.025",1.04617802483703
"2021-06-23","7 day R","2020-10-30","DE","quantile","0.975",1.51583622724162
"2021-06-23","7 day R","2020-10-31","DE","point","NA",1.26991599921236
"2021-06-23","7 day R","2020-10-31","DE","quantile","0.025",1.03745590115213
"2021-06-23","7 day R","2020-10-31","DE","quantile","0.975",1.50622728266512
"2021-06-23","7 day R","2020-11-01","DE","point","NA",1.25716526877438
"2021-06-23","7 day R","2020-11-01","DE","quantile","0.025",1.02467526652282
"2021-06-23","7 day R","2020-11-01","DE","quantile","0.975",1.48932395904108
"2021-06-23","7 day R","2020-11-02","DE","point","NA",1.24161725273279
"2021-06-23","7 day R","2020-11-02","DE","quantile","0.025",1.00715259530788
"2021-06-23","7 day R","2020-11-02","DE","quantile","0.975",1.47386196470577
"2021-06-23","7 day R","2020-11-03","DE","point","NA",1.21277479550423
"2021-06-23","7 day R","2020-11-03","DE","quantile","0.025",0.982300825200984
"2021-06-23","7 day R","2020-11-03","DE","quantile","0.975",1.44327084957214
"2021-06-23","7 day R","2020-11-04","DE","point","NA",1.20257182010851
"2021-06-23","7 day R","2020-11-04","DE","quantile","0.025",0.97088557711192
"2021-06-23","7 day R","2020-11-04","DE","quantile","0.975",1.43484999430201
"2021-06-23","7 day R","2020-11-05","DE","point","NA",1.18089870136414
"2021-06-23","7 day R","2020-11-05","DE","quantile","0.025",0.94828989284201
"2021-06-23","7 day R","2020-11-05","DE","quantile","0.975",1.41387003910041
"2021-06-23","7 day R","2020-11-06","DE","point","NA",1.16173671073455
"2021-06-23","7 day R","2020-11-06","DE","quantile","0.025",0.929075685885118
"2021-06-23","7 day R","2020-11-06","DE","quantile","0.975",1.39408536405258
"2021-06-23","7 day R","2020-11-07","DE","point","NA",1.14314053983259
"2021-06-23","7 day R","2020-11-07","DE","quantile","0.025",0.91006415971861
"2021-06-23","7 day R","2020-11-07","DE","quantile","0.975",1.37484531719573
"2021-06-23","7 day R","2020-11-08","DE","point","NA",1.12696317719123
"2021-06-23","7 day R","2020-11-08","DE","quantile","0.025",0.892614390936377
"2021-06-23","7 day R","2020-11-08","DE","quantile","0.975",1.35756698630825
"2021-06-23","7 day R","2020-11-09","DE","point","NA",1.10722499779111
"2021-06-23","7 day R","2020-11-09","DE","quantile","0.025",0.873560909330879
"2021-06-23","7 day R","2020-11-09","DE","quantile","0.975",1.33719018559814
"2021-06-23","7 day R","2020-11-10","DE","point","NA",1.10267101827496
"2021-06-23","7 day R","2020-11-10","DE","quantile","0.025",0.868655125329804
"2021-06-23","7 day R","2020-11-10","DE","quantile","0.975",1.33348933056867
"2021-06-23","7 day R","2020-11-11","DE","point","NA",1.08733499373541
"2021-06-23","7 day R","2020-11-11","DE","quantile","0.025",0.853458023898813
"2021-06-23","7 day R","2020-11-11","DE","quantile","0.975",1.31740508287889
"2021-06-23","7 day R","2020-11-12","DE","point","NA",1.07926958756674
"2021-06-23","7 day R","2020-11-12","DE","quantile","0.025",0.842742459703913
"2021-06-23","7 day R","2020-11-12","DE","quantile","0.975",1.30950161080165
"2021-06-23","7 day R","2020-11-13","DE","point","NA",1.07060495344168
"2021-06-23","7 day R","2020-11-13","DE","quantile","0.025",0.834753339658173
"2021-06-23","7 day R","2020-11-13","DE","quantile","0.975",1.30277912875687
"2021-06-23","7 day R","2020-11-14","DE","point","NA",1.06205148863147
"2021-06-23","7 day R","2020-11-14","DE","quantile","0.025",0.827465243597723
"2021-06-23","7 day R","2020-11-14","DE","quantile","0.975",1.29195703185386
"2021-06-23","7 day R","2020-11-15","DE","point","NA",1.05522351541917
"2021-06-23","7 day R","2020-11-15","DE","quantile","0.025",0.818827420738421
"2021-06-23","7 day R","2020-11-15","DE","quantile","0.975",1.28686922621035
"2021-06-23","7 day R","2020-11-16","DE","point","NA",1.05576580408186
"2021-06-23","7 day R","2020-11-16","DE","quantile","0.025",0.819219162912379
"2021-06-23","7 day R","2020-11-16","DE","quantile","0.975",1.28704973076684
"2021-06-23","7 day R","2020-11-17","DE","point","NA",1.05589137085494
"2021-06-23","7 day R","2020-11-17","DE","quantile","0.025",0.820923822449385
"2021-06-23","7 day R","2020-11-17","DE","quantile","0.975",1.28798534580118
"2021-06-23","7 day R","2020-11-18","DE","point","NA",1.04767579027737
"2021-06-23","7 day R","2020-11-18","DE","quantile","0.025",0.818163343493137
"2021-06-23","7 day R","2020-11-18","DE","quantile","0.975",1.28091520282495
"2021-06-23","7 day R","2020-11-19","DE","point","NA",1.04433295760673
"2021-06-23","7 day R","2020-11-19","DE","quantile","0.025",0.812170535854694
"2021-06-23","7 day R","2020-11-19","DE","quantile","0.975",1.27411511163176
"2021-06-23","7 day R","2020-11-20","DE","point","NA",1.04002080842362
"2021-06-23","7 day R","2020-11-20","DE","quantile","0.025",0.803411810670816
"2021-06-23","7 day R","2020-11-20","DE","quantile","0.975",1.27467891262278
"2021-06-23","7 day R","2020-11-21","DE","point","NA",1.03391439181494
"2021-06-23","7 day R","2020-11-21","DE","quantile","0.025",0.796984618185175
"2021-06-23","7 day R","2020-11-21","DE","quantile","0.975",1.26870184057801
"2021-06-23","7 day R","2020-11-22","DE","point","NA",1.0316037315609
"2021-06-23","7 day R","2020-11-22","DE","quantile","0.025",0.795325114930142
"2021-06-23","7 day R","2020-11-22","DE","quantile","0.975",1.26342039544957
"2021-06-23","7 day R","2020-11-23","DE","point","NA",1.03439789931404
"2021-06-23","7 day R","2020-11-23","DE","quantile","0.025",0.800498456949208
"2021-06-23","7 day R","2020-11-23","DE","quantile","0.975",1.26291236626729
"2021-06-23","7 day R","2020-11-24","DE","point","NA",1.03567746233116
"2021-06-23","7 day R","2020-11-24","DE","quantile","0.025",0.801450833467481
"2021-06-23","7 day R","2020-11-24","DE","quantile","0.975",1.26695649454097
"2021-06-23","7 day R","2020-11-25","DE","point","NA",1.04369988972492
"2021-06-23","7 day R","2020-11-25","DE","quantile","0.025",0.80925155796027
"2021-06-23","7 day R","2020-11-25","DE","quantile","0.975",1.27193838899227
"2021-06-23","7 day R","2020-11-26","DE","point","NA",1.03975274654323
"2021-06-23","7 day R","2020-11-26","DE","quantile","0.025",0.80206992660187
"2021-06-23","7 day R","2020-11-26","DE","quantile","0.975",1.26606500161061
"2021-06-23","7 day R","2020-11-27","DE","point","NA",1.03786465735534
"2021-06-23","7 day R","2020-11-27","DE","quantile","0.025",0.804888438205257
"2021-06-23","7 day R","2020-11-27","DE","quantile","0.975",1.26556582076598
"2021-06-23","7 day R","2020-11-28","DE","point","NA",1.03696700099055
"2021-06-23","7 day R","2020-11-28","DE","quantile","0.025",0.802511392176463
"2021-06-23","7 day R","2020-11-28","DE","quantile","0.975",1.26644199961771
"2021-06-23","7 day R","2020-11-29","DE","point","NA",1.04005420880339
"2021-06-23","7 day R","2020-11-29","DE","quantile","0.025",0.802773047793045
"2021-06-23","7 day R","2020-11-29","DE","quantile","0.975",1.27110959774033
"2021-06-23","7 day R","2020-11-30","DE","point","NA",1.04844899260797
"2021-06-23","7 day R","2020-11-30","DE","quantile","0.025",0.817943858894703
"2021-06-23","7 day R","2020-11-30","DE","quantile","0.975",1.27829744150494
"2021-06-23","7 day R","2020-12-01","DE","point","NA",1.05422057537951
"2021-06-23","7 day R","2020-12-01","DE","quantile","0.025",0.824603658695296
"2021-06-23","7 day R","2020-12-01","DE","quantile","0.975",1.28433505794136
"2021-06-23","7 day R","2020-12-02","DE","point","NA",1.05582950318617
"2021-06-23","7 day R","2020-12-02","DE","quantile","0.025",0.828010129856228
"2021-06-23","7 day R","2020-12-02","DE","quantile","0.975",1.28788485149777
"2021-06-23","7 day R","2020-12-03","DE","point","NA",1.06177282558953
"2021-06-23","7 day R","2020-12-03","DE","quantile","0.025",0.831644495708968
"2021-06-23","7 day R","2020-12-03","DE","quantile","0.975",1.294625197704
"2021-06-23","7 day R","2020-12-04","DE","point","NA",1.06869954985079
"2021-06-23","7 day R","2020-12-04","DE","quantile","0.025",0.83388026043911
"2021-06-23","7 day R","2020-12-04","DE","quantile","0.975",1.30148836800671
"2021-06-23","7 day R","2020-12-05","DE","point","NA",1.07910943834162
"2021-06-23","7 day R","2020-12-05","DE","quantile","0.025",0.848073688798682
"2021-06-23","7 day R","2020-12-05","DE","quantile","0.975",1.31285550420367
"2021-06-23","7 day R","2020-12-06","DE","point","NA",1.07955600390958
"2021-06-23","7 day R","2020-12-06","DE","quantile","0.025",0.847649063429628
"2021-06-23","7 day R","2020-12-06","DE","quantile","0.975",1.31619213730305
"2021-06-23","7 day R","2020-12-07","DE","point","NA",1.07874801037758
"2021-06-23","7 day R","2020-12-07","DE","quantile","0.025",0.841338364334417
"2021-06-23","7 day R","2020-12-07","DE","quantile","0.975",1.31260452510786
"2021-06-23","7 day R","2020-12-08","DE","point","NA",1.0874357689017
"2021-06-23","7 day R","2020-12-08","DE","quantile","0.025",0.852032096143613
"2021-06-23","7 day R","2020-12-08","DE","quantile","0.975",1.32418649725422
"2021-06-23","7 day R","2020-12-09","DE","point","NA",1.08865019660914
"2021-06-23","7 day R","2020-12-09","DE","quantile","0.025",0.852873630760839
"2021-06-23","7 day R","2020-12-09","DE","quantile","0.975",1.32570023803119
"2021-06-23","7 day R","2020-12-10","DE","point","NA",1.09482852197691
"2021-06-23","7 day R","2020-12-10","DE","quantile","0.025",0.862899823258594
"2021-06-23","7 day R","2020-12-10","DE","quantile","0.975",1.33380876605038
"2021-06-23","7 day R","2020-12-11","DE","point","NA",1.0939946695492
"2021-06-23","7 day R","2020-12-11","DE","quantile","0.025",0.86018150955296
"2021-06-23","7 day R","2020-12-11","DE","quantile","0.975",1.33007358670193
"2021-06-23","7 day R","2020-12-12","DE","point","NA",1.08752288706882
"2021-06-23","7 day R","2020-12-12","DE","quantile","0.025",0.857231288734533
"2021-06-23","7 day R","2020-12-12","DE","quantile","0.975",1.32287863960836
"2021-06-23","7 day R","2020-12-13","DE","point","NA",1.08111088224683
"2021-06-23","7 day R","2020-12-13","DE","quantile","0.025",0.846512997115392
"2021-06-23","7 day R","2020-12-13","DE","quantile","0.975",1.31698885245967
"2021-06-23","7 day R","2020-12-14","DE","point","NA",1.07241624162616
"2021-06-23","7 day R","2020-12-14","DE","quantile","0.025",0.839361247233937
"2021-06-23","7 day R","2020-12-14","DE","quantile","0.975",1.3100242610694
"2021-06-23","7 day R","2020-12-15","DE","point","NA",1.07224250622416
"2021-06-23","7 day R","2020-12-15","DE","quantile","0.025",0.841506303386268
"2021-06-23","7 day R","2020-12-15","DE","quantile","0.975",1.30608200413956
"2021-06-23","7 day R","2020-12-16","DE","point","NA",1.0645438751364
"2021-06-23","7 day R","2020-12-16","DE","quantile","0.025",0.832390536736662
"2021-06-23","7 day R","2020-12-16","DE","quantile","0.975",1.29646129279071
"2021-06-23","7 day R","2020-12-17","DE","point","NA",1.05901610069251
"2021-06-23","7 day R","2020-12-17","DE","quantile","0.025",0.827769151059685
"2021-06-23","7 day R","2020-12-17","DE","quantile","0.975",1.29235619970386
"2021-06-23","7 day R","2020-12-18","DE","point","NA",1.05421122130501
"2021-06-23","7 day R","2020-12-18","DE","quantile","0.025",0.82010629185608
"2021-06-23","7 day R","2020-12-18","DE","quantile","0.975",1.2876012177036
"2021-06-23","7 day R","2020-12-19","DE","point","NA",1.04042275331265
"2021-06-23","7 day R","2020-12-19","DE","quantile","0.025",0.809281763936202
"2021-06-23","7 day R","2020-12-19","DE","quantile","0.975",1.27205523386785
"2021-06-23","7 day R","2020-12-20","DE","point","NA",1.02794434197088
"2021-06-23","7 day R","2020-12-20","DE","quantile","0.025",0.798005331385177
"2021-06-23","7 day R","2020-12-20","DE","quantile","0.975",1.26109434963218
"2021-06-23","7 day R","2020-12-21","DE","point","NA",1.02109803931815
"2021-06-23","7 day R","2020-12-21","DE","quantile","0.025",0.788199707522709
"2021-06-23","7 day R","2020-12-21","DE","quantile","0.975",1.25261637588862
"2021-06-23","7 day R","2020-12-22","DE","point","NA",1.0081004374812
"2021-06-23","7 day R","2020-12-22","DE","quantile","0.025",0.775731648998086
"2021-06-23","7 day R","2020-12-22","DE","quantile","0.975",1.24075969955875
"2021-06-23","7 day R","2020-12-23","DE","point","NA",0.988757460133697
"2021-06-23","7 day R","2020-12-23","DE","quantile","0.025",0.751910440032357
"2021-06-23","7 day R","2020-12-23","DE","quantile","0.975",1.22025765264019
"2021-06-23","7 day R","2020-12-24","DE","point","NA",0.973504371187889
"2021-06-23","7 day R","2020-12-24","DE","quantile","0.025",0.73968570310374
"2021-06-23","7 day R","2020-12-24","DE","quantile","0.975",1.20485947999962
"2021-06-23","7 day R","2020-12-25","DE","point","NA",0.963544551469197
"2021-06-23","7 day R","2020-12-25","DE","quantile","0.025",0.729165185983751
"2021-06-23","7 day R","2020-12-25","DE","quantile","0.975",1.19509601800281
"2021-06-23","7 day R","2020-12-26","DE","point","NA",0.969390074285556
"2021-06-23","7 day R","2020-12-26","DE","quantile","0.025",0.731288567784975
"2021-06-23","7 day R","2020-12-26","DE","quantile","0.975",1.20151716068987
"2021-06-23","7 day R","2020-12-27","DE","point","NA",0.979793734406854
"2021-06-23","7 day R","2020-12-27","DE","quantile","0.025",0.744313053984018
"2021-06-23","7 day R","2020-12-27","DE","quantile","0.975",1.21199552095561
"2021-06-23","7 day R","2020-12-28","DE","point","NA",0.986756166194858
"2021-06-23","7 day R","2020-12-28","DE","quantile","0.025",0.749512856807144
"2021-06-23","7 day R","2020-12-28","DE","quantile","0.975",1.21925495175398
"2021-06-23","7 day R","2020-12-29","DE","point","NA",0.991136035079106
"2021-06-23","7 day R","2020-12-29","DE","quantile","0.025",0.75370471146157
"2021-06-23","7 day R","2020-12-29","DE","quantile","0.975",1.22341162257496
"2021-06-23","7 day R","2020-12-30","DE","point","NA",0.9980312186551
"2021-06-23","7 day R","2020-12-30","DE","quantile","0.025",0.762793715404465
"2021-06-23","7 day R","2020-12-30","DE","quantile","0.975",1.22966797283962
"2021-06-23","7 day R","2020-12-31","DE","point","NA",0.980019812863782
"2021-06-23","7 day R","2020-12-31","DE","quantile","0.025",0.741911309550497
"2021-06-23","7 day R","2020-12-31","DE","quantile","0.975",1.2111590127323
"2021-06-23","7 day R","2021-01-01","DE","point","NA",0.973118356908806
"2021-06-23","7 day R","2021-01-01","DE","quantile","0.025",0.737236730023204
"2021-06-23","7 day R","2021-01-01","DE","quantile","0.975",1.2073993390275
"2021-06-23","7 day R","2021-01-02","DE","point","NA",0.98011116579353
"2021-06-23","7 day R","2021-01-02","DE","quantile","0.025",0.747098542464102
"2021-06-23","7 day R","2021-01-02","DE","quantile","0.975",1.21345402839395
"2021-06-23","7 day R","2021-01-03","DE","point","NA",0.994708006063856
"2021-06-23","7 day R","2021-01-03","DE","quantile","0.025",0.7606216874797
"2021-06-23","7 day R","2021-01-03","DE","quantile","0.975",1.22715475590288
"2021-06-23","7 day R","2021-01-04","DE","point","NA",1.00721231105628
"2021-06-23","7 day R","2021-01-04","DE","quantile","0.025",0.775114655137204
"2021-06-23","7 day R","2021-01-04","DE","quantile","0.975",1.24084813354912
"2021-06-23","7 day R","2021-01-05","DE","point","NA",1.01755440714087
"2021-06-23","7 day R","2021-01-05","DE","quantile","0.025",0.785932402096393
"2021-06-23","7 day R","2021-01-05","DE","quantile","0.975",1.25050785839869
"2021-06-23","7 day R","2021-01-06","DE","point","NA",1.02799929395347
"2021-06-23","7 day R","2021-01-06","DE","quantile","0.025",0.797631850327579
"2021-06-23","7 day R","2021-01-06","DE","quantile","0.975",1.26302771483616
"2021-06-23","7 day R","2021-01-07","DE","point","NA",1.03803046799256
"2021-06-23","7 day R","2021-01-07","DE","quantile","0.025",0.80294533516689
"2021-06-23","7 day R","2021-01-07","DE","quantile","0.975",1.27541187056337
"2021-06-23","7 day R","2021-01-08","DE","point","NA",1.02132152449813
"2021-06-23","7 day R","2021-01-08","DE","quantile","0.025",0.786791845696347
"2021-06-23","7 day R","2021-01-08","DE","quantile","0.975",1.26035924520216
"2021-06-23","7 day R","2021-01-09","DE","point","NA",1.00376450836066
"2021-06-23","7 day R","2021-01-09","DE","quantile","0.025",0.769811818190465
"2021-06-23","7 day R","2021-01-09","DE","quantile","0.975",1.23950501462501
"2021-06-23","7 day R","2021-01-10","DE","point","NA",0.985341752047266
"2021-06-23","7 day R","2021-01-10","DE","quantile","0.025",0.748272683862377
"2021-06-23","7 day R","2021-01-10","DE","quantile","0.975",1.21743200125107
"2021-06-23","7 day R","2021-01-11","DE","point","NA",0.975943300386878
"2021-06-23","7 day R","2021-01-11","DE","quantile","0.025",0.740585772508348
"2021-06-23","7 day R","2021-01-11","DE","quantile","0.975",1.2098204856961
"2021-06-23","7 day R","2021-01-12","DE","point","NA",0.967685467427104
"2021-06-23","7 day R","2021-01-12","DE","quantile","0.025",0.733258742251871
"2021-06-23","7 day R","2021-01-12","DE","quantile","0.975",1.20274884813835
"2021-06-23","7 day R","2021-01-13","DE","point","NA",0.949305860803563
"2021-06-23","7 day R","2021-01-13","DE","quantile","0.025",0.713972702376895
"2021-06-23","7 day R","2021-01-13","DE","quantile","0.975",1.18021254152215
"2021-06-23","7 day R","2021-01-14","DE","point","NA",0.936278886300597
"2021-06-23","7 day R","2021-01-14","DE","quantile","0.025",0.702237283726753
"2021-06-23","7 day R","2021-01-14","DE","quantile","0.975",1.16827646094792
"2021-06-23","7 day R","2021-01-15","DE","point","NA",0.927268269684345
"2021-06-23","7 day R","2021-01-15","DE","quantile","0.025",0.691165805124355
"2021-06-23","7 day R","2021-01-15","DE","quantile","0.975",1.15603894459335
"2021-06-23","7 day R","2021-01-16","DE","point","NA",0.92602331564314
"2021-06-23","7 day R","2021-01-16","DE","quantile","0.025",0.692597371147936
"2021-06-23","7 day R","2021-01-16","DE","quantile","0.975",1.1569631162095
"2021-06-23","7 day R","2021-01-17","DE","point","NA",0.926018249547878
"2021-06-23","7 day R","2021-01-17","DE","quantile","0.025",0.690182513790421
"2021-06-23","7 day R","2021-01-17","DE","quantile","0.975",1.15758724669317
"2021-06-23","7 day R","2021-01-18","DE","point","NA",0.919735559816048
"2021-06-23","7 day R","2021-01-18","DE","quantile","0.025",0.685304955565672
"2021-06-23","7 day R","2021-01-18","DE","quantile","0.975",1.15041978054644
"2021-06-23","7 day R","2021-01-19","DE","point","NA",0.912815792537847
"2021-06-23","7 day R","2021-01-19","DE","quantile","0.025",0.679845036926966
"2021-06-23","7 day R","2021-01-19","DE","quantile","0.975",1.14321196233727
"2021-06-23","7 day R","2021-01-20","DE","point","NA",0.911517129632279
"2021-06-23","7 day R","2021-01-20","DE","quantile","0.025",0.679527438503305
"2021-06-23","7 day R","2021-01-20","DE","quantile","0.975",1.14300998568688
"2021-06-23","7 day R","2021-01-21","DE","point","NA",0.900859851270114
"2021-06-23","7 day R","2021-01-21","DE","quantile","0.025",0.669833148175953
"2021-06-23","7 day R","2021-01-21","DE","quantile","0.975",1.13115568000689
"2021-06-23","7 day R","2021-01-22","DE","point","NA",0.904962363570678
"2021-06-23","7 day R","2021-01-22","DE","quantile","0.025",0.675961120753826
"2021-06-23","7 day R","2021-01-22","DE","quantile","0.975",1.13572950816881
"2021-06-23","7 day R","2021-01-23","DE","point","NA",0.903269654686194
"2021-06-23","7 day R","2021-01-23","DE","quantile","0.025",0.671406333067221
"2021-06-23","7 day R","2021-01-23","DE","quantile","0.975",1.13315528402791
"2021-06-23","7 day R","2021-01-24","DE","point","NA",0.902127990518634
"2021-06-23","7 day R","2021-01-24","DE","quantile","0.025",0.666998798880365
"2021-06-23","7 day R","2021-01-24","DE","quantile","0.975",1.13451974600242
"2021-06-23","7 day R","2021-01-25","DE","point","NA",0.895610136729768
"2021-06-23","7 day R","2021-01-25","DE","quantile","0.025",0.661630359093543
"2021-06-23","7 day R","2021-01-25","DE","quantile","0.975",1.12775675103526
"2021-06-23","7 day R","2021-01-26","DE","point","NA",0.889969197476018
"2021-06-23","7 day R","2021-01-26","DE","quantile","0.025",0.652170607355646
"2021-06-23","7 day R","2021-01-26","DE","quantile","0.975",1.12227832680377
"2021-06-23","7 day R","2021-01-27","DE","point","NA",0.890493686370437
"2021-06-23","7 day R","2021-01-27","DE","quantile","0.025",0.659069340353812
"2021-06-23","7 day R","2021-01-27","DE","quantile","0.975",1.12366407341092
"2021-06-23","7 day R","2021-01-28","DE","point","NA",0.895876335566439
"2021-06-23","7 day R","2021-01-28","DE","quantile","0.025",0.662587301051416
"2021-06-23","7 day R","2021-01-28","DE","quantile","0.975",1.13030957651839
"2021-06-23","7 day R","2021-01-29","DE","point","NA",0.900222874602938
"2021-06-23","7 day R","2021-01-29","DE","quantile","0.025",0.667150495467697
"2021-06-23","7 day R","2021-01-29","DE","quantile","0.975",1.13274399580582
"2021-06-23","7 day R","2021-01-30","DE","point","NA",0.900642766092968
"2021-06-23","7 day R","2021-01-30","DE","quantile","0.025",0.668042707199641
"2021-06-23","7 day R","2021-01-30","DE","quantile","0.975",1.13124121385781
"2021-06-23","7 day R","2021-01-31","DE","point","NA",0.889201965017518
"2021-06-23","7 day R","2021-01-31","DE","quantile","0.025",0.658860324002037
"2021-06-23","7 day R","2021-01-31","DE","quantile","0.975",1.12274009356472
"2021-06-23","7 day R","2021-02-01","DE","point","NA",0.886064014757113
"2021-06-23","7 day R","2021-02-01","DE","quantile","0.025",0.655294817292203
"2021-06-23","7 day R","2021-02-01","DE","quantile","0.975",1.11755169413243
"2021-06-23","7 day R","2021-02-02","DE","point","NA",0.883205364904829
"2021-06-23","7 day R","2021-02-02","DE","quantile","0.025",0.648465371680692
"2021-06-23","7 day R","2021-02-02","DE","quantile","0.975",1.11351185046135
"2021-06-23","7 day R","2021-02-03","DE","point","NA",0.883843705069388
"2021-06-23","7 day R","2021-02-03","DE","quantile","0.025",0.648659290354387
"2021-06-23","7 day R","2021-02-03","DE","quantile","0.975",1.11368226145047
"2021-06-23","7 day R","2021-02-04","DE","point","NA",0.889964796646316
"2021-06-23","7 day R","2021-02-04","DE","quantile","0.025",0.657225590740612
"2021-06-23","7 day R","2021-02-04","DE","quantile","0.975",1.12069288739293
"2021-06-23","7 day R","2021-02-05","DE","point","NA",0.895031687673374
"2021-06-23","7 day R","2021-02-05","DE","quantile","0.025",0.66045303848529
"2021-06-23","7 day R","2021-02-05","DE","quantile","0.975",1.12564575509877
"2021-06-23","7 day R","2021-02-06","DE","point","NA",0.896472663052048
"2021-06-23","7 day R","2021-02-06","DE","quantile","0.025",0.66215438912238
"2021-06-23","7 day R","2021-02-06","DE","quantile","0.975",1.12655404955504
"2021-06-23","7 day R","2021-02-07","DE","point","NA",0.897539115795042
"2021-06-23","7 day R","2021-02-07","DE","quantile","0.025",0.663430441816545
"2021-06-23","7 day R","2021-02-07","DE","quantile","0.975",1.12934265932278
"2021-06-23","7 day R","2021-02-08","DE","point","NA",0.893834374919213
"2021-06-23","7 day R","2021-02-08","DE","quantile","0.025",0.660055645854887
"2021-06-23","7 day R","2021-02-08","DE","quantile","0.975",1.12547553103773
"2021-06-23","7 day R","2021-02-09","DE","point","NA",0.891373943410424
"2021-06-23","7 day R","2021-02-09","DE","quantile","0.025",0.655082275602888
"2021-06-23","7 day R","2021-02-09","DE","quantile","0.975",1.12586912703911
"2021-06-23","7 day R","2021-02-10","DE","point","NA",0.896058004338357
"2021-06-23","7 day R","2021-02-10","DE","quantile","0.025",0.661630141009668
"2021-06-23","7 day R","2021-02-10","DE","quantile","0.975",1.12825977150772
"2021-06-23","7 day R","2021-02-11","DE","point","NA",0.907993788890883
"2021-06-23","7 day R","2021-02-11","DE","quantile","0.025",0.673963741366504
"2021-06-23","7 day R","2021-02-11","DE","quantile","0.975",1.13936940046953
"2021-06-23","7 day R","2021-02-12","DE","point","NA",0.920579748847869
"2021-06-23","7 day R","2021-02-12","DE","quantile","0.025",0.684487014001667
"2021-06-23","7 day R","2021-02-12","DE","quantile","0.975",1.1511305558152
"2021-06-23","7 day R","2021-02-13","DE","point","NA",0.929511132780309
"2021-06-23","7 day R","2021-02-13","DE","quantile","0.025",0.693615975711587
"2021-06-23","7 day R","2021-02-13","DE","quantile","0.975",1.16199487081799
"2021-06-23","7 day R","2021-02-14","DE","point","NA",0.939303025869398
"2021-06-23","7 day R","2021-02-14","DE","quantile","0.025",0.704044895136915
"2021-06-23","7 day R","2021-02-14","DE","quantile","0.975",1.17246207166492
"2021-06-23","7 day R","2021-02-15","DE","point","NA",0.946591970564612
"2021-06-23","7 day R","2021-02-15","DE","quantile","0.025",0.711652650018709
"2021-06-23","7 day R","2021-02-15","DE","quantile","0.975",1.17908968519569
"2021-06-23","7 day R","2021-02-16","DE","point","NA",0.952729103669088
"2021-06-23","7 day R","2021-02-16","DE","quantile","0.025",0.717325744155334
"2021-06-23","7 day R","2021-02-16","DE","quantile","0.975",1.18574911189615
"2021-06-23","7 day R","2021-02-17","DE","point","NA",0.962998723902751
"2021-06-23","7 day R","2021-02-17","DE","quantile","0.025",0.729239743979616
"2021-06-23","7 day R","2021-02-17","DE","quantile","0.975",1.19737281552082
"2021-06-23","7 day R","2021-02-18","DE","point","NA",0.97709892515561
"2021-06-23","7 day R","2021-02-18","DE","quantile","0.025",0.744596738693841
"2021-06-23","7 day R","2021-02-18","DE","quantile","0.975",1.2109336979284
"2021-06-23","7 day R","2021-02-19","DE","point","NA",0.989699084191828
"2021-06-23","7 day R","2021-02-19","DE","quantile","0.025",0.75661622065743
"2021-06-23","7 day R","2021-02-19","DE","quantile","0.975",1.22276011873968
"2021-06-23","7 day R","2021-02-20","DE","point","NA",0.999504963179174
"2021-06-23","7 day R","2021-02-20","DE","quantile","0.025",0.769141923805437
"2021-06-23","7 day R","2021-02-20","DE","quantile","0.975",1.23156668075007
"2021-06-23","7 day R","2021-02-21","DE","point","NA",1.00768943547244
"2021-06-23","7 day R","2021-02-21","DE","quantile","0.025",0.775237674401527
"2021-06-23","7 day R","2021-02-21","DE","quantile","0.975",1.23776717536071
"2021-06-23","7 day R","2021-02-22","DE","point","NA",1.0112006299571
"2021-06-23","7 day R","2021-02-22","DE","quantile","0.025",0.782595272674837
"2021-06-23","7 day R","2021-02-22","DE","quantile","0.975",1.24343309269585
"2021-06-23","7 day R","2021-02-23","DE","point","NA",1.01425429533338
"2021-06-23","7 day R","2021-02-23","DE","quantile","0.025",0.781831937935827
"2021-06-23","7 day R","2021-02-23","DE","quantile","0.975",1.24667554131369
"2021-06-23","7 day R","2021-02-24","DE","point","NA",1.02369395782204
"2021-06-23","7 day R","2021-02-24","DE","quantile","0.025",0.791752761104041
"2021-06-23","7 day R","2021-02-24","DE","quantile","0.975",1.25612838156227
"2021-06-23","7 day R","2021-02-25","DE","point","NA",1.03392176611959
"2021-06-23","7 day R","2021-02-25","DE","quantile","0.025",0.801853918607218
"2021-06-23","7 day R","2021-02-25","DE","quantile","0.975",1.26347978229754
"2021-06-23","7 day R","2021-02-26","DE","point","NA",1.04173218023535
"2021-06-23","7 day R","2021-02-26","DE","quantile","0.025",0.808822314514923
"2021-06-23","7 day R","2021-02-26","DE","quantile","0.975",1.27384392679516
"2021-06-23","7 day R","2021-02-27","DE","point","NA",1.047733923564
"2021-06-23","7 day R","2021-02-27","DE","quantile","0.025",0.815584101462192
"2021-06-23","7 day R","2021-02-27","DE","quantile","0.975",1.2811745027191
"2021-06-23","7 day R","2021-02-28","DE","point","NA",1.05232670508912
"2021-06-23","7 day R","2021-02-28","DE","quantile","0.025",0.82141887834486
"2021-06-23","7 day R","2021-02-28","DE","quantile","0.975",1.28534230353726
"2021-06-23","7 day R","2021-03-01","DE","point","NA",1.05439396198435
"2021-06-23","7 day R","2021-03-01","DE","quantile","0.025",0.823724395386861
"2021-06-23","7 day R","2021-03-01","DE","quantile","0.975",1.28761063866978
"2021-06-23","7 day R","2021-03-02","DE","point","NA",1.05644379150541
"2021-06-23","7 day R","2021-03-02","DE","quantile","0.025",0.822928847064051
"2021-06-23","7 day R","2021-03-02","DE","quantile","0.975",1.28943443433831
"2021-06-23","7 day R","2021-03-03","DE","point","NA",1.06450507242994
"2021-06-23","7 day R","2021-03-03","DE","quantile","0.025",0.834003867714228
"2021-06-23","7 day R","2021-03-03","DE","quantile","0.975",1.29912185915323
"2021-06-23","7 day R","2021-03-04","DE","point","NA",1.07731591845427
"2021-06-23","7 day R","2021-03-04","DE","quantile","0.025",0.845308911548535
"2021-06-23","7 day R","2021-03-04","DE","quantile","0.975",1.31103375971921
"2021-06-23","7 day R","2021-03-05","DE","point","NA",1.08781465923909
"2021-06-23","7 day R","2021-03-05","DE","quantile","0.025",0.858317219888421
"2021-06-23","7 day R","2021-03-05","DE","quantile","0.975",1.31959501033159
"2021-06-23","7 day R","2021-03-06","DE","point","NA",1.0991729761647
"2021-06-23","7 day R","2021-03-06","DE","quantile","0.025",0.868094183212059
"2021-06-23","7 day R","2021-03-06","DE","quantile","0.975",1.33443223354222
"2021-06-23","7 day R","2021-03-07","DE","point","NA",1.10918663117053
"2021-06-23","7 day R","2021-03-07","DE","quantile","0.025",0.875980350109958
"2021-06-23","7 day R","2021-03-07","DE","quantile","0.975",1.34703291953119
"2021-06-23","7 day R","2021-03-08","DE","point","NA",1.116940358254
"2021-06-23","7 day R","2021-03-08","DE","quantile","0.025",0.883648909887844
"2021-06-23","7 day R","2021-03-08","DE","quantile","0.975",1.35059827975849
"2021-06-23","7 day R","2021-03-09","DE","point","NA",1.12713978577221
"2021-06-23","7 day R","2021-03-09","DE","quantile","0.025",0.895233488359577
"2021-06-23","7 day R","2021-03-09","DE","quantile","0.975",1.36244192185333
"2021-06-23","7 day R","2021-03-10","DE","point","NA",1.14542999250603
"2021-06-23","7 day R","2021-03-10","DE","quantile","0.025",0.912610831066076
"2021-06-23","7 day R","2021-03-10","DE","quantile","0.975",1.37980947776273
"2021-06-23","7 day R","2021-03-11","DE","point","NA",1.13843484207084
"2021-06-23","7 day R","2021-03-11","DE","quantile","0.025",0.906930315679683
"2021-06-23","7 day R","2021-03-11","DE","quantile","0.975",1.372978333618
"2021-06-23","7 day R","2021-03-12","DE","point","NA",1.15471472458317
"2021-06-23","7 day R","2021-03-12","DE","quantile","0.025",0.923234030072953
"2021-06-23","7 day R","2021-03-12","DE","quantile","0.975",1.39033425526191
"2021-06-23","7 day R","2021-03-13","DE","point","NA",1.16635707971562
"2021-06-23","7 day R","2021-03-13","DE","quantile","0.025",0.935363419120191
"2021-06-23","7 day R","2021-03-13","DE","quantile","0.975",1.39974372558384
"2021-06-23","7 day R","2021-03-14","DE","point","NA",1.17622511811967
"2021-06-23","7 day R","2021-03-14","DE","quantile","0.025",0.946624936746898
"2021-06-23","7 day R","2021-03-14","DE","quantile","0.975",1.41243592687089
"2021-06-23","7 day R","2021-03-15","DE","point","NA",1.18008685203998
"2021-06-23","7 day R","2021-03-15","DE","quantile","0.025",0.947280569729209
"2021-06-23","7 day R","2021-03-15","DE","quantile","0.975",1.41657363934486
"2021-06-23","7 day R","2021-03-16","DE","point","NA",1.18373279064805
"2021-06-23","7 day R","2021-03-16","DE","quantile","0.025",0.950464447402008
"2021-06-23","7 day R","2021-03-16","DE","quantile","0.975",1.41869411538778
"2021-06-23","7 day R","2021-03-17","DE","point","NA",1.17821170883527
"2021-06-23","7 day R","2021-03-17","DE","quantile","0.025",0.945473595741061
"2021-06-23","7 day R","2021-03-17","DE","quantile","0.975",1.41433830580035
"2021-06-23","7 day R","2021-03-18","DE","point","NA",1.19509454109271
"2021-06-23","7 day R","2021-03-18","DE","quantile","0.025",0.963607746143379
"2021-06-23","7 day R","2021-03-18","DE","quantile","0.975",1.43172598499574
"2021-06-23","7 day R","2021-03-19","DE","point","NA",1.18395829134795
"2021-06-23","7 day R","2021-03-19","DE","quantile","0.025",0.953381865091064
"2021-06-23","7 day R","2021-03-19","DE","quantile","0.975",1.41836762060032
"2021-06-23","7 day R","2021-03-20","DE","point","NA",1.17394254037842
"2021-06-23","7 day R","2021-03-20","DE","quantile","0.025",0.942804295798702
"2021-06-23","7 day R","2021-03-20","DE","quantile","0.975",1.40905991390945
"2021-06-23","7 day R","2021-03-21","DE","point","NA",1.16424005786771
"2021-06-23","7 day R","2021-03-21","DE","quantile","0.025",0.932498018882336
"2021-06-23","7 day R","2021-03-21","DE","quantile","0.975",1.39598359065971
"2021-06-23","7 day R","2021-03-22","DE","point","NA",1.16700059984881
"2021-06-23","7 day R","2021-03-22","DE","quantile","0.025",0.934554166119355
"2021-06-23","7 day R","2021-03-22","DE","quantile","0.975",1.40243847988584
"2021-06-23","7 day R","2021-03-23","DE","point","NA",1.16918888161506
"2021-06-23","7 day R","2021-03-23","DE","quantile","0.025",0.938849771252192
"2021-06-23","7 day R","2021-03-23","DE","quantile","0.975",1.40238731546462
"2021-06-23","7 day R","2021-03-24","DE","point","NA",1.16160391659266
"2021-06-23","7 day R","2021-03-24","DE","quantile","0.025",0.929323647930785
"2021-06-23","7 day R","2021-03-24","DE","quantile","0.975",1.39660378887025
"2021-06-23","7 day R","2021-03-25","DE","point","NA",1.15042140049929
"2021-06-23","7 day R","2021-03-25","DE","quantile","0.025",0.917176415781246
"2021-06-23","7 day R","2021-03-25","DE","quantile","0.975",1.3820506755039
"2021-06-23","7 day R","2021-03-26","DE","point","NA",1.14097112734276
"2021-06-23","7 day R","2021-03-26","DE","quantile","0.025",0.908738905300102
"2021-06-23","7 day R","2021-03-26","DE","quantile","0.975",1.37269984681072
"2021-06-23","7 day R","2021-03-27","DE","point","NA",1.12915149752845
"2021-06-23","7 day R","2021-03-27","DE","quantile","0.025",0.897584946717308
"2021-06-23","7 day R","2021-03-27","DE","quantile","0.975",1.35674114839005
"2021-06-23","7 day R","2021-03-28","DE","point","NA",1.11580545526253
"2021-06-23","7 day R","2021-03-28","DE","quantile","0.025",0.883560466778546
"2021-06-23","7 day R","2021-03-28","DE","quantile","0.975",1.34669460969364
"2021-06-23","7 day R","2021-03-29","DE","point","NA",1.11103840512243
"2021-06-23","7 day R","2021-03-29","DE","quantile","0.025",0.879691588529911
"2021-06-23","7 day R","2021-03-29","DE","quantile","0.975",1.34266921082262
"2021-06-23","7 day R","2021-03-30","DE","point","NA",1.10533937838152
"2021-06-23","7 day R","2021-03-30","DE","quantile","0.025",0.872991251381359
"2021-06-23","7 day R","2021-03-30","DE","quantile","0.975",1.33838254784082
"2021-06-23","7 day R","2021-03-31","DE","point","NA",1.09160583258276
"2021-06-23","7 day R","2021-03-31","DE","quantile","0.025",0.855267775752277
"2021-06-23","7 day R","2021-03-31","DE","quantile","0.975",1.31883623916259
"2021-06-23","7 day R","2021-04-01","DE","point","NA",1.07850107729126
"2021-06-23","7 day R","2021-04-01","DE","quantile","0.025",0.84526229440131
"2021-06-23","7 day R","2021-04-01","DE","quantile","0.975",1.30699679352076
"2021-06-23","7 day R","2021-04-02","DE","point","NA",1.06754793056498
"2021-06-23","7 day R","2021-04-02","DE","quantile","0.025",0.833415046582852
"2021-06-23","7 day R","2021-04-02","DE","quantile","0.975",1.29511757137583
"2021-06-23","7 day R","2021-04-03","DE","point","NA",1.06301038375334
"2021-06-23","7 day R","2021-04-03","DE","quantile","0.025",0.827309936036895
"2021-06-23","7 day R","2021-04-03","DE","quantile","0.975",1.29155048219295
"2021-06-23","7 day R","2021-04-04","DE","point","NA",1.07310563038181
"2021-06-23","7 day R","2021-04-04","DE","quantile","0.025",0.839686555604366
"2021-06-23","7 day R","2021-04-04","DE","quantile","0.975",1.30293586585116
"2021-06-23","7 day R","2021-04-05","DE","point","NA",1.07855567258517
"2021-06-23","7 day R","2021-04-05","DE","quantile","0.025",0.847427273296161
"2021-06-23","7 day R","2021-04-05","DE","quantile","0.975",1.30782255691733
"2021-06-23","7 day R","2021-04-06","DE","point","NA",1.08937545777925
"2021-06-23","7 day R","2021-04-06","DE","quantile","0.025",0.859433128121654
"2021-06-23","7 day R","2021-04-06","DE","quantile","0.975",1.32000053750939
"2021-06-23","7 day R","2021-04-07","DE","point","NA",1.11954903818509
"2021-06-23","7 day R","2021-04-07","DE","quantile","0.025",0.887698506147643
"2021-06-23","7 day R","2021-04-07","DE","quantile","0.975",1.35515847842064
"2021-06-23","7 day R","2021-04-08","DE","point","NA",1.12655868508894
"2021-06-23","7 day R","2021-04-08","DE","quantile","0.025",0.89533943808945
"2021-06-23","7 day R","2021-04-08","DE","quantile","0.975",1.36164241671439
"2021-06-23","7 day R","2021-04-09","DE","point","NA",1.12653221403622
"2021-06-23","7 day R","2021-04-09","DE","quantile","0.025",0.89525186714001
"2021-06-23","7 day R","2021-04-09","DE","quantile","0.975",1.36122997733007
"2021-06-23","7 day R","2021-04-10","DE","point","NA",1.12152561489104
"2021-06-23","7 day R","2021-04-10","DE","quantile","0.025",0.889882781464272
"2021-06-23","7 day R","2021-04-10","DE","quantile","0.975",1.3523345355909
"2021-06-23","7 day R","2021-04-11","DE","point","NA",1.11521436950569
"2021-06-23","7 day R","2021-04-11","DE","quantile","0.025",0.883368212660816
"2021-06-23","7 day R","2021-04-11","DE","quantile","0.975",1.34527331701205
"2021-06-23","7 day R","2021-04-12","DE","point","NA",1.11686921524599
"2021-06-23","7 day R","2021-04-12","DE","quantile","0.025",0.889556652397073
"2021-06-23","7 day R","2021-04-12","DE","quantile","0.975",1.34726730557984
"2021-06-23","7 day R","2021-04-13","DE","point","NA",1.1158186395675
"2021-06-23","7 day R","2021-04-13","DE","quantile","0.025",0.887139314184565
"2021-06-23","7 day R","2021-04-13","DE","quantile","0.975",1.3487586678372
"2021-06-23","7 day R","2021-04-14","DE","point","NA",1.10420439693347
"2021-06-23","7 day R","2021-04-14","DE","quantile","0.025",0.876604774858175
"2021-06-23","7 day R","2021-04-14","DE","quantile","0.975",1.33631801605175
"2021-06-23","7 day R","2021-04-15","DE","point","NA",1.08988033651038
"2021-06-23","7 day R","2021-04-15","DE","quantile","0.025",0.857505262416869
"2021-06-23","7 day R","2021-04-15","DE","quantile","0.975",1.32240513869676
"2021-06-23","7 day R","2021-04-16","DE","point","NA",1.08012187075387
"2021-06-23","7 day R","2021-04-16","DE","quantile","0.025",0.852832807411792
"2021-06-23","7 day R","2021-04-16","DE","quantile","0.975",1.3112248283266
"2021-06-23","7 day R","2021-04-17","DE","point","NA",1.06904038193222
"2021-06-23","7 day R","2021-04-17","DE","quantile","0.025",0.839100689393057
"2021-06-23","7 day R","2021-04-17","DE","quantile","0.975",1.29996599244034
"2021-06-23","7 day R","2021-04-18","DE","point","NA",1.05820080963567
"2021-06-23","7 day R","2021-04-18","DE","quantile","0.025",0.826455183206553
"2021-06-23","7 day R","2021-04-18","DE","quantile","0.975",1.28999997293054
"2021-06-23","7 day R","2021-04-19","DE","point","NA",1.05663596534075
"2021-06-23","7 day R","2021-04-19","DE","quantile","0.025",0.824101826966634
"2021-06-23","7 day R","2021-04-19","DE","quantile","0.975",1.28789273635226
"2021-06-23","7 day R","2021-04-20","DE","point","NA",1.05337665235936
"2021-06-23","7 day R","2021-04-20","DE","quantile","0.025",0.823079253209056
"2021-06-23","7 day R","2021-04-20","DE","quantile","0.975",1.28322874073533
"2021-06-23","7 day R","2021-04-21","DE","point","NA",1.04001125145021
"2021-06-23","7 day R","2021-04-21","DE","quantile","0.025",0.81266791854466
"2021-06-23","7 day R","2021-04-21","DE","quantile","0.975",1.2706354040804
"2021-06-23","7 day R","2021-04-22","DE","point","NA",1.03060588820418
"2021-06-23","7 day R","2021-04-22","DE","quantile","0.025",0.80073676010165
"2021-06-23","7 day R","2021-04-22","DE","quantile","0.975",1.26043897097584
"2021-06-23","7 day R","2021-04-23","DE","point","NA",1.01792756881768
"2021-06-23","7 day R","2021-04-23","DE","quantile","0.025",0.790307933689813
"2021-06-23","7 day R","2021-04-23","DE","quantile","0.975",1.24644717841071
"2021-06-23","7 day R","2021-04-24","DE","point","NA",1.00520097417866
"2021-06-23","7 day R","2021-04-24","DE","quantile","0.025",0.775807527624701
"2021-06-23","7 day R","2021-04-24","DE","quantile","0.975",1.23589559739013
"2021-06-23","7 day R","2021-04-25","DE","point","NA",0.998430393019821
"2021-06-23","7 day R","2021-04-25","DE","quantile","0.025",0.768627022915949
"2021-06-23","7 day R","2021-04-25","DE","quantile","0.975",1.23022595887203
"2021-06-23","7 day R","2021-04-26","DE","point","NA",0.985031230494474
"2021-06-23","7 day R","2021-04-26","DE","quantile","0.025",0.754194917785093
"2021-06-23","7 day R","2021-04-26","DE","quantile","0.975",1.21612057558235
"2021-06-23","7 day R","2021-04-27","DE","point","NA",0.975531990057779
"2021-06-23","7 day R","2021-04-27","DE","quantile","0.025",0.746265425861041
"2021-06-23","7 day R","2021-04-27","DE","quantile","0.975",1.20660551736869
"2021-06-23","7 day R","2021-04-28","DE","point","NA",0.964259673154924
"2021-06-23","7 day R","2021-04-28","DE","quantile","0.025",0.734780199327421
"2021-06-23","7 day R","2021-04-28","DE","quantile","0.975",1.19475296666058
"2021-06-23","7 day R","2021-04-29","DE","point","NA",0.949718495024633
"2021-06-23","7 day R","2021-04-29","DE","quantile","0.025",0.720854099955168
"2021-06-23","7 day R","2021-04-29","DE","quantile","0.975",1.17833947843305
"2021-06-23","7 day R","2021-04-30","DE","point","NA",0.936719404566602
"2021-06-23","7 day R","2021-04-30","DE","quantile","0.025",0.704870152468358
"2021-06-23","7 day R","2021-04-30","DE","quantile","0.975",1.16708278721577
"2021-06-23","7 day R","2021-05-01","DE","point","NA",0.930197127799154
"2021-06-23","7 day R","2021-05-01","DE","quantile","0.025",0.700575563357562
"2021-06-23","7 day R","2021-05-01","DE","quantile","0.975",1.16288984802091
"2021-06-23","7 day R","2021-05-02","DE","point","NA",0.920472579803775
"2021-06-23","7 day R","2021-05-02","DE","quantile","0.025",0.690811672940039
"2021-06-23","7 day R","2021-05-02","DE","quantile","0.975",1.15109635937609
"2021-06-23","7 day R","2021-05-03","DE","point","NA",0.91008986490169
"2021-06-23","7 day R","2021-05-03","DE","quantile","0.025",0.680056766178413
"2021-06-23","7 day R","2021-05-03","DE","quantile","0.975",1.14092685841113
"2021-06-23","7 day R","2021-05-04","DE","point","NA",0.902752589889704
"2021-06-23","7 day R","2021-05-04","DE","quantile","0.025",0.672087121749274
"2021-06-23","7 day R","2021-05-04","DE","quantile","0.975",1.13460518144643
"2021-06-23","7 day R","2021-05-05","DE","point","NA",0.889084618343105
"2021-06-23","7 day R","2021-05-05","DE","quantile","0.025",0.658149097166487
"2021-06-23","7 day R","2021-05-05","DE","quantile","0.975",1.12026533162523
"2021-06-23","7 day R","2021-05-06","DE","point","NA",0.873412592440477
"2021-06-23","7 day R","2021-05-06","DE","quantile","0.025",0.642061594277395
"2021-06-23","7 day R","2021-05-06","DE","quantile","0.975",1.10204154954854
"2021-06-23","7 day R","2021-05-07","DE","point","NA",0.861759249440093
"2021-06-23","7 day R","2021-05-07","DE","quantile","0.025",0.628579111658599
"2021-06-23","7 day R","2021-05-07","DE","quantile","0.975",1.09026833219199
"2021-06-23","7 day R","2021-05-08","DE","point","NA",0.851325542814722
"2021-06-23","7 day R","2021-05-08","DE","quantile","0.025",0.614752861714444
"2021-06-23","7 day R","2021-05-08","DE","quantile","0.975",1.07973063228049
"2021-06-23","7 day R","2021-05-09","DE","point","NA",0.83966079878818
"2021-06-23","7 day R","2021-05-09","DE","quantile","0.025",0.607438557417899
"2021-06-23","7 day R","2021-05-09","DE","quantile","0.975",1.06695980999731
"2021-06-23","7 day R","2021-05-10","DE","point","NA",0.836426723802598
"2021-06-23","7 day R","2021-05-10","DE","quantile","0.025",0.603867399547884
"2021-06-23","7 day R","2021-05-10","DE","quantile","0.975",1.06654522680878
"2021-06-23","7 day R","2021-05-11","DE","point","NA",0.830427955765316
"2021-06-23","7 day R","2021-05-11","DE","quantile","0.025",0.593947492436443
"2021-06-23","7 day R","2021-05-11","DE","quantile","0.975",1.0620318323117
"2021-06-23","7 day R","2021-05-12","DE","point","NA",0.813858536061059
"2021-06-23","7 day R","2021-05-12","DE","quantile","0.025",0.578977054183767
"2021-06-23","7 day R","2021-05-12","DE","quantile","0.975",1.04468456996267
"2021-06-23","7 day R","2021-05-13","DE","point","NA",0.811744539055114
"2021-06-23","7 day R","2021-05-13","DE","quantile","0.025",0.577567204109077
"2021-06-23","7 day R","2021-05-13","DE","quantile","0.975",1.04266564867629
"2021-06-23","7 day R","2021-05-14","DE","point","NA",0.810248156260341
"2021-06-23","7 day R","2021-05-14","DE","quantile","0.025",0.579376338302666
"2021-06-23","7 day R","2021-05-14","DE","quantile","0.975",1.04294025102006
"2021-06-23","7 day R","2021-05-15","DE","point","NA",0.808656542474409
"2021-06-23","7 day R","2021-05-15","DE","quantile","0.025",0.574992894829946
"2021-06-23","7 day R","2021-05-15","DE","quantile","0.975",1.03889816345256
"2021-06-23","7 day R","2021-05-16","DE","point","NA",0.807975756983902
"2021-06-23","7 day R","2021-05-16","DE","quantile","0.025",0.575276430612731
"2021-06-23","7 day R","2021-05-16","DE","quantile","0.975",1.03922816686963
"2021-06-23","7 day R","2021-05-17","DE","point","NA",0.801957312707572
"2021-06-23","7 day R","2021-05-17","DE","quantile","0.025",0.570692301031826
"2021-06-23","7 day R","2021-05-17","DE","quantile","0.975",1.03347531241929
"2021-06-23","7 day R","2021-05-18","DE","point","NA",0.793997594848783
"2021-06-23","7 day R","2021-05-18","DE","quantile","0.025",0.558068850308119
"2021-06-23","7 day R","2021-05-18","DE","quantile","0.975",1.02707300471117
"2021-06-23","7 day R","2021-05-19","DE","point","NA",0.791409146728347
"2021-06-23","7 day R","2021-05-19","DE","quantile","0.025",0.557891813270651
"2021-06-23","7 day R","2021-05-19","DE","quantile","0.975",1.0248877339103
"2021-06-23","7 day R","2021-05-20","DE","point","NA",0.784110676233941
"2021-06-23","7 day R","2021-05-20","DE","quantile","0.025",0.550138311486515
"2021-06-23","7 day R","2021-05-20","DE","quantile","0.975",1.01750361515452
"2021-06-23","7 day R","2021-05-21","DE","point","NA",0.775175688664025
"2021-06-23","7 day R","2021-05-21","DE","quantile","0.025",0.545395804914873
"2021-06-23","7 day R","2021-05-21","DE","quantile","0.975",1.0093893660785
"2021-06-23","7 day R","2021-05-22","DE","point","NA",0.766354762659679
"2021-06-23","7 day R","2021-05-22","DE","quantile","0.025",0.530181311742967
"2021-06-23","7 day R","2021-05-22","DE","quantile","0.975",1.00303168246307
"2021-06-23","7 day R","2021-05-23","DE","point","NA",0.756659258983176
"2021-06-23","7 day R","2021-05-23","DE","quantile","0.025",0.521721579819939
"2021-06-23","7 day R","2021-05-23","DE","quantile","0.975",0.987965081396537
"2021-06-23","7 day R","2021-05-24","DE","point","NA",0.74348956889787
"2021-06-23","7 day R","2021-05-24","DE","quantile","0.025",0.508905608362064
"2021-06-23","7 day R","2021-05-24","DE","quantile","0.975",0.974587253032907
"2021-06-23","7 day R","2021-05-25","DE","point","NA",0.732504410033057
"2021-06-23","7 day R","2021-05-25","DE","quantile","0.025",0.494112311076911
"2021-06-23","7 day R","2021-05-25","DE","quantile","0.975",0.967557163254144
"2021-06-23","7 day R","2021-05-26","DE","point","NA",0.733711932347785
"2021-06-23","7 day R","2021-05-26","DE","quantile","0.025",0.497768321249034
"2021-06-23","7 day R","2021-05-26","DE","quantile","0.975",0.967369277684892
"2021-06-23","7 day R","2021-05-27","DE","point","NA",0.743858339387436
"2021-06-23","7 day R","2021-05-27","DE","quantile","0.025",0.505843897538975
"2021-06-23","7 day R","2021-05-27","DE","quantile","0.975",0.977918536332275
"2021-06-23","7 day R","2021-05-28","DE","point","NA",0.748980141087549
"2021-06-23","7 day R","2021-05-28","DE","quantile","0.025",0.515076120659637
"2021-06-23","7 day R","2021-05-28","DE","quantile","0.975",0.98425945680204
"2021-06-23","7 day R","2021-05-29","DE","point","NA",0.747733739966521
"2021-06-23","7 day R","2021-05-29","DE","quantile","0.025",0.513479371037354
"2021-06-23","7 day R","2021-05-29","DE","quantile","0.975",0.976954968070802
"2021-06-23","7 day R","2021-05-30","DE","point","NA",0.743534545271678
"2021-06-23","7 day R","2021-05-30","DE","quantile","0.025",0.510263306090895
"2021-06-23","7 day R","2021-05-30","DE","quantile","0.975",0.974003153442769
"2021-06-23","7 day R","2021-05-31","DE","point","NA",0.735374983242817
"2021-06-23","7 day R","2021-05-31","DE","quantile","0.025",0.503248453114656
"2021-06-23","7 day R","2021-05-31","DE","quantile","0.975",0.966833237974402
"2021-06-23","7 day R","2021-06-01","DE","point","NA",0.726550751851365
"2021-06-23","7 day R","2021-06-01","DE","quantile","0.025",0.496108208256531
"2021-06-23","7 day R","2021-06-01","DE","quantile","0.975",0.960229161294776
"2021-06-23","7 day R","2021-06-02","DE","point","NA",0.722921643733489
"2021-06-23","7 day R","2021-06-02","DE","quantile","0.025",0.493357637348484
"2021-06-23","7 day R","2021-06-02","DE","quantile","0.975",0.957448501535842
"2021-06-23","7 day R","2021-06-03","DE","point","NA",0.717681135019646
"2021-06-23","7 day R","2021-06-03","DE","quantile","0.025",0.486982323968075
"2021-06-23","7 day R","2021-06-03","DE","quantile","0.975",0.950104250825872
"2021-06-23","7 day R","2021-06-04","DE","point","NA",0.715288542492402
"2021-06-23","7 day R","2021-06-04","DE","quantile","0.025",0.480529621448565
"2021-06-23","7 day R","2021-06-04","DE","quantile","0.975",0.947859166983204
"2021-06-23","7 day R","2021-06-05","DE","point","NA",0.713356391648928
"2021-06-23","7 day R","2021-06-05","DE","quantile","0.025",0.480347208792401
"2021-06-23","7 day R","2021-06-05","DE","quantile","0.975",0.949641318437245
"2021-06-23","7 day R","2021-06-06","DE","point","NA",0.712357247806403
"2021-06-23","7 day R","2021-06-06","DE","quantile","0.025",0.479834575657676
"2021-06-23","7 day R","2021-06-06","DE","quantile","0.975",0.946761157197124
"2021-06-23","7 day R","2021-06-07","DE","point","NA",0.707758444077492
"2021-06-23","7 day R","2021-06-07","DE","quantile","0.025",0.473939570059437
"2021-06-23","7 day R","2021-06-07","DE","quantile","0.975",0.941402196851654
"2021-06-23","7 day R","2021-06-08","DE","point","NA",0.701790498721571
"2021-06-23","7 day R","2021-06-08","DE","quantile","0.025",0.464714938157626
"2021-06-23","7 day R","2021-06-08","DE","quantile","0.975",0.937955779277799
"2021-06-23","7 day R","2021-06-09","DE","point","NA",0.696943738436187
"2021-06-23","7 day R","2021-06-09","DE","quantile","0.025",0.46017023371883
"2021-06-23","7 day R","2021-06-09","DE","quantile","0.975",0.934755262493719
"2021-06-23","7 day R","2021-06-10","DE","point","NA",0.689994073960547
"2021-06-23","7 day R","2021-06-10","DE","quantile","0.025",0.453235684549603
"2021-06-23","7 day R","2021-06-10","DE","quantile","0.975",0.928964625693861
"2021-06-23","7 day R","2021-06-11","DE","point","NA",0.68258794072738
"2021-06-23","7 day R","2021-06-11","DE","quantile","0.025",0.443200349188964
"2021-06-23","7 day R","2021-06-11","DE","quantile","0.975",0.920394165966135
"2021-06-23","7 day R","2021-06-12","DE","point","NA",0.674914940088124
"2021-06-23","7 day R","2021-06-12","DE","quantile","0.025",0.434387422229942
"2021-06-23","7 day R","2021-06-12","DE","quantile","0.975",0.912571967910284
"2021-06-23","7 day R","2021-06-13","DE","point","NA",0.667196924783249
"2021-06-23","7 day R","2021-06-13","DE","quantile","0.025",0.423215001938685
"2021-06-23","7 day R","2021-06-13","DE","quantile","0.975",0.909785765495838
"2021-06-23","7 day R","2021-06-14","DE","point","NA",0.657075799205719
"2021-06-23","7 day R","2021-06-14","DE","quantile","0.025",0.411847328645965
"2021-06-23","7 day R","2021-06-14","DE","quantile","0.975",0.902857243335106
"2021-06-23","7 day R","2021-06-15","DE","point","NA",0.64588955080574
"2021-06-23","7 day R","2021-06-15","DE","quantile","0.025",0.39551325408771
"2021-06-23","7 day R","2021-06-15","DE","quantile","0.975",0.89748797760511
"2021-06-23","7 day R","2021-06-16","DE","point","NA",0.638061900351141
"2021-06-23","7 day R","2021-06-16","DE","quantile","0.025",0.380042101103915
"2021-06-23","7 day R","2021-06-16","DE","quantile","0.975",0.892647562702611
"2021-06-23","7 day R","2021-06-17","DE","point","NA",0.634910044525573
"2021-06-23","7 day R","2021-06-17","DE","quantile","0.025",0.370683214807119
"2021-06-23","7 day R","2021-06-17","DE","quantile","0.975",0.897645421454271
"2021-06-23","7 day R","2021-06-18","DE","point","NA",0.639833104449263
"2021-06-23","7 day R","2021-06-18","DE","quantile","0.025",0.366200779579026
"2021-06-23","7 day R","2021-06-18","DE","quantile","0.975",0.908570780753998
"2021-06-23","7 day R","2021-06-19","DE","point","NA",0.646945138221306
"2021-06-23","7 day R","2021-06-19","DE","quantile","0.025",0.361216551920858
"2021-06-23","7 day R","2021-06-19","DE","quantile","0.975",0.930597826773683
"2021-06-23","7 day R","2021-06-20","DE","point","NA",0.650567079552535
"2021-06-23","7 day R","2021-06-20","DE","quantile","0.025",0.346463035545479
"2021-06-23","7 day R","2021-06-20","DE","quantile","0.975",0.953128731450324
"2021-06-23","7 day R","2021-06-21","DE","point","NA",0.652045011404009
"2021-06-23","7 day R","2021-06-21","DE","quantile","0.025",0.329134733922407
"2021-06-23","7 day R","2021-06-21","DE","quantile","0.975",0.974906768295875
"2021-06-23","7 day R","2020-03-02","DE","point","NA",2.6700404187135
"2021-06-23","7 day R","2020-03-02","DE","quantile","0.025",2.33196553276697
"2021-06-23","7 day R","2020-03-02","DE","quantile","0.975",3.01152382235733
"2021-06-23","7 day R","2020-03-03","DE","point","NA",2.68836390684761
"2021-06-23","7 day R","2020-03-03","DE","quantile","0.025",2.37246530305521
"2021-06-23","7 day R","2020-03-03","DE","quantile","0.975",3.01090021472095
"2021-06-23","7 day R","2020-03-04","DE","point","NA",2.72781286494942
"2021-06-23","7 day R","2020-03-04","DE","quantile","0.025",2.42698371853791
"2021-06-23","7 day R","2020-03-04","DE","quantile","0.975",3.03379904109463
"2021-06-23","7 day R","2020-03-05","DE","point","NA",2.76929772985341
"2021-06-23","7 day R","2020-03-05","DE","quantile","0.025",2.47834967507157
"2021-06-23","7 day R","2020-03-05","DE","quantile","0.975",3.0636927923601
"2021-06-23","7 day R","2020-03-06","DE","point","NA",2.71472283464289
"2021-06-23","7 day R","2020-03-06","DE","quantile","0.025",2.43748814234126
"2021-06-23","7 day R","2020-03-06","DE","quantile","0.975",2.99317253923073
"2021-06-23","7 day R","2020-03-07","DE","point","NA",2.68798853906718
"2021-06-23","7 day R","2020-03-07","DE","quantile","0.025",2.41674140514089
"2021-06-23","7 day R","2020-03-07","DE","quantile","0.975",2.95671818134902
"2021-06-23","7 day R","2020-03-08","DE","point","NA",2.67122205703065
"2021-06-23","7 day R","2020-03-08","DE","quantile","0.025",2.4044190568282
"2021-06-23","7 day R","2020-03-08","DE","quantile","0.975",2.94017726228935
"2021-06-23","7 day R","2020-03-09","DE","point","NA",2.65164769536646
"2021-06-23","7 day R","2020-03-09","DE","quantile","0.025",2.39006445736394
"2021-06-23","7 day R","2020-03-09","DE","quantile","0.975",2.91820093948585
"2021-06-23","7 day R","2020-03-10","DE","point","NA",2.65544264403733
"2021-06-23","7 day R","2020-03-10","DE","quantile","0.025",2.39551858766433
"2021-06-23","7 day R","2020-03-10","DE","quantile","0.975",2.92137714860653
"2021-06-23","7 day R","2020-03-11","DE","point","NA",2.66087526262894
"2021-06-23","7 day R","2020-03-11","DE","quantile","0.025",2.40122892439376
"2021-06-23","7 day R","2020-03-11","DE","quantile","0.975",2.92885160149658
"2021-06-23","7 day R","2020-03-12","DE","point","NA",2.65931586002026
"2021-06-23","7 day R","2020-03-12","DE","quantile","0.025",2.39569765034719
"2021-06-23","7 day R","2020-03-12","DE","quantile","0.975",2.92926759894204
"2021-06-23","7 day R","2020-03-13","DE","point","NA",2.71749271892139
"2021-06-23","7 day R","2020-03-13","DE","quantile","0.025",2.44138496784758
"2021-06-23","7 day R","2020-03-13","DE","quantile","0.975",3.0094500020127
"2021-06-23","7 day R","2020-03-14","DE","point","NA",2.65873320582473
"2021-06-23","7 day R","2020-03-14","DE","quantile","0.025",2.38692601279296
"2021-06-23","7 day R","2020-03-14","DE","quantile","0.975",2.94355270942955
"2021-06-23","7 day R","2020-03-15","DE","point","NA",2.5906419855187
"2021-06-23","7 day R","2020-03-15","DE","quantile","0.025",2.3227025978968
"2021-06-23","7 day R","2020-03-15","DE","quantile","0.975",2.87383285495329
"2021-06-23","7 day R","2020-03-16","DE","point","NA",2.52138077859725
"2021-06-23","7 day R","2020-03-16","DE","quantile","0.025",2.25808786309155
"2021-06-23","7 day R","2020-03-16","DE","quantile","0.975",2.79622501750943
"2021-06-23","7 day R","2020-03-17","DE","point","NA",2.44144505996823
"2021-06-23","7 day R","2020-03-17","DE","quantile","0.025",2.18410068335092
"2021-06-23","7 day R","2020-03-17","DE","quantile","0.975",2.70868608448538
"2021-06-23","7 day R","2020-03-18","DE","point","NA",2.34887418332971
"2021-06-23","7 day R","2020-03-18","DE","quantile","0.025",2.09821912594669
"2021-06-23","7 day R","2020-03-18","DE","quantile","0.975",2.61274062708823
"2021-06-23","7 day R","2020-03-19","DE","point","NA",2.23919861675502
"2021-06-23","7 day R","2020-03-19","DE","quantile","0.025",1.98958126028581
"2021-06-23","7 day R","2020-03-19","DE","quantile","0.975",2.49712257825904
"2021-06-23","7 day R","2020-03-20","DE","point","NA",2.13670973289249
"2021-06-23","7 day R","2020-03-20","DE","quantile","0.025",1.88159299371346
"2021-06-23","7 day R","2020-03-20","DE","quantile","0.975",2.39039605946549
"2021-06-23","7 day R","2020-03-21","DE","point","NA",2.04824762677809
"2021-06-23","7 day R","2020-03-21","DE","quantile","0.025",1.79164179129466
"2021-06-23","7 day R","2020-03-21","DE","quantile","0.975",2.29976585427378
"2021-06-23","7 day R","2020-03-22","DE","point","NA",1.96879902781826
"2021-06-23","7 day R","2020-03-22","DE","quantile","0.025",1.71684287836214
"2021-06-23","7 day R","2020-03-22","DE","quantile","0.975",2.222249964244
"2021-06-23","7 day R","2020-03-23","DE","point","NA",1.90132076528971
"2021-06-23","7 day R","2020-03-23","DE","quantile","0.025",1.6519080323984
"2021-06-23","7 day R","2020-03-23","DE","quantile","0.975",2.15022794051043
"2021-06-23","7 day R","2020-03-24","DE","point","NA",1.82179739694111
"2021-06-23","7 day R","2020-03-24","DE","quantile","0.025",1.5740587309318
"2021-06-23","7 day R","2020-03-24","DE","quantile","0.975",2.07040610107634
"2021-06-23","7 day R","2020-03-25","DE","point","NA",1.74312501269468
"2021-06-23","7 day R","2020-03-25","DE","quantile","0.025",1.49355587128026
"2021-06-23","7 day R","2020-03-25","DE","quantile","0.975",1.99438983580288
"2021-06-23","7 day R","2020-03-26","DE","point","NA",1.67501337946436
"2021-06-23","7 day R","2020-03-26","DE","quantile","0.025",1.41909633148365
"2021-06-23","7 day R","2020-03-26","DE","quantile","0.975",1.92579241899732
"2021-06-23","7 day R","2020-03-27","DE","point","NA",1.60311822104017
"2021-06-23","7 day R","2020-03-27","DE","quantile","0.025",1.35029443214468
"2021-06-23","7 day R","2020-03-27","DE","quantile","0.975",1.85209096398573
"2021-06-23","7 day R","2020-03-28","DE","point","NA",1.54595771642663
"2021-06-23","7 day R","2020-03-28","DE","quantile","0.025",1.29341649153323
"2021-06-23","7 day R","2020-03-28","DE","quantile","0.975",1.796540728454
"2021-06-23","7 day R","2020-03-29","DE","point","NA",1.47580400920131
"2021-06-23","7 day R","2020-03-29","DE","quantile","0.025",1.22010616560645
"2021-06-23","7 day R","2020-03-29","DE","quantile","0.975",1.72790019417258
"2021-06-23","7 day R","2020-03-30","DE","point","NA",1.41023731453473
"2021-06-23","7 day R","2020-03-30","DE","quantile","0.025",1.15273844662821
"2021-06-23","7 day R","2020-03-30","DE","quantile","0.975",1.66389779197344
"2021-06-23","7 day R","2020-03-31","DE","point","NA",1.34432642391362
"2021-06-23","7 day R","2020-03-31","DE","quantile","0.025",1.08519045523113
"2021-06-23","7 day R","2020-03-31","DE","quantile","0.975",1.59675508511971
"2021-06-23","7 day R","2020-04-01","DE","point","NA",1.27901741992664
"2021-06-23","7 day R","2020-04-01","DE","quantile","0.025",1.0197851804391
"2021-06-23","7 day R","2020-04-01","DE","quantile","0.975",1.53766435780028
"2021-06-23","7 day R","2020-04-02","DE","point","NA",1.2187273733963
"2021-06-23","7 day R","2020-04-02","DE","quantile","0.025",0.957496212266389
"2021-06-23","7 day R","2020-04-02","DE","quantile","0.975",1.47696523916921
"2021-06-23","7 day R","2020-04-03","DE","point","NA",1.16302071969126
"2021-06-23","7 day R","2020-04-03","DE","quantile","0.025",0.900158049828716
"2021-06-23","7 day R","2020-04-03","DE","quantile","0.975",1.42010636936856
"2021-06-23","7 day R","2020-04-04","DE","point","NA",1.12387308031667
"2021-06-23","7 day R","2020-04-04","DE","quantile","0.025",0.864882178806787
"2021-06-23","7 day R","2020-04-04","DE","quantile","0.975",1.37905669583447
"2021-06-23","7 day R","2020-04-05","DE","point","NA",1.08300394704858
"2021-06-23","7 day R","2020-04-05","DE","quantile","0.025",0.82317142246104
"2021-06-23","7 day R","2020-04-05","DE","quantile","0.975",1.33843045618396
"2021-06-23","7 day R","2020-04-06","DE","point","NA",1.04211076627446
"2021-06-23","7 day R","2020-04-06","DE","quantile","0.025",0.783134921728822
"2021-06-23","7 day R","2020-04-06","DE","quantile","0.975",1.29596212708182
"2021-06-23","7 day R","2020-04-07","DE","point","NA",1.00340000067276
"2021-06-23","7 day R","2020-04-07","DE","quantile","0.025",0.745715576872925
"2021-06-23","7 day R","2020-04-07","DE","quantile","0.975",1.25597380525094
"2021-06-23","7 day R","2020-04-08","DE","point","NA",0.961553133894569
"2021-06-23","7 day R","2020-04-08","DE","quantile","0.025",0.701903369452907
"2021-06-23","7 day R","2020-04-08","DE","quantile","0.975",1.2157656991638
"2021-06-23","7 day R","2020-04-09","DE","point","NA",0.918924000507139
"2021-06-23","7 day R","2020-04-09","DE","quantile","0.025",0.659285609262062
"2021-06-23","7 day R","2020-04-09","DE","quantile","0.975",1.17127753915216
"2021-06-23","7 day R","2020-04-10","DE","point","NA",0.88411208341602
"2021-06-23","7 day R","2020-04-10","DE","quantile","0.025",0.624800420415483
"2021-06-23","7 day R","2020-04-10","DE","quantile","0.975",1.1363574388771
"2021-06-23","7 day R","2020-04-11","DE","point","NA",0.864992764378008
"2021-06-23","7 day R","2020-04-11","DE","quantile","0.025",0.609655522475431
"2021-06-23","7 day R","2020-04-11","DE","quantile","0.975",1.11817423226835
"2021-06-23","7 day R","2020-04-12","DE","point","NA",0.847424102739991
"2021-06-23","7 day R","2020-04-12","DE","quantile","0.025",0.589092343556091
"2021-06-23","7 day R","2020-04-12","DE","quantile","0.975",1.10078157446019
"2021-06-23","7 day R","2020-04-13","DE","point","NA",0.827019828985323
"2021-06-23","7 day R","2020-04-13","DE","quantile","0.025",0.567582112436617
"2021-06-23","7 day R","2020-04-13","DE","quantile","0.975",1.08019701578678
"2021-06-23","7 day R","2020-04-14","DE","point","NA",0.805218225922673
"2021-06-23","7 day R","2020-04-14","DE","quantile","0.025",0.544940568807043
"2021-06-23","7 day R","2020-04-14","DE","quantile","0.975",1.05921908029569
"2021-06-23","7 day R","2020-04-15","DE","point","NA",0.791323552921866
"2021-06-23","7 day R","2020-04-15","DE","quantile","0.025",0.532650402549798
"2021-06-23","7 day R","2020-04-15","DE","quantile","0.975",1.04553416962511
"2021-06-23","7 day R","2020-04-16","DE","point","NA",0.778460340017475
"2021-06-23","7 day R","2020-04-16","DE","quantile","0.025",0.520847699295785
"2021-06-23","7 day R","2020-04-16","DE","quantile","0.975",1.03140929939797
"2021-06-23","7 day R","2020-04-17","DE","point","NA",0.772091426545276
"2021-06-23","7 day R","2020-04-17","DE","quantile","0.025",0.51928886973949
"2021-06-23","7 day R","2020-04-17","DE","quantile","0.975",1.02296343235782
"2021-06-23","7 day R","2020-04-18","DE","point","NA",0.768171687176932
"2021-06-23","7 day R","2020-04-18","DE","quantile","0.025",0.514491956370839
"2021-06-23","7 day R","2020-04-18","DE","quantile","0.975",1.01773897471183
"2021-06-23","7 day R","2020-04-19","DE","point","NA",0.762536558913046
"2021-06-23","7 day R","2020-04-19","DE","quantile","0.025",0.508500973735507
"2021-06-23","7 day R","2020-04-19","DE","quantile","0.975",1.01306204022153
"2021-06-23","7 day R","2020-04-20","DE","point","NA",0.755154284417577
"2021-06-23","7 day R","2020-04-20","DE","quantile","0.025",0.505629022424464
"2021-06-23","7 day R","2020-04-20","DE","quantile","0.975",1.00358065179987
"2021-06-23","7 day R","2020-04-21","DE","point","NA",0.742842315597626
"2021-06-23","7 day R","2020-04-21","DE","quantile","0.025",0.48929924295851
"2021-06-23","7 day R","2020-04-21","DE","quantile","0.975",0.990487623365633
"2021-06-23","7 day R","2020-04-22","DE","point","NA",0.734023160236021
"2021-06-23","7 day R","2020-04-22","DE","quantile","0.025",0.483185414797613
"2021-06-23","7 day R","2020-04-22","DE","quantile","0.975",0.981112427136804
"2021-06-23","7 day R","2020-04-23","DE","point","NA",0.725842002379495
"2021-06-23","7 day R","2020-04-23","DE","quantile","0.025",0.473879252863218
"2021-06-23","7 day R","2020-04-23","DE","quantile","0.975",0.977194632074487
"2021-06-23","7 day R","2020-04-24","DE","point","NA",0.718742229514069
"2021-06-23","7 day R","2020-04-24","DE","quantile","0.025",0.465077785953884
"2021-06-23","7 day R","2020-04-24","DE","quantile","0.975",0.968121428009236
"2021-06-23","7 day R","2020-04-25","DE","point","NA",0.718753281639476
"2021-06-23","7 day R","2020-04-25","DE","quantile","0.025",0.463469741383204
"2021-06-23","7 day R","2020-04-25","DE","quantile","0.975",0.970433610932952
"2021-06-23","7 day R","2020-04-26","DE","point","NA",0.717334632310576
"2021-06-23","7 day R","2020-04-26","DE","quantile","0.025",0.464001918317061
"2021-06-23","7 day R","2020-04-26","DE","quantile","0.975",0.967105898221128
"2021-06-23","7 day R","2020-04-27","DE","point","NA",0.713762637189984
"2021-06-23","7 day R","2020-04-27","DE","quantile","0.025",0.461826988949284
"2021-06-23","7 day R","2020-04-27","DE","quantile","0.975",0.96153277355447
"2021-06-23","7 day R","2020-04-28","DE","point","NA",0.708834417045436
"2021-06-23","7 day R","2020-04-28","DE","quantile","0.025",0.457754479145406
"2021-06-23","7 day R","2020-04-28","DE","quantile","0.975",0.956438140918606
"2021-06-23","7 day R","2020-04-29","DE","point","NA",0.703592219711153
"2021-06-23","7 day R","2020-04-29","DE","quantile","0.025",0.449589092766789
"2021-06-23","7 day R","2020-04-29","DE","quantile","0.975",0.951081134748077
"2021-06-23","7 day R","2020-04-30","DE","point","NA",0.698059493308938
"2021-06-23","7 day R","2020-04-30","DE","quantile","0.025",0.447679760598938
"2021-06-23","7 day R","2020-04-30","DE","quantile","0.975",0.948728948077383
"2021-06-23","7 day R","2020-05-01","DE","point","NA",0.695571223817965
"2021-06-23","7 day R","2020-05-01","DE","quantile","0.025",0.440791374669674
"2021-06-23","7 day R","2020-05-01","DE","quantile","0.975",0.945951484795004
"2021-06-23","7 day R","2020-05-02","DE","point","NA",0.703774102512805
"2021-06-23","7 day R","2020-05-02","DE","quantile","0.025",0.448662450660552
"2021-06-23","7 day R","2020-05-02","DE","quantile","0.975",0.957502631129956
"2021-06-23","7 day R","2020-05-03","DE","point","NA",0.712162521577489
"2021-06-23","7 day R","2020-05-03","DE","quantile","0.025",0.457962280895678
"2021-06-23","7 day R","2020-05-03","DE","quantile","0.975",0.96417980861372
"2021-06-23","7 day R","2020-05-04","DE","point","NA",0.720536694347947
"2021-06-23","7 day R","2020-05-04","DE","quantile","0.025",0.467621378193859
"2021-06-23","7 day R","2020-05-04","DE","quantile","0.975",0.975164584767694
"2021-06-23","7 day R","2020-05-05","DE","point","NA",0.72939939617812
"2021-06-23","7 day R","2020-05-05","DE","quantile","0.025",0.474972543665933
"2021-06-23","7 day R","2020-05-05","DE","quantile","0.975",0.98163941692704
"2021-06-23","7 day R","2020-05-06","DE","point","NA",0.738815612939664
"2021-06-23","7 day R","2020-05-06","DE","quantile","0.025",0.485725053403862
"2021-06-23","7 day R","2020-05-06","DE","quantile","0.975",0.987761677824794
"2021-06-23","7 day R","2020-05-07","DE","point","NA",0.74533747165711
"2021-06-23","7 day R","2020-05-07","DE","quantile","0.025",0.49222353063776
"2021-06-23","7 day R","2020-05-07","DE","quantile","0.975",0.995812958017714
"2021-06-23","7 day R","2020-05-08","DE","point","NA",0.747761715137951
"2021-06-23","7 day R","2020-05-08","DE","quantile","0.025",0.497818430991712
"2021-06-23","7 day R","2020-05-08","DE","quantile","0.975",0.998961401991383
"2021-06-23","7 day R","2020-05-09","DE","point","NA",0.752552951863317
"2021-06-23","7 day R","2020-05-09","DE","quantile","0.025",0.499258840701428
"2021-06-23","7 day R","2020-05-09","DE","quantile","0.975",1.00396452357788
"2021-06-23","7 day R","2020-05-10","DE","point","NA",0.755172257089419
"2021-06-23","7 day R","2020-05-10","DE","quantile","0.025",0.50211428936684
"2021-06-23","7 day R","2020-05-10","DE","quantile","0.975",1.00630577882679
"2021-06-23","7 day R","2020-05-11","DE","point","NA",0.759505410403702
"2021-06-23","7 day R","2020-05-11","DE","quantile","0.025",0.511050770153636
"2021-06-23","7 day R","2020-05-11","DE","quantile","0.975",1.00988716090908
"2021-06-23","7 day R","2020-05-12","DE","point","NA",0.754916790017374
"2021-06-23","7 day R","2020-05-12","DE","quantile","0.025",0.501825258002202
"2021-06-23","7 day R","2020-05-12","DE","quantile","0.975",1.00813293936653
"2021-06-23","7 day R","2020-05-13","DE","point","NA",0.756978018003718
"2021-06-23","7 day R","2020-05-13","DE","quantile","0.025",0.501119093760129
"2021-06-23","7 day R","2020-05-13","DE","quantile","0.975",1.01040963705227
"2021-06-23","7 day R","2020-05-14","DE","point","NA",0.754846243439814
"2021-06-23","7 day R","2020-05-14","DE","quantile","0.025",0.503691879184524
"2021-06-23","7 day R","2020-05-14","DE","quantile","0.975",1.00373848458964
"2021-06-23","7 day R","2020-05-15","DE","point","NA",0.767865861497588
"2021-06-23","7 day R","2020-05-15","DE","quantile","0.025",0.514476009406608
"2021-06-23","7 day R","2020-05-15","DE","quantile","0.975",1.01755620634636
"2021-06-23","7 day R","2020-05-16","DE","point","NA",0.785722129369546
"2021-06-23","7 day R","2020-05-16","DE","quantile","0.025",0.534582672491774
"2021-06-23","7 day R","2020-05-16","DE","quantile","0.975",1.03418390554697
"2021-06-23","7 day R","2020-05-17","DE","point","NA",0.802263187144593
"2021-06-23","7 day R","2020-05-17","DE","quantile","0.025",0.553544082472017
"2021-06-23","7 day R","2020-05-17","DE","quantile","0.975",1.05679717451001
"2021-06-23","7 day R","2020-05-18","DE","point","NA",0.811832434461948
"2021-06-23","7 day R","2020-05-18","DE","quantile","0.025",0.559900168778995
"2021-06-23","7 day R","2020-05-18","DE","quantile","0.975",1.06875880576858
"2021-06-23","7 day R","2020-05-19","DE","point","NA",0.827043386654964
"2021-06-23","7 day R","2020-05-19","DE","quantile","0.025",0.573760629662169
"2021-06-23","7 day R","2020-05-19","DE","quantile","0.975",1.08246382008029
"2021-06-23","7 day R","2020-05-20","DE","point","NA",0.816828326894787
"2021-06-23","7 day R","2020-05-20","DE","quantile","0.025",0.563927390886924
"2021-06-23","7 day R","2020-05-20","DE","quantile","0.975",1.07238344880335
"2021-06-23","7 day R","2020-05-21","DE","point","NA",0.802992634293672
"2021-06-23","7 day R","2020-05-21","DE","quantile","0.025",0.548917028653124
"2021-06-23","7 day R","2020-05-21","DE","quantile","0.975",1.05606255648592
"2021-06-23","7 day R","2020-05-22","DE","point","NA",0.79859822274422
"2021-06-23","7 day R","2020-05-22","DE","quantile","0.025",0.54495344196268
"2021-06-23","7 day R","2020-05-22","DE","quantile","0.975",1.0526758662679
"2021-06-23","7 day R","2020-05-23","DE","point","NA",0.797405142374903
"2021-06-23","7 day R","2020-05-23","DE","quantile","0.025",0.542807342853908
"2021-06-23","7 day R","2020-05-23","DE","quantile","0.975",1.05194725226503
"2021-06-23","7 day R","2020-05-24","DE","point","NA",0.801344135686779
"2021-06-23","7 day R","2020-05-24","DE","quantile","0.025",0.543973924780755
"2021-06-23","7 day R","2020-05-24","DE","quantile","0.975",1.05323396372151
"2021-06-23","7 day R","2020-05-25","DE","point","NA",0.806583824788886
"2021-06-23","7 day R","2020-05-25","DE","quantile","0.025",0.552148133467941
"2021-06-23","7 day R","2020-05-25","DE","quantile","0.975",1.05911506324867
"2021-06-23","7 day R","2020-05-26","DE","point","NA",0.812010117923182
"2021-06-23","7 day R","2020-05-26","DE","quantile","0.025",0.55739692115192
"2021-06-23","7 day R","2020-05-26","DE","quantile","0.975",1.06192934255784
"2021-06-23","7 day R","2020-05-27","DE","point","NA",0.815727366561478
"2021-06-23","7 day R","2020-05-27","DE","quantile","0.025",0.561846887077204
"2021-06-23","7 day R","2020-05-27","DE","quantile","0.975",1.06377661078233
"2021-06-23","7 day R","2020-05-28","DE","point","NA",0.823436199165432
"2021-06-23","7 day R","2020-05-28","DE","quantile","0.025",0.569904848934606
"2021-06-23","7 day R","2020-05-28","DE","quantile","0.975",1.07241100617246
"2021-06-23","7 day R","2020-05-29","DE","point","NA",0.823568609445435
"2021-06-23","7 day R","2020-05-29","DE","quantile","0.025",0.5704743695911
"2021-06-23","7 day R","2020-05-29","DE","quantile","0.975",1.07648382006603
"2021-06-23","7 day R","2020-05-30","DE","point","NA",0.81747108980107
"2021-06-23","7 day R","2020-05-30","DE","quantile","0.025",0.56601382419334
"2021-06-23","7 day R","2020-05-30","DE","quantile","0.975",1.06973632190181
"2021-06-23","7 day R","2020-05-31","DE","point","NA",0.81516595315813
"2021-06-23","7 day R","2020-05-31","DE","quantile","0.025",0.560906699649194
"2021-06-23","7 day R","2020-05-31","DE","quantile","0.975",1.06639627268972
"2021-06-23","7 day R","2020-06-01","DE","point","NA",0.817399081310719
"2021-06-23","7 day R","2020-06-01","DE","quantile","0.025",0.563428496635281
"2021-06-23","7 day R","2020-06-01","DE","quantile","0.975",1.06778634248424
"2021-06-23","7 day R","2020-06-02","DE","point","NA",0.824093101133348
"2021-06-23","7 day R","2020-06-02","DE","quantile","0.025",0.570361953990829
"2021-06-23","7 day R","2020-06-02","DE","quantile","0.975",1.0774395363638
"2021-06-23","7 day R","2020-06-03","DE","point","NA",0.841087315421854
"2021-06-23","7 day R","2020-06-03","DE","quantile","0.025",0.588258742541679
"2021-06-23","7 day R","2020-06-03","DE","quantile","0.975",1.09341523344378
"2021-06-23","7 day R","2020-06-04","DE","point","NA",0.861678174944075
"2021-06-23","7 day R","2020-06-04","DE","quantile","0.025",0.60734361998245
"2021-06-23","7 day R","2020-06-04","DE","quantile","0.975",1.11568344748328
"2021-06-23","7 day R","2020-06-05","DE","point","NA",0.888650007440657
"2021-06-23","7 day R","2020-06-05","DE","quantile","0.025",0.632598953577241
"2021-06-23","7 day R","2020-06-05","DE","quantile","0.975",1.13926196039274
"2021-06-23","7 day R","2020-06-06","DE","point","NA",0.915282078365332
"2021-06-23","7 day R","2020-06-06","DE","quantile","0.025",0.662018888606027
"2021-06-23","7 day R","2020-06-06","DE","quantile","0.975",1.16765323918676
"2021-06-23","7 day R","2020-06-07","DE","point","NA",0.921650019968052
"2021-06-23","7 day R","2020-06-07","DE","quantile","0.025",0.668594491570771
"2021-06-23","7 day R","2020-06-07","DE","quantile","0.975",1.17299486164319
"2021-06-23","7 day R","2020-06-08","DE","point","NA",0.925496080662382
"2021-06-23","7 day R","2020-06-08","DE","quantile","0.025",0.671033562312978
"2021-06-23","7 day R","2020-06-08","DE","quantile","0.975",1.17844964764737
"2021-06-23","7 day R","2020-06-09","DE","point","NA",0.921609271627818
"2021-06-23","7 day R","2020-06-09","DE","quantile","0.025",0.66279527501912
"2021-06-23","7 day R","2020-06-09","DE","quantile","0.975",1.17455351866755
"2021-06-23","7 day R","2020-06-10","DE","point","NA",0.922301783226782
"2021-06-23","7 day R","2020-06-10","DE","quantile","0.025",0.661081034188991
"2021-06-23","7 day R","2020-06-10","DE","quantile","0.975",1.17627145681824
"2021-06-23","7 day R","2020-06-11","DE","point","NA",0.943684357662146
"2021-06-23","7 day R","2020-06-11","DE","quantile","0.025",0.687742401780698
"2021-06-23","7 day R","2020-06-11","DE","quantile","0.975",1.1951156805172
"2021-06-23","7 day R","2020-06-12","DE","point","NA",0.988770475622662
"2021-06-23","7 day R","2020-06-12","DE","quantile","0.025",0.734437205868983
"2021-06-23","7 day R","2020-06-12","DE","quantile","0.975",1.24140664445309
"2021-06-23","7 day R","2020-06-13","DE","point","NA",1.01974082853306
"2021-06-23","7 day R","2020-06-13","DE","quantile","0.025",0.765742994176435
"2021-06-23","7 day R","2020-06-13","DE","quantile","0.975",1.26777674034269
"2021-06-23","7 day R","2020-06-14","DE","point","NA",1.06687050983048
"2021-06-23","7 day R","2020-06-14","DE","quantile","0.025",0.815705795188628
"2021-06-23","7 day R","2020-06-14","DE","quantile","0.975",1.32217927340623
"2021-06-23","7 day R","2020-06-15","DE","point","NA",1.11499286460578
"2021-06-23","7 day R","2020-06-15","DE","quantile","0.025",0.86577933970628
"2021-06-23","7 day R","2020-06-15","DE","quantile","0.975",1.37099267691069
"2021-06-23","7 day R","2020-06-16","DE","point","NA",1.16988920976479
"2021-06-23","7 day R","2020-06-16","DE","quantile","0.025",0.919577583808263
"2021-06-23","7 day R","2020-06-16","DE","quantile","0.975",1.42947262585166
"2021-06-23","7 day R","2020-06-17","DE","point","NA",1.20314726855232
"2021-06-23","7 day R","2020-06-17","DE","quantile","0.025",0.949829862935408
"2021-06-23","7 day R","2020-06-17","DE","quantile","0.975",1.47021954708807
"2021-06-23","7 day R","2020-06-18","DE","point","NA",1.23167609558795
"2021-06-23","7 day R","2020-06-18","DE","quantile","0.025",0.973476944602564
"2021-06-23","7 day R","2020-06-18","DE","quantile","0.975",1.50022526823813
"2021-06-23","7 day R","2020-06-19","DE","point","NA",1.20317176091008
"2021-06-23","7 day R","2020-06-19","DE","quantile","0.025",0.949823328389974
"2021-06-23","7 day R","2020-06-19","DE","quantile","0.975",1.46794189080941
"2021-06-23","7 day R","2020-06-20","DE","point","NA",1.1834091008213
"2021-06-23","7 day R","2020-06-20","DE","quantile","0.025",0.927282885421712
"2021-06-23","7 day R","2020-06-20","DE","quantile","0.975",1.44583361289377
"2021-06-23","7 day R","2020-06-21","DE","point","NA",1.16767285261021
"2021-06-23","7 day R","2020-06-21","DE","quantile","0.025",0.914191218371934
"2021-06-23","7 day R","2020-06-21","DE","quantile","0.975",1.42570267812215
"2021-06-23","7 day R","2020-06-22","DE","point","NA",1.14009356471418
"2021-06-23","7 day R","2020-06-22","DE","quantile","0.025",0.888828354350517
"2021-06-23","7 day R","2020-06-22","DE","quantile","0.975",1.39660682945031
"2021-06-23","7 day R","2020-06-23","DE","point","NA",1.10959852422486
"2021-06-23","7 day R","2020-06-23","DE","quantile","0.025",0.859207752664974
"2021-06-23","7 day R","2020-06-23","DE","quantile","0.975",1.36558043126497
"2021-06-23","7 day R","2020-06-24","DE","point","NA",1.07461045632319
"2021-06-23","7 day R","2020-06-24","DE","quantile","0.025",0.822427087582139
"2021-06-23","7 day R","2020-06-24","DE","quantile","0.975",1.33126309578094
"2021-06-23","7 day R","2020-06-25","DE","point","NA",1.04459819803848
"2021-06-23","7 day R","2020-06-25","DE","quantile","0.025",0.79128888963696
"2021-06-23","7 day R","2020-06-25","DE","quantile","0.975",1.29758410372163
"2021-06-23","7 day R","2020-06-26","DE","point","NA",1.02979993235892
"2021-06-23","7 day R","2020-06-26","DE","quantile","0.025",0.7771362607553
"2021-06-23","7 day R","2020-06-26","DE","quantile","0.975",1.2827588838547
"2021-06-23","7 day R","2020-06-27","DE","point","NA",1.01120944416961
"2021-06-23","7 day R","2020-06-27","DE","quantile","0.025",0.755887294438115
"2021-06-23","7 day R","2020-06-27","DE","quantile","0.975",1.2613181811557
"2021-06-23","7 day R","2020-06-28","DE","point","NA",0.992200106403585
"2021-06-23","7 day R","2020-06-28","DE","quantile","0.025",0.738947059741185
"2021-06-23","7 day R","2020-06-28","DE","quantile","0.975",1.24655863335676
"2021-06-23","7 day R","2020-06-29","DE","point","NA",0.979203113629382
"2021-06-23","7 day R","2020-06-29","DE","quantile","0.025",0.724615199309384
"2021-06-23","7 day R","2020-06-29","DE","quantile","0.975",1.23294050862953
"2021-06-23","7 day R","2020-06-30","DE","point","NA",0.970285490832094
"2021-06-23","7 day R","2020-06-30","DE","quantile","0.025",0.712043867175922
"2021-06-23","7 day R","2020-06-30","DE","quantile","0.975",1.22510836765929
"2021-06-23","7 day R","2020-07-01","DE","point","NA",0.966691119653412
"2021-06-23","7 day R","2020-07-01","DE","quantile","0.025",0.709341745062848
"2021-06-23","7 day R","2020-07-01","DE","quantile","0.975",1.22074808486495
"2021-06-23","7 day R","2020-07-02","DE","point","NA",0.960073808403444
"2021-06-23","7 day R","2020-07-02","DE","quantile","0.025",0.705451124436071
"2021-06-23","7 day R","2020-07-02","DE","quantile","0.975",1.21587197227611
"2021-06-23","7 day R","2020-07-03","DE","point","NA",0.959713158960006
"2021-06-23","7 day R","2020-07-03","DE","quantile","0.025",0.704825722226715
"2021-06-23","7 day R","2020-07-03","DE","quantile","0.975",1.20981165515984
"2021-06-23","7 day R","2020-07-04","DE","point","NA",0.964893599438371
"2021-06-23","7 day R","2020-07-04","DE","quantile","0.025",0.709130567568625
"2021-06-23","7 day R","2020-07-04","DE","quantile","0.975",1.2186351409697
"2021-06-23","7 day R","2020-07-05","DE","point","NA",0.96594853076923
"2021-06-23","7 day R","2020-07-05","DE","quantile","0.025",0.710738791213835
"2021-06-23","7 day R","2020-07-05","DE","quantile","0.975",1.22198375213625
"2021-06-23","7 day R","2020-07-06","DE","point","NA",0.961959492817971
"2021-06-23","7 day R","2020-07-06","DE","quantile","0.025",0.707606375494212
"2021-06-23","7 day R","2020-07-06","DE","quantile","0.975",1.21357455875524
"2021-06-23","7 day R","2020-07-07","DE","point","NA",0.948547233292802
"2021-06-23","7 day R","2020-07-07","DE","quantile","0.025",0.694572102273539
"2021-06-23","7 day R","2020-07-07","DE","quantile","0.975",1.19930513371149
"2021-06-23","7 day R","2020-07-08","DE","point","NA",0.943464739906834
"2021-06-23","7 day R","2020-07-08","DE","quantile","0.025",0.687869325289797
"2021-06-23","7 day R","2020-07-08","DE","quantile","0.975",1.19501435358111
"2021-06-23","7 day R","2020-07-09","DE","point","NA",0.944837135533457
"2021-06-23","7 day R","2020-07-09","DE","quantile","0.025",0.688902019381456
"2021-06-23","7 day R","2020-07-09","DE","quantile","0.975",1.19729044342922
"2021-06-23","7 day R","2020-07-10","DE","point","NA",0.958828587964867
"2021-06-23","7 day R","2020-07-10","DE","quantile","0.025",0.703566557466585
"2021-06-23","7 day R","2020-07-10","DE","quantile","0.975",1.20672467892582
"2021-06-23","7 day R","2020-07-11","DE","point","NA",0.981100942763429
"2021-06-23","7 day R","2020-07-11","DE","quantile","0.025",0.725988908927247
"2021-06-23","7 day R","2020-07-11","DE","quantile","0.975",1.23373239949548
"2021-06-23","7 day R","2020-07-12","DE","point","NA",0.997479594018897
"2021-06-23","7 day R","2020-07-12","DE","quantile","0.025",0.745331845886938
"2021-06-23","7 day R","2020-07-12","DE","quantile","0.975",1.24991648744887
"2021-06-23","7 day R","2020-07-13","DE","point","NA",1.0153279760153
"2021-06-23","7 day R","2020-07-13","DE","quantile","0.025",0.761201277278361
"2021-06-23","7 day R","2020-07-13","DE","quantile","0.975",1.2689935228485
"2021-06-23","7 day R","2020-07-14","DE","point","NA",1.04054864546581
"2021-06-23","7 day R","2020-07-14","DE","quantile","0.025",0.789088160056324
"2021-06-23","7 day R","2020-07-14","DE","quantile","0.975",1.29012885740658
"2021-06-23","7 day R","2020-07-15","DE","point","NA",1.07132816445315
"2021-06-23","7 day R","2020-07-15","DE","quantile","0.025",0.819908012202006
"2021-06-23","7 day R","2020-07-15","DE","quantile","0.975",1.32084935518244
"2021-06-23","7 day R","2020-07-16","DE","point","NA",1.09918685280259
"2021-06-23","7 day R","2020-07-16","DE","quantile","0.025",0.849991376450642
"2021-06-23","7 day R","2020-07-16","DE","quantile","0.975",1.35402780604132
"2021-06-23","7 day R","2020-07-17","DE","point","NA",1.12014783515932
"2021-06-23","7 day R","2020-07-17","DE","quantile","0.025",0.872152808066406
"2021-06-23","7 day R","2020-07-17","DE","quantile","0.975",1.37489891261482
"2021-06-23","7 day R","2020-07-18","DE","point","NA",1.13253865017663
"2021-06-23","7 day R","2020-07-18","DE","quantile","0.025",0.885033420804868
"2021-06-23","7 day R","2020-07-18","DE","quantile","0.975",1.38529496692369
"2021-06-23","7 day R","2020-07-19","DE","point","NA",1.14540494773155
"2021-06-23","7 day R","2020-07-19","DE","quantile","0.025",0.892645903574081
"2021-06-23","7 day R","2020-07-19","DE","quantile","0.975",1.40185460075815
"2021-06-23","7 day R","2020-07-20","DE","point","NA",1.15668389515779
"2021-06-23","7 day R","2020-07-20","DE","quantile","0.025",0.904774125496313
"2021-06-23","7 day R","2020-07-20","DE","quantile","0.975",1.40917220330747
"2021-06-23","7 day R","2020-07-21","DE","point","NA",1.16028730945941
"2021-06-23","7 day R","2020-07-21","DE","quantile","0.025",0.908592420747507
"2021-06-23","7 day R","2020-07-21","DE","quantile","0.975",1.41283698837543
"2021-06-23","7 day R","2020-07-22","DE","point","NA",1.16798052595193
"2021-06-23","7 day R","2020-07-22","DE","quantile","0.025",0.913246319774449
"2021-06-23","7 day R","2020-07-22","DE","quantile","0.975",1.42157950744469
"2021-06-23","7 day R","2020-07-23","DE","point","NA",1.17681770448729
"2021-06-23","7 day R","2020-07-23","DE","quantile","0.025",0.923430526714423
"2021-06-23","7 day R","2020-07-23","DE","quantile","0.975",1.42907002164852
"2021-06-23","7 day R","2020-07-24","DE","point","NA",1.18830829443466
"2021-06-23","7 day R","2020-07-24","DE","quantile","0.025",0.934440456495533
"2021-06-23","7 day R","2020-07-24","DE","quantile","0.975",1.44255005544606
"2021-06-23","7 day R","2020-07-25","DE","point","NA",1.1951811317076
"2021-06-23","7 day R","2020-07-25","DE","quantile","0.025",0.942641617599036
"2021-06-23","7 day R","2020-07-25","DE","quantile","0.975",1.45240739700338
"2021-06-23","7 day R","2020-07-26","DE","point","NA",1.19396438134622
"2021-06-23","7 day R","2020-07-26","DE","quantile","0.025",0.945240989856859
"2021-06-23","7 day R","2020-07-26","DE","quantile","0.975",1.44991269063156
"2021-06-23","7 day R","2020-07-27","DE","point","NA",1.19026266921399
"2021-06-23","7 day R","2020-07-27","DE","quantile","0.025",0.938727635747604
"2021-06-23","7 day R","2020-07-27","DE","quantile","0.975",1.44431353343659
"2021-06-23","7 day R","2020-07-28","DE","point","NA",1.199833999642
"2021-06-23","7 day R","2020-07-28","DE","quantile","0.025",0.949567069280754
"2021-06-23","7 day R","2020-07-28","DE","quantile","0.975",1.45345512432838
"2021-06-23","7 day R","2020-07-29","DE","point","NA",1.20749973293248
"2021-06-23","7 day R","2020-07-29","DE","quantile","0.025",0.957850503053992
"2021-06-23","7 day R","2020-07-29","DE","quantile","0.975",1.45880660127229
"2021-06-23","7 day R","2020-07-30","DE","point","NA",1.21106248528929
"2021-06-23","7 day R","2020-07-30","DE","quantile","0.025",0.961093325042946
"2021-06-23","7 day R","2020-07-30","DE","quantile","0.975",1.46160853149168
"2021-06-23","7 day R","2020-07-31","DE","point","NA",1.20629523212308
"2021-06-23","7 day R","2020-07-31","DE","quantile","0.025",0.956066783500695
"2021-06-23","7 day R","2020-07-31","DE","quantile","0.975",1.4582473013917
"2021-06-23","7 day R","2020-08-01","DE","point","NA",1.20293850150714
"2021-06-23","7 day R","2020-08-01","DE","quantile","0.025",0.951736713581383
"2021-06-23","7 day R","2020-08-01","DE","quantile","0.975",1.45578679033498
"2021-06-23","7 day R","2020-08-02","DE","point","NA",1.2032322708116
"2021-06-23","7 day R","2020-08-02","DE","quantile","0.025",0.951621454493853
"2021-06-23","7 day R","2020-08-02","DE","quantile","0.975",1.45673118273545
"2021-06-23","7 day R","2020-08-03","DE","point","NA",1.21090131088861
"2021-06-23","7 day R","2020-08-03","DE","quantile","0.025",0.960627524189758
"2021-06-23","7 day R","2020-08-03","DE","quantile","0.975",1.4610468892552
"2021-06-23","7 day R","2020-08-04","DE","point","NA",1.21529129732031
"2021-06-23","7 day R","2020-08-04","DE","quantile","0.025",0.962954527860861
"2021-06-23","7 day R","2020-08-04","DE","quantile","0.975",1.468550958033
"2021-06-23","7 day R","2020-08-05","DE","point","NA",1.22088011716816
"2021-06-23","7 day R","2020-08-05","DE","quantile","0.025",0.970429153594532
"2021-06-23","7 day R","2020-08-05","DE","quantile","0.975",1.47061693394677
"2021-06-23","7 day R","2020-08-06","DE","point","NA",1.21378743627015
"2021-06-23","7 day R","2020-08-06","DE","quantile","0.025",0.963502305604606
"2021-06-23","7 day R","2020-08-06","DE","quantile","0.975",1.46631988133097
"2021-06-23","7 day R","2020-08-07","DE","point","NA",1.2113759954127
"2021-06-23","7 day R","2020-08-07","DE","quantile","0.025",0.962275156829117
"2021-06-23","7 day R","2020-08-07","DE","quantile","0.975",1.46506959874992
"2021-06-23","7 day R","2020-08-08","DE","point","NA",1.20857889041796
"2021-06-23","7 day R","2020-08-08","DE","quantile","0.025",0.95921104230273
"2021-06-23","7 day R","2020-08-08","DE","quantile","0.975",1.46246027628656
"2021-06-23","7 day R","2020-08-09","DE","point","NA",1.20829897115615
"2021-06-23","7 day R","2020-08-09","DE","quantile","0.025",0.954611232104484
"2021-06-23","7 day R","2020-08-09","DE","quantile","0.975",1.46281450157156
"2021-06-23","7 day R","2020-08-10","DE","point","NA",1.21175710331905
"2021-06-23","7 day R","2020-08-10","DE","quantile","0.025",0.959474036270944
"2021-06-23","7 day R","2020-08-10","DE","quantile","0.975",1.46688193536752
"2021-06-23","7 day R","2020-08-11","DE","point","NA",1.21060306440622
"2021-06-23","7 day R","2020-08-11","DE","quantile","0.025",0.957244589614834
"2021-06-23","7 day R","2020-08-11","DE","quantile","0.975",1.46670622337583
"2021-06-23","7 day R","2020-08-12","DE","point","NA",1.20628902133624
"2021-06-23","7 day R","2020-08-12","DE","quantile","0.025",0.951867078131577
"2021-06-23","7 day R","2020-08-12","DE","quantile","0.975",1.45888312591806
"2021-06-23","7 day R","2020-08-13","DE","point","NA",1.20168392377939
"2021-06-23","7 day R","2020-08-13","DE","quantile","0.025",0.950810669252672
"2021-06-23","7 day R","2020-08-13","DE","quantile","0.975",1.454803820794
"2021-06-23","7 day R","2020-08-14","DE","point","NA",1.19360468401374
"2021-06-23","7 day R","2020-08-14","DE","quantile","0.025",0.943531919739478
"2021-06-23","7 day R","2020-08-14","DE","quantile","0.975",1.44677095997761
"2021-06-23","7 day R","2020-08-15","DE","point","NA",1.1844024417003
"2021-06-23","7 day R","2020-08-15","DE","quantile","0.025",0.93176508034765
"2021-06-23","7 day R","2020-08-15","DE","quantile","0.975",1.43538919792622
"2021-06-23","7 day R","2020-08-16","DE","point","NA",1.18067640039115
"2021-06-23","7 day R","2020-08-16","DE","quantile","0.025",0.928733834830985
"2021-06-23","7 day R","2020-08-16","DE","quantile","0.975",1.42985288239716
"2021-06-23","7 day R","2020-08-17","DE","point","NA",1.17984585298893
"2021-06-23","7 day R","2020-08-17","DE","quantile","0.025",0.928909848618911
"2021-06-23","7 day R","2020-08-17","DE","quantile","0.975",1.4329396965938
"2021-06-23","7 day R","2020-08-18","DE","point","NA",1.16963069362491
"2021-06-23","7 day R","2020-08-18","DE","quantile","0.025",0.914231700044933
"2021-06-23","7 day R","2020-08-18","DE","quantile","0.975",1.42224970773754
"2021-06-23","7 day R","2020-08-19","DE","point","NA",1.15496468346848
"2021-06-23","7 day R","2020-08-19","DE","quantile","0.025",0.902458333434994
"2021-06-23","7 day R","2020-08-19","DE","quantile","0.975",1.40677078977891
"2021-06-23","7 day R","2020-08-20","DE","point","NA",1.13872830391941
"2021-06-23","7 day R","2020-08-20","DE","quantile","0.025",0.884082330899072
"2021-06-23","7 day R","2020-08-20","DE","quantile","0.975",1.39524011007338
"2021-06-23","7 day R","2020-08-21","DE","point","NA",1.12382722426579
"2021-06-23","7 day R","2020-08-21","DE","quantile","0.025",0.873884300806429
"2021-06-23","7 day R","2020-08-21","DE","quantile","0.975",1.37550038774487
"2021-06-23","7 day R","2020-08-22","DE","point","NA",1.1094923948268
"2021-06-23","7 day R","2020-08-22","DE","quantile","0.025",0.860298596897301
"2021-06-23","7 day R","2020-08-22","DE","quantile","0.975",1.36272559907622
"2021-06-23","7 day R","2020-08-23","DE","point","NA",1.09844227741888
"2021-06-23","7 day R","2020-08-23","DE","quantile","0.025",0.850815683902541
"2021-06-23","7 day R","2020-08-23","DE","quantile","0.975",1.34898857947643
"2021-06-23","7 day R","2020-08-24","DE","point","NA",1.08798011211135
"2021-06-23","7 day R","2020-08-24","DE","quantile","0.025",0.839123860838065
"2021-06-23","7 day R","2020-08-24","DE","quantile","0.975",1.33813841514695
"2021-06-23","7 day R","2020-08-25","DE","point","NA",1.07584539260532
"2021-06-23","7 day R","2020-08-25","DE","quantile","0.025",0.825580284185528
"2021-06-23","7 day R","2020-08-25","DE","quantile","0.975",1.32619095976129
"2021-06-23","7 day R","2020-08-26","DE","point","NA",1.06112436377945
"2021-06-23","7 day R","2020-08-26","DE","quantile","0.025",0.808541850238069
"2021-06-23","7 day R","2020-08-26","DE","quantile","0.975",1.31002628585719
"2021-06-23","7 day R","2020-08-27","DE","point","NA",1.05052327596696
"2021-06-23","7 day R","2020-08-27","DE","quantile","0.025",0.799181455783742
"2021-06-23","7 day R","2020-08-27","DE","quantile","0.975",1.30095425278066
"2021-06-23","7 day R","2020-08-28","DE","point","NA",1.0418166989257
"2021-06-23","7 day R","2020-08-28","DE","quantile","0.025",0.791891049460663
"2021-06-23","7 day R","2020-08-28","DE","quantile","0.975",1.29241601865998
"2021-06-23","7 day R","2020-08-29","DE","point","NA",1.03648065789841
"2021-06-23","7 day R","2020-08-29","DE","quantile","0.025",0.786015694639552
"2021-06-23","7 day R","2020-08-29","DE","quantile","0.975",1.28762247719465
"2021-06-23","7 day R","2020-08-30","DE","point","NA",1.03434951391804
"2021-06-23","7 day R","2020-08-30","DE","quantile","0.025",0.782647602949493
"2021-06-23","7 day R","2020-08-30","DE","quantile","0.975",1.28574957628058
"2021-06-23","7 day R","2020-08-31","DE","point","NA",1.03494280595244
"2021-06-23","7 day R","2020-08-31","DE","quantile","0.025",0.784408239133769
"2021-06-23","7 day R","2020-08-31","DE","quantile","0.975",1.28466684535146
"2021-06-23","7 day R","2020-09-01","DE","point","NA",1.03582536603298
"2021-06-23","7 day R","2020-09-01","DE","quantile","0.025",0.785418390373843
"2021-06-23","7 day R","2020-09-01","DE","quantile","0.975",1.28636577009601
"2021-06-23","7 day R","2020-09-02","DE","point","NA",1.03701539671312
"2021-06-23","7 day R","2020-09-02","DE","quantile","0.025",0.785324920856356
"2021-06-23","7 day R","2020-09-02","DE","quantile","0.975",1.28437818078521
"2021-06-23","7 day R","2020-09-03","DE","point","NA",1.03997743498737
"2021-06-23","7 day R","2020-09-03","DE","quantile","0.025",0.788319743628919
"2021-06-23","7 day R","2020-09-03","DE","quantile","0.975",1.28656091862815
"2021-06-23","7 day R","2020-09-04","DE","point","NA",1.04698562164248
"2021-06-23","7 day R","2020-09-04","DE","quantile","0.025",0.796619819237822
"2021-06-23","7 day R","2020-09-04","DE","quantile","0.975",1.29337695080255
"2021-06-23","7 day R","2020-09-05","DE","point","NA",1.05671364842709
"2021-06-23","7 day R","2020-09-05","DE","quantile","0.025",0.804482765566269
"2021-06-23","7 day R","2020-09-05","DE","quantile","0.975",1.30502969558224
"2021-06-23","7 day R","2020-09-06","DE","point","NA",1.06973521055168
"2021-06-23","7 day R","2020-09-06","DE","quantile","0.025",0.815918910447581
"2021-06-23","7 day R","2020-09-06","DE","quantile","0.975",1.31737177541986
"2021-06-23","7 day R","2020-09-07","DE","point","NA",1.08071314545581
"2021-06-23","7 day R","2020-09-07","DE","quantile","0.025",0.828961176111933
"2021-06-23","7 day R","2020-09-07","DE","quantile","0.975",1.33262694211132
"2021-06-23","7 day R","2020-09-08","DE","point","NA",1.08296497357471
"2021-06-23","7 day R","2020-09-08","DE","quantile","0.025",0.831024992622226
"2021-06-23","7 day R","2020-09-08","DE","quantile","0.975",1.33372467379752
"2021-06-23","7 day R","2020-09-09","DE","point","NA",1.084081987859
"2021-06-23","7 day R","2020-09-09","DE","quantile","0.025",0.833622478149997
"2021-06-23","7 day R","2020-09-09","DE","quantile","0.975",1.33424604087907
"2021-06-23","7 day R","2020-09-10","DE","point","NA",1.0882741743479
"2021-06-23","7 day R","2020-09-10","DE","quantile","0.025",0.834138987853367
"2021-06-23","7 day R","2020-09-10","DE","quantile","0.975",1.34056629421025
"2021-06-23","7 day R","2020-09-11","DE","point","NA",1.09351228767306
"2021-06-23","7 day R","2020-09-11","DE","quantile","0.025",0.836307496192528
"2021-06-23","7 day R","2020-09-11","DE","quantile","0.975",1.34585511094999
"2021-06-23","7 day R","2020-09-12","DE","point","NA",1.10236567178762
"2021-06-23","7 day R","2020-09-12","DE","quantile","0.025",0.846779247300675
"2021-06-23","7 day R","2020-09-12","DE","quantile","0.975",1.35289748861032
"2021-06-23","7 day R","2020-09-13","DE","point","NA",1.11070750682595
"2021-06-23","7 day R","2020-09-13","DE","quantile","0.025",0.854587494160818
"2021-06-23","7 day R","2020-09-13","DE","quantile","0.975",1.35764014328538
"2021-06-23","7 day R","2020-09-14","DE","point","NA",1.11582618040528
"2021-06-23","7 day R","2020-09-14","DE","quantile","0.025",0.861932488675681
"2021-06-23","7 day R","2020-09-14","DE","quantile","0.975",1.36415382544688
"2021-06-23","7 day R","2020-09-15","DE","point","NA",1.12647218660467
"2021-06-23","7 day R","2020-09-15","DE","quantile","0.025",0.877730081731837
"2021-06-23","7 day R","2020-09-15","DE","quantile","0.975",1.37727369140098
"2021-06-23","7 day R","2020-09-16","DE","point","NA",1.13077119147478
"2021-06-23","7 day R","2020-09-16","DE","quantile","0.025",0.879095193115677
"2021-06-23","7 day R","2020-09-16","DE","quantile","0.975",1.38121379994519
"2021-06-23","7 day R","2020-09-17","DE","point","NA",1.13401807162916
"2021-06-23","7 day R","2020-09-17","DE","quantile","0.025",0.881349452175583
"2021-06-23","7 day R","2020-09-17","DE","quantile","0.975",1.38831130075101
"2021-06-23","7 day R","2020-09-18","DE","point","NA",1.13620061369937
"2021-06-23","7 day R","2020-09-18","DE","quantile","0.025",0.883803128228756
"2021-06-23","7 day R","2020-09-18","DE","quantile","0.975",1.38612276270497
"2021-06-23","7 day R","2020-09-19","DE","point","NA",1.13582241226999
"2021-06-23","7 day R","2020-09-19","DE","quantile","0.025",0.882744746685582
"2021-06-23","7 day R","2020-09-19","DE","quantile","0.975",1.38711068831701
"2021-06-23","7 day R","2020-09-20","DE","point","NA",1.12810185000952
"2021-06-23","7 day R","2020-09-20","DE","quantile","0.025",0.87407863214465
"2021-06-23","7 day R","2020-09-20","DE","quantile","0.975",1.37681175003831
"2021-06-23","7 day R","2020-09-21","DE","point","NA",1.12003490721409
"2021-06-23","7 day R","2020-09-21","DE","quantile","0.025",0.863952454943582
"2021-06-23","7 day R","2020-09-21","DE","quantile","0.975",1.37283516529406
"2021-06-23","7 day R","2020-09-22","DE","point","NA",1.12219780894931
"2021-06-23","7 day R","2020-09-22","DE","quantile","0.025",0.868679728018088
"2021-06-23","7 day R","2020-09-22","DE","quantile","0.975",1.37674005379045
"2021-06-23","7 day R","2020-09-23","DE","point","NA",1.12306367870133
"2021-06-23","7 day R","2020-09-23","DE","quantile","0.025",0.866229499473324
"2021-06-23","7 day R","2020-09-23","DE","quantile","0.975",1.37466535900444
"2021-06-23","7 day R","2020-09-24","DE","point","NA",1.13349111530259
"2021-06-23","7 day R","2020-09-24","DE","quantile","0.025",0.877649174216796
"2021-06-23","7 day R","2020-09-24","DE","quantile","0.975",1.38292716248517
"2021-06-23","7 day R","2020-09-25","DE","point","NA",1.14474291813473
"2021-06-23","7 day R","2020-09-25","DE","quantile","0.025",0.891180131988715
"2021-06-23","7 day R","2020-09-25","DE","quantile","0.975",1.39580195832259
"2021-06-23","7 day R","2020-09-26","DE","point","NA",1.15427498896598
"2021-06-23","7 day R","2020-09-26","DE","quantile","0.025",0.900304566186814
"2021-06-23","7 day R","2020-09-26","DE","quantile","0.975",1.40727236559407
"2021-06-23","7 day R","2020-09-27","DE","point","NA",1.16578510941809
"2021-06-23","7 day R","2020-09-27","DE","quantile","0.025",0.912211830681989
"2021-06-23","7 day R","2020-09-27","DE","quantile","0.975",1.41760884498101
"2021-06-23","7 day R","2020-09-28","DE","point","NA",1.17425466902694
"2021-06-23","7 day R","2020-09-28","DE","quantile","0.025",0.922093096601771
"2021-06-23","7 day R","2020-09-28","DE","quantile","0.975",1.42873985140798
"2021-06-23","7 day R","2020-09-29","DE","point","NA",1.18354242097368
"2021-06-23","7 day R","2020-09-29","DE","quantile","0.025",0.926086617481769
"2021-06-23","7 day R","2020-09-29","DE","quantile","0.975",1.44002792083485
"2021-06-23","7 day R","2020-09-30","DE","point","NA",1.19637459438788
"2021-06-23","7 day R","2020-09-30","DE","quantile","0.025",0.939770090244206
"2021-06-23","7 day R","2020-09-30","DE","quantile","0.975",1.44872985029652
"2021-06-23","7 day R","2020-10-01","DE","point","NA",1.21213701532373
"2021-06-23","7 day R","2020-10-01","DE","quantile","0.025",0.9540249999229
"2021-06-23","7 day R","2020-10-01","DE","quantile","0.975",1.46656167332033
"2021-06-23","7 day R","2020-10-02","DE","point","NA",1.23127041152676
"2021-06-23","7 day R","2020-10-02","DE","quantile","0.025",0.976515929197906
"2021-06-23","7 day R","2020-10-02","DE","quantile","0.975",1.48992540925391
"2021-06-23","7 day R","2020-10-03","DE","point","NA",1.25075208790328
"2021-06-23","7 day R","2020-10-03","DE","quantile","0.025",0.995928312094248
"2021-06-23","7 day R","2020-10-03","DE","quantile","0.975",1.50793355029426
"2021-06-23","7 day R","2020-10-04","DE","point","NA",1.27265803918696
"2021-06-23","7 day R","2020-10-04","DE","quantile","0.025",1.0168732091269
"2021-06-23","7 day R","2020-10-04","DE","quantile","0.975",1.52759368559887
"2021-06-23","7 day R","2020-10-05","DE","point","NA",1.29505860030903
"2021-06-23","7 day R","2020-10-05","DE","quantile","0.025",1.03918394918626
"2021-06-23","7 day R","2020-10-05","DE","quantile","0.975",1.55000019578584
"2021-06-23","7 day R","2020-10-06","DE","point","NA",1.31617111791005
"2021-06-23","7 day R","2020-10-06","DE","quantile","0.025",1.05948247007263
"2021-06-23","7 day R","2020-10-06","DE","quantile","0.975",1.57315591975931
"2021-06-23","7 day R","2020-10-07","DE","point","NA",1.34079564289993
"2021-06-23","7 day R","2020-10-07","DE","quantile","0.025",1.08733417511818
"2021-06-23","7 day R","2020-10-07","DE","quantile","0.975",1.59659012088701
"2021-06-23","7 day R","2020-10-08","DE","point","NA",1.36205803014393
"2021-06-23","7 day R","2020-10-08","DE","quantile","0.025",1.10632133857565
"2021-06-23","7 day R","2020-10-08","DE","quantile","0.975",1.6203368361691
"2021-06-23","7 day R","2020-10-09","DE","point","NA",1.37384137117101
"2021-06-23","7 day R","2020-10-09","DE","quantile","0.025",1.11885769204154
"2021-06-23","7 day R","2020-10-09","DE","quantile","0.975",1.63249074550915
"2021-06-23","7 day R","2020-10-10","DE","point","NA",1.38650559630506
"2021-06-23","7 day R","2020-10-10","DE","quantile","0.025",1.13316071910318
"2021-06-23","7 day R","2020-10-10","DE","quantile","0.975",1.64208475871411
"2021-06-23","7 day R","2020-10-11","DE","point","NA",1.40020271880988
"2021-06-23","7 day R","2020-10-11","DE","quantile","0.025",1.14629094672969
"2021-06-23","7 day R","2020-10-11","DE","quantile","0.975",1.65748907414199
"2021-06-23","7 day R","2020-10-12","DE","point","NA",1.41263772099217
"2021-06-23","7 day R","2020-10-12","DE","quantile","0.025",1.15775498108452
"2021-06-23","7 day R","2020-10-12","DE","quantile","0.975",1.66977146222628
"2021-06-23","7 day R","2020-10-13","DE","point","NA",1.41007561518857
"2021-06-23","7 day R","2020-10-13","DE","quantile","0.025",1.15939039483168
"2021-06-23","7 day R","2020-10-13","DE","quantile","0.975",1.6629895021659
"2021-06-23","7 day R","2020-10-14","DE","point","NA",1.41165024933193
"2021-06-23","7 day R","2020-10-14","DE","quantile","0.025",1.16148904181991
"2021-06-23","7 day R","2020-10-14","DE","quantile","0.975",1.66490545212874
"2021-06-23","7 day R","2020-10-15","DE","point","NA",1.41173459644269
"2021-06-23","7 day R","2020-10-15","DE","quantile","0.025",1.15847740806156
"2021-06-23","7 day R","2020-10-15","DE","quantile","0.975",1.66502506564501
"2021-06-23","7 day R","2020-10-16","DE","point","NA",1.40638597273076
"2021-06-23","7 day R","2020-10-16","DE","quantile","0.025",1.14932443692624
"2021-06-23","7 day R","2020-10-16","DE","quantile","0.975",1.65690610281969
"2021-06-23","7 day R","2020-10-17","DE","point","NA",1.4032966411476
"2021-06-23","7 day R","2020-10-17","DE","quantile","0.025",1.14778865352637
"2021-06-23","7 day R","2020-10-17","DE","quantile","0.975",1.65799648675498
"2021-06-23","7 day R","2020-10-18","DE","point","NA",1.40396309651973
"2021-06-23","7 day R","2020-10-18","DE","quantile","0.025",1.14982947794488
"2021-06-23","7 day R","2020-10-18","DE","quantile","0.975",1.6601067978711
"2021-06-23","7 day R","2020-10-19","DE","point","NA",1.40687926890976
"2021-06-23","7 day R","2020-10-19","DE","quantile","0.025",1.15628436651254
"2021-06-23","7 day R","2020-10-19","DE","quantile","0.975",1.66159692085512
"2021-06-23","7 day R","2020-10-20","DE","point","NA",1.40759182601658
"2021-06-23","7 day R","2020-10-20","DE","quantile","0.025",1.15405199128455
"2021-06-23","7 day R","2020-10-20","DE","quantile","0.975",1.66353620735163
"2021-06-23","7 day R","2020-10-21","DE","point","NA",1.40381150073585
"2021-06-23","7 day R","2020-10-21","DE","quantile","0.025",1.148517818428
"2021-06-23","7 day R","2020-10-21","DE","quantile","0.975",1.65811436047275
"2021-06-23","7 day R","2020-10-22","DE","point","NA",1.39658414641623
"2021-06-23","7 day R","2020-10-22","DE","quantile","0.025",1.13970481458568
"2021-06-23","7 day R","2020-10-22","DE","quantile","0.975",1.65284304952913
"2021-06-23","7 day R","2020-10-23","DE","point","NA",1.40779018573986
"2021-06-23","7 day R","2020-10-23","DE","quantile","0.025",1.15272435879815
"2021-06-23","7 day R","2020-10-23","DE","quantile","0.975",1.66853594865751
"2021-06-23","7 day R","2020-10-24","DE","point","NA",1.41041264092416
"2021-06-23","7 day R","2020-10-24","DE","quantile","0.025",1.15303485277793
"2021-06-23","7 day R","2020-10-24","DE","quantile","0.975",1.66982673282186
"2021-06-23","7 day R","2020-10-25","DE","point","NA",1.40568621627312
"2021-06-23","7 day R","2020-10-25","DE","quantile","0.025",1.15104216267111
"2021-06-23","7 day R","2020-10-25","DE","quantile","0.975",1.66069147145861
"2021-06-23","7 day R","2020-10-26","DE","point","NA",1.39260383672559
"2021-06-23","7 day R","2020-10-26","DE","quantile","0.025",1.13867981853976
"2021-06-23","7 day R","2020-10-26","DE","quantile","0.975",1.64969769010278
"2021-06-23","7 day R","2020-10-27","DE","point","NA",1.38048877681053
"2021-06-23","7 day R","2020-10-27","DE","quantile","0.025",1.12577423177536
"2021-06-23","7 day R","2020-10-27","DE","quantile","0.975",1.63991241628382
"2021-06-23","7 day R","2020-10-28","DE","point","NA",1.36660490888287
"2021-06-23","7 day R","2020-10-28","DE","quantile","0.025",1.11252814212622
"2021-06-23","7 day R","2020-10-28","DE","quantile","0.975",1.62334326097866
"2021-06-23","7 day R","2020-10-29","DE","point","NA",1.36032908923025
"2021-06-23","7 day R","2020-10-29","DE","quantile","0.025",1.10477434137282
"2021-06-23","7 day R","2020-10-29","DE","quantile","0.975",1.61737105662642
"2021-06-23","7 day R","2020-10-30","DE","point","NA",1.34768071110558
"2021-06-23","7 day R","2020-10-30","DE","quantile","0.025",1.09682234636975
"2021-06-23","7 day R","2020-10-30","DE","quantile","0.975",1.60270421754997
"2021-06-23","7 day R","2020-10-31","DE","point","NA",1.33436098094046
"2021-06-23","7 day R","2020-10-31","DE","quantile","0.025",1.08025385795551
"2021-06-23","7 day R","2020-10-31","DE","quantile","0.975",1.58675107384643
"2021-06-23","7 day R","2020-11-01","DE","point","NA",1.31929257951191
"2021-06-23","7 day R","2020-11-01","DE","quantile","0.025",1.06877920832697
"2021-06-23","7 day R","2020-11-01","DE","quantile","0.975",1.57579688150935
"2021-06-23","7 day R","2020-11-02","DE","point","NA",1.29985626699603
"2021-06-23","7 day R","2020-11-02","DE","quantile","0.025",1.04789912158403
"2021-06-23","7 day R","2020-11-02","DE","quantile","0.975",1.55323282678552
"2021-06-23","7 day R","2020-11-03","DE","point","NA",1.26359387560449
"2021-06-23","7 day R","2020-11-03","DE","quantile","0.025",1.01321489283678
"2021-06-23","7 day R","2020-11-03","DE","quantile","0.975",1.51578082422173
"2021-06-23","7 day R","2020-11-04","DE","point","NA",1.25110851394998
"2021-06-23","7 day R","2020-11-04","DE","quantile","0.025",0.999949351741884
"2021-06-23","7 day R","2020-11-04","DE","quantile","0.975",1.50936275018197
"2021-06-23","7 day R","2020-11-05","DE","point","NA",1.22498975400594
"2021-06-23","7 day R","2020-11-05","DE","quantile","0.025",0.974987221779832
"2021-06-23","7 day R","2020-11-05","DE","quantile","0.975",1.4821225780953
"2021-06-23","7 day R","2020-11-06","DE","point","NA",1.19978327943846
"2021-06-23","7 day R","2020-11-06","DE","quantile","0.025",0.94842461449164
"2021-06-23","7 day R","2020-11-06","DE","quantile","0.975",1.45563033944993
"2021-06-23","7 day R","2020-11-07","DE","point","NA",1.174737364253
"2021-06-23","7 day R","2020-11-07","DE","quantile","0.025",0.920317792039046
"2021-06-23","7 day R","2020-11-07","DE","quantile","0.975",1.42741228377377
"2021-06-23","7 day R","2020-11-08","DE","point","NA",1.15456203261564
"2021-06-23","7 day R","2020-11-08","DE","quantile","0.025",0.900423259709577
"2021-06-23","7 day R","2020-11-08","DE","quantile","0.975",1.40879156942366
"2021-06-23","7 day R","2020-11-09","DE","point","NA",1.12934501245897
"2021-06-23","7 day R","2020-11-09","DE","quantile","0.025",0.870541926642356
"2021-06-23","7 day R","2020-11-09","DE","quantile","0.975",1.3825651559337
"2021-06-23","7 day R","2020-11-10","DE","point","NA",1.12257941560204
"2021-06-23","7 day R","2020-11-10","DE","quantile","0.025",0.870599404283564
"2021-06-23","7 day R","2020-11-10","DE","quantile","0.975",1.3782014587605
"2021-06-23","7 day R","2020-11-11","DE","point","NA",1.10389000827634
"2021-06-23","7 day R","2020-11-11","DE","quantile","0.025",0.85166043856469
"2021-06-23","7 day R","2020-11-11","DE","quantile","0.975",1.35634779719504
"2021-06-23","7 day R","2020-11-12","DE","point","NA",1.09309032866116
"2021-06-23","7 day R","2020-11-12","DE","quantile","0.025",0.838756526478982
"2021-06-23","7 day R","2020-11-12","DE","quantile","0.975",1.34563259310187
"2021-06-23","7 day R","2020-11-13","DE","point","NA",1.08181362342451
"2021-06-23","7 day R","2020-11-13","DE","quantile","0.025",0.827150920043594
"2021-06-23","7 day R","2020-11-13","DE","quantile","0.975",1.33525557950385
"2021-06-23","7 day R","2020-11-14","DE","point","NA",1.07126572174779
"2021-06-23","7 day R","2020-11-14","DE","quantile","0.025",0.817693099981693
"2021-06-23","7 day R","2020-11-14","DE","quantile","0.975",1.32502995848761
"2021-06-23","7 day R","2020-11-15","DE","point","NA",1.06114145858645
"2021-06-23","7 day R","2020-11-15","DE","quantile","0.025",0.808593747722605
"2021-06-23","7 day R","2020-11-15","DE","quantile","0.975",1.31488733148422
"2021-06-23","7 day R","2020-11-16","DE","point","NA",1.06067473084033
"2021-06-23","7 day R","2020-11-16","DE","quantile","0.025",0.808026010049322
"2021-06-23","7 day R","2020-11-16","DE","quantile","0.975",1.31306470079669
"2021-06-23","7 day R","2020-11-17","DE","point","NA",1.06032593007661
"2021-06-23","7 day R","2020-11-17","DE","quantile","0.025",0.80688475115737
"2021-06-23","7 day R","2020-11-17","DE","quantile","0.975",1.31151916549783
"2021-06-23","7 day R","2020-11-18","DE","point","NA",1.05108799121352
"2021-06-23","7 day R","2020-11-18","DE","quantile","0.025",0.797321239962662
"2021-06-23","7 day R","2020-11-18","DE","quantile","0.975",1.30391885474848
"2021-06-23","7 day R","2020-11-19","DE","point","NA",1.04588639558174
"2021-06-23","7 day R","2020-11-19","DE","quantile","0.025",0.793343384720819
"2021-06-23","7 day R","2020-11-19","DE","quantile","0.975",1.29878300746739
"2021-06-23","7 day R","2020-11-20","DE","point","NA",1.03971383811293
"2021-06-23","7 day R","2020-11-20","DE","quantile","0.025",0.784261650452081
"2021-06-23","7 day R","2020-11-20","DE","quantile","0.975",1.29350888540772
"2021-06-23","7 day R","2020-11-21","DE","point","NA",1.03265970817075
"2021-06-23","7 day R","2020-11-21","DE","quantile","0.025",0.777425627032805
"2021-06-23","7 day R","2020-11-21","DE","quantile","0.975",1.28726072972624
"2021-06-23","7 day R","2020-11-22","DE","point","NA",1.02869033853139
"2021-06-23","7 day R","2020-11-22","DE","quantile","0.025",0.773643438030663
"2021-06-23","7 day R","2020-11-22","DE","quantile","0.975",1.28034681241828
"2021-06-23","7 day R","2020-11-23","DE","point","NA",1.03030964366564
"2021-06-23","7 day R","2020-11-23","DE","quantile","0.025",0.775633068683282
"2021-06-23","7 day R","2020-11-23","DE","quantile","0.975",1.28089615475692
"2021-06-23","7 day R","2020-11-24","DE","point","NA",1.0314627493101
"2021-06-23","7 day R","2020-11-24","DE","quantile","0.025",0.778946795124261
"2021-06-23","7 day R","2020-11-24","DE","quantile","0.975",1.28184863897623
"2021-06-23","7 day R","2020-11-25","DE","point","NA",1.04073751804213
"2021-06-23","7 day R","2020-11-25","DE","quantile","0.025",0.784251316824533
"2021-06-23","7 day R","2020-11-25","DE","quantile","0.975",1.29034131627868
"2021-06-23","7 day R","2020-11-26","DE","point","NA",1.03686370034951
"2021-06-23","7 day R","2020-11-26","DE","quantile","0.025",0.782652970873946
"2021-06-23","7 day R","2020-11-26","DE","quantile","0.975",1.28895894076474
"2021-06-23","7 day R","2020-11-27","DE","point","NA",1.03516560541201
"2021-06-23","7 day R","2020-11-27","DE","quantile","0.025",0.782088296333184
"2021-06-23","7 day R","2020-11-27","DE","quantile","0.975",1.28470918259835
"2021-06-23","7 day R","2020-11-28","DE","point","NA",1.03309724120421
"2021-06-23","7 day R","2020-11-28","DE","quantile","0.025",0.780088486187848
"2021-06-23","7 day R","2020-11-28","DE","quantile","0.975",1.28815852765458
"2021-06-23","7 day R","2020-11-29","DE","point","NA",1.0354801869655
"2021-06-23","7 day R","2020-11-29","DE","quantile","0.025",0.785062895595076
"2021-06-23","7 day R","2020-11-29","DE","quantile","0.975",1.28595003422887
"2021-06-23","7 day R","2020-11-30","DE","point","NA",1.04541365893113
"2021-06-23","7 day R","2020-11-30","DE","quantile","0.025",0.798679538054986
"2021-06-23","7 day R","2020-11-30","DE","quantile","0.975",1.2968722262546
"2021-06-23","7 day R","2020-12-01","DE","point","NA",1.05126307786978
"2021-06-23","7 day R","2020-12-01","DE","quantile","0.025",0.802954087874763
"2021-06-23","7 day R","2020-12-01","DE","quantile","0.975",1.30242266618461
"2021-06-23","7 day R","2020-12-02","DE","point","NA",1.05381997828714
"2021-06-23","7 day R","2020-12-02","DE","quantile","0.025",0.806723202718509
"2021-06-23","7 day R","2020-12-02","DE","quantile","0.975",1.30596276834007
"2021-06-23","7 day R","2020-12-03","DE","point","NA",1.06093307984211
"2021-06-23","7 day R","2020-12-03","DE","quantile","0.025",0.815566424358546
"2021-06-23","7 day R","2020-12-03","DE","quantile","0.975",1.31221928445646
"2021-06-23","7 day R","2020-12-04","DE","point","NA",1.06914900411383
"2021-06-23","7 day R","2020-12-04","DE","quantile","0.025",0.820675502874305
"2021-06-23","7 day R","2020-12-04","DE","quantile","0.975",1.32209290503968
"2021-06-23","7 day R","2020-12-05","DE","point","NA",1.08211394834787
"2021-06-23","7 day R","2020-12-05","DE","quantile","0.025",0.83339752364076
"2021-06-23","7 day R","2020-12-05","DE","quantile","0.975",1.33383574589861
"2021-06-23","7 day R","2020-12-06","DE","point","NA",1.08347187289072
"2021-06-23","7 day R","2020-12-06","DE","quantile","0.025",0.837395943543934
"2021-06-23","7 day R","2020-12-06","DE","quantile","0.975",1.33670363347451
"2021-06-23","7 day R","2020-12-07","DE","point","NA",1.0830557220648
"2021-06-23","7 day R","2020-12-07","DE","quantile","0.025",0.837155048610757
"2021-06-23","7 day R","2020-12-07","DE","quantile","0.975",1.33482627331127
"2021-06-23","7 day R","2020-12-08","DE","point","NA",1.09269395408293
"2021-06-23","7 day R","2020-12-08","DE","quantile","0.025",0.843691900467706
"2021-06-23","7 day R","2020-12-08","DE","quantile","0.975",1.3446034682509
"2021-06-23","7 day R","2020-12-09","DE","point","NA",1.09542860383469
"2021-06-23","7 day R","2020-12-09","DE","quantile","0.025",0.847275902378101
"2021-06-23","7 day R","2020-12-09","DE","quantile","0.975",1.3479570303704
"2021-06-23","7 day R","2020-12-10","DE","point","NA",1.10449062508025
"2021-06-23","7 day R","2020-12-10","DE","quantile","0.025",0.853138391021859
"2021-06-23","7 day R","2020-12-10","DE","quantile","0.975",1.35627152709562
"2021-06-23","7 day R","2020-12-11","DE","point","NA",1.10492366009467
"2021-06-23","7 day R","2020-12-11","DE","quantile","0.025",0.857594067568426
"2021-06-23","7 day R","2020-12-11","DE","quantile","0.975",1.35996970145079
"2021-06-23","7 day R","2020-12-12","DE","point","NA",1.09863880344778
"2021-06-23","7 day R","2020-12-12","DE","quantile","0.025",0.847122873550826
"2021-06-23","7 day R","2020-12-12","DE","quantile","0.975",1.3523410945233
"2021-06-23","7 day R","2020-12-13","DE","point","NA",1.09145386517079
"2021-06-23","7 day R","2020-12-13","DE","quantile","0.025",0.841245910473408
"2021-06-23","7 day R","2020-12-13","DE","quantile","0.975",1.34726895202446
"2021-06-23","7 day R","2020-12-14","DE","point","NA",1.08159324052669
"2021-06-23","7 day R","2020-12-14","DE","quantile","0.025",0.830497631328446
"2021-06-23","7 day R","2020-12-14","DE","quantile","0.975",1.34083502559508
"2021-06-23","7 day R","2020-12-15","DE","point","NA",1.08283163630145
"2021-06-23","7 day R","2020-12-15","DE","quantile","0.025",0.8314516231907
"2021-06-23","7 day R","2020-12-15","DE","quantile","0.975",1.34145911010482
"2021-06-23","7 day R","2020-12-16","DE","point","NA",1.07474622793211
"2021-06-23","7 day R","2020-12-16","DE","quantile","0.025",0.819176785057172
"2021-06-23","7 day R","2020-12-16","DE","quantile","0.975",1.33271054195605
"2021-06-23","7 day R","2020-12-17","DE","point","NA",1.06815687911225
"2021-06-23","7 day R","2020-12-17","DE","quantile","0.025",0.810516761626099
"2021-06-23","7 day R","2020-12-17","DE","quantile","0.975",1.32253988383429
"2021-06-23","7 day R","2020-12-18","DE","point","NA",1.06310589133878
"2021-06-23","7 day R","2020-12-18","DE","quantile","0.025",0.808384890760948
"2021-06-23","7 day R","2020-12-18","DE","quantile","0.975",1.3156128681811
"2021-06-23","7 day R","2020-12-19","DE","point","NA",1.04469888434478
"2021-06-23","7 day R","2020-12-19","DE","quantile","0.025",0.789514452991929
"2021-06-23","7 day R","2020-12-19","DE","quantile","0.975",1.29767025179857
"2021-06-23","7 day R","2020-12-20","DE","point","NA",1.02914202744272
"2021-06-23","7 day R","2020-12-20","DE","quantile","0.025",0.777496622861574
"2021-06-23","7 day R","2020-12-20","DE","quantile","0.975",1.2822351929901
"2021-06-23","7 day R","2020-12-21","DE","point","NA",1.01981667022119
"2021-06-23","7 day R","2020-12-21","DE","quantile","0.025",0.765908918746187
"2021-06-23","7 day R","2020-12-21","DE","quantile","0.975",1.27321702576434
"2021-06-23","7 day R","2020-12-22","DE","point","NA",1.00511995586354
"2021-06-23","7 day R","2020-12-22","DE","quantile","0.025",0.751324549187269
"2021-06-23","7 day R","2020-12-22","DE","quantile","0.975",1.25841370218274
"2021-06-23","7 day R","2020-12-23","DE","point","NA",0.980582070338654
"2021-06-23","7 day R","2020-12-23","DE","quantile","0.025",0.725989175861727
"2021-06-23","7 day R","2020-12-23","DE","quantile","0.975",1.23552187287764
"2021-06-23","7 day R","2020-12-24","DE","point","NA",0.960247300828871
"2021-06-23","7 day R","2020-12-24","DE","quantile","0.025",0.709095578131045
"2021-06-23","7 day R","2020-12-24","DE","quantile","0.975",1.21569339128819
"2021-06-23","7 day R","2020-12-25","DE","point","NA",0.94588527017399
"2021-06-23","7 day R","2020-12-25","DE","quantile","0.025",0.689665774978712
"2021-06-23","7 day R","2020-12-25","DE","quantile","0.975",1.20121131857848
"2021-06-23","7 day R","2020-12-26","DE","point","NA",0.951093114077082
"2021-06-23","7 day R","2020-12-26","DE","quantile","0.025",0.694046700991813
"2021-06-23","7 day R","2020-12-26","DE","quantile","0.975",1.20271676306989
"2021-06-23","7 day R","2020-12-27","DE","point","NA",0.962611344710668
"2021-06-23","7 day R","2020-12-27","DE","quantile","0.025",0.709206982487616
"2021-06-23","7 day R","2020-12-27","DE","quantile","0.975",1.21644624082554
"2021-06-23","7 day R","2020-12-28","DE","point","NA",0.969881429492769
"2021-06-23","7 day R","2020-12-28","DE","quantile","0.025",0.712793208254413
"2021-06-23","7 day R","2020-12-28","DE","quantile","0.975",1.22602741027233
"2021-06-23","7 day R","2020-12-29","DE","point","NA",0.974228730940263
"2021-06-23","7 day R","2020-12-29","DE","quantile","0.025",0.719857443310183
"2021-06-23","7 day R","2020-12-29","DE","quantile","0.975",1.22695558011864
"2021-06-23","7 day R","2020-12-30","DE","point","NA",0.981720216645517
"2021-06-23","7 day R","2020-12-30","DE","quantile","0.025",0.727964986788161
"2021-06-23","7 day R","2020-12-30","DE","quantile","0.975",1.23852633692191
"2021-06-23","7 day R","2020-12-31","DE","point","NA",0.96080055108647
"2021-06-23","7 day R","2020-12-31","DE","quantile","0.025",0.705777654189538
"2021-06-23","7 day R","2020-12-31","DE","quantile","0.975",1.21731510527558
"2021-06-23","7 day R","2021-01-01","DE","point","NA",0.952245095793979
"2021-06-23","7 day R","2021-01-01","DE","quantile","0.025",0.699400026452848
"2021-06-23","7 day R","2021-01-01","DE","quantile","0.975",1.20535834019845
"2021-06-23","7 day R","2021-01-02","DE","point","NA",0.961786706017563
"2021-06-23","7 day R","2021-01-02","DE","quantile","0.025",0.709102677240812
"2021-06-23","7 day R","2021-01-02","DE","quantile","0.975",1.21838358585616
"2021-06-23","7 day R","2021-01-03","DE","point","NA",0.981009841499853
"2021-06-23","7 day R","2021-01-03","DE","quantile","0.025",0.7285878220034
"2021-06-23","7 day R","2021-01-03","DE","quantile","0.975",1.23697966066886
"2021-06-23","7 day R","2021-01-04","DE","point","NA",0.995184696843403
"2021-06-23","7 day R","2021-01-04","DE","quantile","0.025",0.741310188159235
"2021-06-23","7 day R","2021-01-04","DE","quantile","0.975",1.2513006168154
"2021-06-23","7 day R","2021-01-05","DE","point","NA",1.00831312667533
"2021-06-23","7 day R","2021-01-05","DE","quantile","0.025",0.757311115508527
"2021-06-23","7 day R","2021-01-05","DE","quantile","0.975",1.26572893581268
"2021-06-23","7 day R","2021-01-06","DE","point","NA",1.02219390221116
"2021-06-23","7 day R","2021-01-06","DE","quantile","0.025",0.772537979544386
"2021-06-23","7 day R","2021-01-06","DE","quantile","0.975",1.27876033633649
"2021-06-23","7 day R","2021-01-07","DE","point","NA",1.03720971344382
"2021-06-23","7 day R","2021-01-07","DE","quantile","0.025",0.785530428028301
"2021-06-23","7 day R","2021-01-07","DE","quantile","0.975",1.29641706112671
"2021-06-23","7 day R","2021-01-08","DE","point","NA",1.01980072308368
"2021-06-23","7 day R","2021-01-08","DE","quantile","0.025",0.767083733637173
"2021-06-23","7 day R","2021-01-08","DE","quantile","0.975",1.27627623856368
"2021-06-23","7 day R","2021-01-09","DE","point","NA",1.0001041274816
"2021-06-23","7 day R","2021-01-09","DE","quantile","0.025",0.747760833285215
"2021-06-23","7 day R","2021-01-09","DE","quantile","0.975",1.25271892313694
"2021-06-23","7 day R","2021-01-10","DE","point","NA",0.977250662389656
"2021-06-23","7 day R","2021-01-10","DE","quantile","0.025",0.723530008338077
"2021-06-23","7 day R","2021-01-10","DE","quantile","0.975",1.2290359275885
"2021-06-23","7 day R","2021-01-11","DE","point","NA",0.96834411956348
"2021-06-23","7 day R","2021-01-11","DE","quantile","0.025",0.714095644904914
"2021-06-23","7 day R","2021-01-11","DE","quantile","0.975",1.22001010722748
"2021-06-23","7 day R","2021-01-12","DE","point","NA",0.958311022398676
"2021-06-23","7 day R","2021-01-12","DE","quantile","0.025",0.709558943060203
"2021-06-23","7 day R","2021-01-12","DE","quantile","0.975",1.20781303506883
"2021-06-23","7 day R","2021-01-13","DE","point","NA",0.936093421392603
"2021-06-23","7 day R","2021-01-13","DE","quantile","0.025",0.685010522464477
"2021-06-23","7 day R","2021-01-13","DE","quantile","0.975",1.18620053819478
"2021-06-23","7 day R","2021-01-14","DE","point","NA",0.919874357725096
"2021-06-23","7 day R","2021-01-14","DE","quantile","0.025",0.666390640834477
"2021-06-23","7 day R","2021-01-14","DE","quantile","0.975",1.16897785243786
"2021-06-23","7 day R","2021-01-15","DE","point","NA",0.908160793497572
"2021-06-23","7 day R","2021-01-15","DE","quantile","0.025",0.654597537261433
"2021-06-23","7 day R","2021-01-15","DE","quantile","0.975",1.1559083083162
"2021-06-23","7 day R","2021-01-16","DE","point","NA",0.905156285948356
"2021-06-23","7 day R","2021-01-16","DE","quantile","0.025",0.652055957337943
"2021-06-23","7 day R","2021-01-16","DE","quantile","0.975",1.15384269324059
"2021-06-23","7 day R","2021-01-17","DE","point","NA",0.904214202487792
"2021-06-23","7 day R","2021-01-17","DE","quantile","0.025",0.650088945411806
"2021-06-23","7 day R","2021-01-17","DE","quantile","0.975",1.15498618936848
"2021-06-23","7 day R","2021-01-18","DE","point","NA",0.896119865059773
"2021-06-23","7 day R","2021-01-18","DE","quantile","0.025",0.643569526096969
"2021-06-23","7 day R","2021-01-18","DE","quantile","0.975",1.14776983927956
"2021-06-23","7 day R","2021-01-19","DE","point","NA",0.889692455182712
"2021-06-23","7 day R","2021-01-19","DE","quantile","0.025",0.633908531476119
"2021-06-23","7 day R","2021-01-19","DE","quantile","0.975",1.14137016265456
"2021-06-23","7 day R","2021-01-20","DE","point","NA",0.887405130203128
"2021-06-23","7 day R","2021-01-20","DE","quantile","0.025",0.63435081447469
"2021-06-23","7 day R","2021-01-20","DE","quantile","0.975",1.13590456553442
"2021-06-23","7 day R","2021-01-21","DE","point","NA",0.874186434041216
"2021-06-23","7 day R","2021-01-21","DE","quantile","0.025",0.618180185216428
"2021-06-23","7 day R","2021-01-21","DE","quantile","0.975",1.123326514782
"2021-06-23","7 day R","2021-01-22","DE","point","NA",0.879365348062898
"2021-06-23","7 day R","2021-01-22","DE","quantile","0.025",0.624659586035896
"2021-06-23","7 day R","2021-01-22","DE","quantile","0.975",1.13235861660582
"2021-06-23","7 day R","2021-01-23","DE","point","NA",0.877789246694136
"2021-06-23","7 day R","2021-01-23","DE","quantile","0.025",0.618820516478608
"2021-06-23","7 day R","2021-01-23","DE","quantile","0.975",1.12787417813666
"2021-06-23","7 day R","2021-01-24","DE","point","NA",0.876524368331191
"2021-06-23","7 day R","2021-01-24","DE","quantile","0.025",0.62198430489265
"2021-06-23","7 day R","2021-01-24","DE","quantile","0.975",1.12843142809434
"2021-06-23","7 day R","2021-01-25","DE","point","NA",0.868059585024783
"2021-06-23","7 day R","2021-01-25","DE","quantile","0.025",0.61349200852724
"2021-06-23","7 day R","2021-01-25","DE","quantile","0.975",1.11883870657633
"2021-06-23","7 day R","2021-01-26","DE","point","NA",0.861806103468555
"2021-06-23","7 day R","2021-01-26","DE","quantile","0.025",0.608169188858875
"2021-06-23","7 day R","2021-01-26","DE","quantile","0.975",1.11216058129066
"2021-06-23","7 day R","2021-01-27","DE","point","NA",0.86094957954938
"2021-06-23","7 day R","2021-01-27","DE","quantile","0.025",0.607391051640105
"2021-06-23","7 day R","2021-01-27","DE","quantile","0.975",1.108984398769
"2021-06-23","7 day R","2021-01-28","DE","point","NA",0.867952824564539
"2021-06-23","7 day R","2021-01-28","DE","quantile","0.025",0.615306559678087
"2021-06-23","7 day R","2021-01-28","DE","quantile","0.975",1.11779770522022
"2021-06-23","7 day R","2021-01-29","DE","point","NA",0.872352457463575
"2021-06-23","7 day R","2021-01-29","DE","quantile","0.025",0.619062698722834
"2021-06-23","7 day R","2021-01-29","DE","quantile","0.975",1.12419522914867
"2021-06-23","7 day R","2021-01-30","DE","point","NA",0.873280426300175
"2021-06-23","7 day R","2021-01-30","DE","quantile","0.025",0.619850638947873
"2021-06-23","7 day R","2021-01-30","DE","quantile","0.975",1.12438123066724
"2021-06-23","7 day R","2021-01-31","DE","point","NA",0.860168521518292
"2021-06-23","7 day R","2021-01-31","DE","quantile","0.025",0.608431364742198
"2021-06-23","7 day R","2021-01-31","DE","quantile","0.975",1.1107571164424
"2021-06-23","7 day R","2021-02-01","DE","point","NA",0.855702553856689
"2021-06-23","7 day R","2021-02-01","DE","quantile","0.025",0.603306322708217
"2021-06-23","7 day R","2021-02-01","DE","quantile","0.975",1.1072863914919
"2021-06-23","7 day R","2021-02-02","DE","point","NA",0.851572114720414
"2021-06-23","7 day R","2021-02-02","DE","quantile","0.025",0.599670972570501
"2021-06-23","7 day R","2021-02-02","DE","quantile","0.975",1.10170817334054
"2021-06-23","7 day R","2021-02-03","DE","point","NA",0.851881740681054
"2021-06-23","7 day R","2021-02-03","DE","quantile","0.025",0.598086734071293
"2021-06-23","7 day R","2021-02-03","DE","quantile","0.975",1.09987144541049
"2021-06-23","7 day R","2021-02-04","DE","point","NA",0.859259855627289
"2021-06-23","7 day R","2021-02-04","DE","quantile","0.025",0.607440915800949
"2021-06-23","7 day R","2021-02-04","DE","quantile","0.975",1.10810668995366
"2021-06-23","7 day R","2021-02-05","DE","point","NA",0.86349068540131
"2021-06-23","7 day R","2021-02-05","DE","quantile","0.025",0.61341244794759
"2021-06-23","7 day R","2021-02-05","DE","quantile","0.975",1.1096648856027
"2021-06-23","7 day R","2021-02-06","DE","point","NA",0.864627679914456
"2021-06-23","7 day R","2021-02-06","DE","quantile","0.025",0.611956694790692
"2021-06-23","7 day R","2021-02-06","DE","quantile","0.975",1.113858195867
"2021-06-23","7 day R","2021-02-07","DE","point","NA",0.865810821529038
"2021-06-23","7 day R","2021-02-07","DE","quantile","0.025",0.615393667662604
"2021-06-23","7 day R","2021-02-07","DE","quantile","0.975",1.11703794018808
"2021-06-23","7 day R","2021-02-08","DE","point","NA",0.860928700390148
"2021-06-23","7 day R","2021-02-08","DE","quantile","0.025",0.610553394065107
"2021-06-23","7 day R","2021-02-08","DE","quantile","0.975",1.11339090598831
"2021-06-23","7 day R","2021-02-09","DE","point","NA",0.858510173914004
"2021-06-23","7 day R","2021-02-09","DE","quantile","0.025",0.606188971700805
"2021-06-23","7 day R","2021-02-09","DE","quantile","0.975",1.11206155759879
"2021-06-23","7 day R","2021-02-10","DE","point","NA",0.862112270353806
"2021-06-23","7 day R","2021-02-10","DE","quantile","0.025",0.6081190924395
"2021-06-23","7 day R","2021-02-10","DE","quantile","0.975",1.11173617980216
"2021-06-23","7 day R","2021-02-11","DE","point","NA",0.874676830815737
"2021-06-23","7 day R","2021-02-11","DE","quantile","0.025",0.617231130193006
"2021-06-23","7 day R","2021-02-11","DE","quantile","0.975",1.12488297226525
"2021-06-23","7 day R","2021-02-12","DE","point","NA",0.888730669172319
"2021-06-23","7 day R","2021-02-12","DE","quantile","0.025",0.635293874486244
"2021-06-23","7 day R","2021-02-12","DE","quantile","0.975",1.14254674248419
"2021-06-23","7 day R","2021-02-13","DE","point","NA",0.899676931330822
"2021-06-23","7 day R","2021-02-13","DE","quantile","0.025",0.6456242623114
"2021-06-23","7 day R","2021-02-13","DE","quantile","0.975",1.1511387638312
"2021-06-23","7 day R","2021-02-14","DE","point","NA",0.911800345360327
"2021-06-23","7 day R","2021-02-14","DE","quantile","0.025",0.656954359599942
"2021-06-23","7 day R","2021-02-14","DE","quantile","0.975",1.1640837500198
"2021-06-23","7 day R","2021-02-15","DE","point","NA",0.921340618675303
"2021-06-23","7 day R","2021-02-15","DE","quantile","0.025",0.669374430495298
"2021-06-23","7 day R","2021-02-15","DE","quantile","0.975",1.17518203300566
"2021-06-23","7 day R","2021-02-16","DE","point","NA",0.928614502769735
"2021-06-23","7 day R","2021-02-16","DE","quantile","0.025",0.674195631747042
"2021-06-23","7 day R","2021-02-16","DE","quantile","0.975",1.1801599436044
"2021-06-23","7 day R","2021-02-17","DE","point","NA",0.940494392955561
"2021-06-23","7 day R","2021-02-17","DE","quantile","0.025",0.683545396640506
"2021-06-23","7 day R","2021-02-17","DE","quantile","0.975",1.19043338324662
"2021-06-23","7 day R","2021-02-18","DE","point","NA",0.956968594368412
"2021-06-23","7 day R","2021-02-18","DE","quantile","0.025",0.70318933418471
"2021-06-23","7 day R","2021-02-18","DE","quantile","0.975",1.21209817360226
"2021-06-23","7 day R","2021-02-19","DE","point","NA",0.972581550521582
"2021-06-23","7 day R","2021-02-19","DE","quantile","0.025",0.721980723733281
"2021-06-23","7 day R","2021-02-19","DE","quantile","0.975",1.22454842205244
"2021-06-23","7 day R","2021-02-20","DE","point","NA",0.984818230481738
"2021-06-23","7 day R","2021-02-20","DE","quantile","0.025",0.733193241269757
"2021-06-23","7 day R","2021-02-20","DE","quantile","0.975",1.23545474290768
"2021-06-23","7 day R","2021-02-21","DE","point","NA",0.995103167803805
"2021-06-23","7 day R","2021-02-21","DE","quantile","0.025",0.742237583649901
"2021-06-23","7 day R","2021-02-21","DE","quantile","0.975",1.24903991463365
"2021-06-23","7 day R","2021-02-22","DE","point","NA",1.00034727865984
"2021-06-23","7 day R","2021-02-22","DE","quantile","0.025",0.748331754363164
"2021-06-23","7 day R","2021-02-22","DE","quantile","0.975",1.25111780207111
"2021-06-23","7 day R","2021-02-23","DE","point","NA",1.0041105165196
"2021-06-23","7 day R","2021-02-23","DE","quantile","0.025",0.753086972733072
"2021-06-23","7 day R","2021-02-23","DE","quantile","0.975",1.25614998591002
"2021-06-23","7 day R","2021-02-24","DE","point","NA",1.01483179788586
"2021-06-23","7 day R","2021-02-24","DE","quantile","0.025",0.759389562091343
"2021-06-23","7 day R","2021-02-24","DE","quantile","0.975",1.26745039821331
"2021-06-23","7 day R","2021-02-25","DE","point","NA",1.02669882827674
"2021-06-23","7 day R","2021-02-25","DE","quantile","0.025",0.774089076937264
"2021-06-23","7 day R","2021-02-25","DE","quantile","0.975",1.28176477544409
"2021-06-23","7 day R","2021-02-26","DE","point","NA",1.0362132249823
"2021-06-23","7 day R","2021-02-26","DE","quantile","0.025",0.782652496312153
"2021-06-23","7 day R","2021-02-26","DE","quantile","0.975",1.29140625372657
"2021-06-23","7 day R","2021-02-27","DE","point","NA",1.04412992190629
"2021-06-23","7 day R","2021-02-27","DE","quantile","0.025",0.793351057485242
"2021-06-23","7 day R","2021-02-27","DE","quantile","0.975",1.29713163443318
"2021-06-23","7 day R","2021-02-28","DE","point","NA",1.05042057186188
"2021-06-23","7 day R","2021-02-28","DE","quantile","0.025",0.801662403205629
"2021-06-23","7 day R","2021-02-28","DE","quantile","0.975",1.3005710186894
"2021-06-23","7 day R","2021-03-01","DE","point","NA",1.05266222005272
"2021-06-23","7 day R","2021-03-01","DE","quantile","0.025",0.80361055124376
"2021-06-23","7 day R","2021-03-01","DE","quantile","0.975",1.30175384567734
"2021-06-23","7 day R","2021-03-02","DE","point","NA",1.05468820120224
"2021-06-23","7 day R","2021-03-02","DE","quantile","0.025",0.803385959845497
"2021-06-23","7 day R","2021-03-02","DE","quantile","0.975",1.3037229233666
"2021-06-23","7 day R","2021-03-03","DE","point","NA",1.06305282662749
"2021-06-23","7 day R","2021-03-03","DE","quantile","0.025",0.813519769741903
"2021-06-23","7 day R","2021-03-03","DE","quantile","0.975",1.31301845003413
"2021-06-23","7 day R","2021-03-04","DE","point","NA",1.07785927103108
"2021-06-23","7 day R","2021-03-04","DE","quantile","0.025",0.828089889105594
"2021-06-23","7 day R","2021-03-04","DE","quantile","0.975",1.33187585763814
"2021-06-23","7 day R","2021-03-05","DE","point","NA",1.08987657118879
"2021-06-23","7 day R","2021-03-05","DE","quantile","0.025",0.842167053475992
"2021-06-23","7 day R","2021-03-05","DE","quantile","0.975",1.34153306859428
"2021-06-23","7 day R","2021-03-06","DE","point","NA",1.10244038397902
"2021-06-23","7 day R","2021-03-06","DE","quantile","0.025",0.854481343954766
"2021-06-23","7 day R","2021-03-06","DE","quantile","0.975",1.35341767502558
"2021-06-23","7 day R","2021-03-07","DE","point","NA",1.11510302166789
"2021-06-23","7 day R","2021-03-07","DE","quantile","0.025",0.864272326219431
"2021-06-23","7 day R","2021-03-07","DE","quantile","0.975",1.36556450458908
"2021-06-23","7 day R","2021-03-08","DE","point","NA",1.12416884013976
"2021-06-23","7 day R","2021-03-08","DE","quantile","0.025",0.872582398540677
"2021-06-23","7 day R","2021-03-08","DE","quantile","0.975",1.37412462601909
"2021-06-23","7 day R","2021-03-09","DE","point","NA",1.13537558407126
"2021-06-23","7 day R","2021-03-09","DE","quantile","0.025",0.886213283960761
"2021-06-23","7 day R","2021-03-09","DE","quantile","0.975",1.38443728987635
"2021-06-23","7 day R","2021-03-10","DE","point","NA",1.15705470070976
"2021-06-23","7 day R","2021-03-10","DE","quantile","0.025",0.903736410248898
"2021-06-23","7 day R","2021-03-10","DE","quantile","0.975",1.40760466807458
"2021-06-23","7 day R","2021-03-11","DE","point","NA",1.14967994555442
"2021-06-23","7 day R","2021-03-11","DE","quantile","0.025",0.898552050036979
"2021-06-23","7 day R","2021-03-11","DE","quantile","0.975",1.40191521674277
"2021-06-23","7 day R","2021-03-12","DE","point","NA",1.16897906528504
"2021-06-23","7 day R","2021-03-12","DE","quantile","0.025",0.916832915064299
"2021-06-23","7 day R","2021-03-12","DE","quantile","0.975",1.42545307310714
"2021-06-23","7 day R","2021-03-13","DE","point","NA",1.18422072157252
"2021-06-23","7 day R","2021-03-13","DE","quantile","0.025",0.931899418933567
"2021-06-23","7 day R","2021-03-13","DE","quantile","0.975",1.43937863618209
"2021-06-23","7 day R","2021-03-14","DE","point","NA",1.19692239149894
"2021-06-23","7 day R","2021-03-14","DE","quantile","0.025",0.946430876989653
"2021-06-23","7 day R","2021-03-14","DE","quantile","0.975",1.45367125530225
"2021-06-23","7 day R","2021-03-15","DE","point","NA",1.20211982698336
"2021-06-23","7 day R","2021-03-15","DE","quantile","0.025",0.951646593615326
"2021-06-23","7 day R","2021-03-15","DE","quantile","0.975",1.45959528756179
"2021-06-23","7 day R","2021-03-16","DE","point","NA",1.20876498902036
"2021-06-23","7 day R","2021-03-16","DE","quantile","0.025",0.954544801536883
"2021-06-23","7 day R","2021-03-16","DE","quantile","0.975",1.46533102891918
"2021-06-23","7 day R","2021-03-17","DE","point","NA",1.20252229072757
"2021-06-23","7 day R","2021-03-17","DE","quantile","0.025",0.948550407717374
"2021-06-23","7 day R","2021-03-17","DE","quantile","0.975",1.46166232855549
"2021-06-23","7 day R","2021-03-18","DE","point","NA",1.22284084807936
"2021-06-23","7 day R","2021-03-18","DE","quantile","0.025",0.96870967505545
"2021-06-23","7 day R","2021-03-18","DE","quantile","0.975",1.47971331156535
"2021-06-23","7 day R","2021-03-19","DE","point","NA",1.21070061533879
"2021-06-23","7 day R","2021-03-19","DE","quantile","0.025",0.955446921252118
"2021-06-23","7 day R","2021-03-19","DE","quantile","0.975",1.47010108775083
"2021-06-23","7 day R","2021-03-20","DE","point","NA",1.1992892295238
"2021-06-23","7 day R","2021-03-20","DE","quantile","0.025",0.943788081467868
"2021-06-23","7 day R","2021-03-20","DE","quantile","0.975",1.45665983656236
"2021-06-23","7 day R","2021-03-21","DE","point","NA",1.18772234292229
"2021-06-23","7 day R","2021-03-21","DE","quantile","0.025",0.933083281700267
"2021-06-23","7 day R","2021-03-21","DE","quantile","0.975",1.43931792338775
"2021-06-23","7 day R","2021-03-22","DE","point","NA",1.19105289942746
"2021-06-23","7 day R","2021-03-22","DE","quantile","0.025",0.936096482055085
"2021-06-23","7 day R","2021-03-22","DE","quantile","0.975",1.44752384254997
"2021-06-23","7 day R","2021-03-23","DE","point","NA",1.19541702909825
"2021-06-23","7 day R","2021-03-23","DE","quantile","0.025",0.940740305829284
"2021-06-23","7 day R","2021-03-23","DE","quantile","0.975",1.44927057241497
"2021-06-23","7 day R","2021-03-24","DE","point","NA",1.18759377754918
"2021-06-23","7 day R","2021-03-24","DE","quantile","0.025",0.934771824894259
"2021-06-23","7 day R","2021-03-24","DE","quantile","0.975",1.44269900075491
"2021-06-23","7 day R","2021-03-25","DE","point","NA",1.17378308503056
"2021-06-23","7 day R","2021-03-25","DE","quantile","0.025",0.921903482028223
"2021-06-23","7 day R","2021-03-25","DE","quantile","0.975",1.42982067999081
"2021-06-23","7 day R","2021-03-26","DE","point","NA",1.16142331731512
"2021-06-23","7 day R","2021-03-26","DE","quantile","0.025",0.907079104354885
"2021-06-23","7 day R","2021-03-26","DE","quantile","0.975",1.41557545150856
"2021-06-23","7 day R","2021-03-27","DE","point","NA",1.14597931471224
"2021-06-23","7 day R","2021-03-27","DE","quantile","0.025",0.890809522274887
"2021-06-23","7 day R","2021-03-27","DE","quantile","0.975",1.39644572573993
"2021-06-23","7 day R","2021-03-28","DE","point","NA",1.12903542331296
"2021-06-23","7 day R","2021-03-28","DE","quantile","0.025",0.875355397121929
"2021-06-23","7 day R","2021-03-28","DE","quantile","0.975",1.38306286377685
"2021-06-23","7 day R","2021-03-29","DE","point","NA",1.12372296473365
"2021-06-23","7 day R","2021-03-29","DE","quantile","0.025",0.866282596136914
"2021-06-23","7 day R","2021-03-29","DE","quantile","0.975",1.3744505275482
"2021-06-23","7 day R","2021-03-30","DE","point","NA",1.11664338662139
"2021-06-23","7 day R","2021-03-30","DE","quantile","0.025",0.860552991417598
"2021-06-23","7 day R","2021-03-30","DE","quantile","0.975",1.36845433196838
"2021-06-23","7 day R","2021-03-31","DE","point","NA",1.0988017041482
"2021-06-23","7 day R","2021-03-31","DE","quantile","0.025",0.841692898945114
"2021-06-23","7 day R","2021-03-31","DE","quantile","0.975",1.35180930606085
"2021-06-23","7 day R","2021-04-01","DE","point","NA",1.08124324859308
"2021-06-23","7 day R","2021-04-01","DE","quantile","0.025",0.826700013941364
"2021-06-23","7 day R","2021-04-01","DE","quantile","0.975",1.33346444099869
"2021-06-23","7 day R","2021-04-02","DE","point","NA",1.06751158134063
"2021-06-23","7 day R","2021-04-02","DE","quantile","0.025",0.813672418507723
"2021-06-23","7 day R","2021-04-02","DE","quantile","0.975",1.31876848638374
"2021-06-23","7 day R","2021-04-03","DE","point","NA",1.05960642407076
"2021-06-23","7 day R","2021-04-03","DE","quantile","0.025",0.807858881280523
"2021-06-23","7 day R","2021-04-03","DE","quantile","0.975",1.31198818725476
"2021-06-23","7 day R","2021-04-04","DE","point","NA",1.07105425445444
"2021-06-23","7 day R","2021-04-04","DE","quantile","0.025",0.815647697367591
"2021-06-23","7 day R","2021-04-04","DE","quantile","0.975",1.32365637671438
"2021-06-23","7 day R","2021-04-05","DE","point","NA",1.07655471955871
"2021-06-23","7 day R","2021-04-05","DE","quantile","0.025",0.824883631575328
"2021-06-23","7 day R","2021-04-05","DE","quantile","0.975",1.32890803131108
"2021-06-23","7 day R","2021-04-06","DE","point","NA",1.08826204475582
"2021-06-23","7 day R","2021-04-06","DE","quantile","0.025",0.836823117826568
"2021-06-23","7 day R","2021-04-06","DE","quantile","0.975",1.34416016692011
"2021-06-23","7 day R","2021-04-07","DE","point","NA",1.12187589712026
"2021-06-23","7 day R","2021-04-07","DE","quantile","0.025",0.868635137240809
"2021-06-23","7 day R","2021-04-07","DE","quantile","0.975",1.382612268941
"2021-06-23","7 day R","2021-04-08","DE","point","NA",1.13319068115009
"2021-06-23","7 day R","2021-04-08","DE","quantile","0.025",0.88557865382364
"2021-06-23","7 day R","2021-04-08","DE","quantile","0.975",1.38916909164984
"2021-06-23","7 day R","2021-04-09","DE","point","NA",1.13650789731272
"2021-06-23","7 day R","2021-04-09","DE","quantile","0.025",0.883425386638415
"2021-06-23","7 day R","2021-04-09","DE","quantile","0.975",1.39224150014759
"2021-06-23","7 day R","2021-04-10","DE","point","NA",1.13279432273059
"2021-06-23","7 day R","2021-04-10","DE","quantile","0.025",0.878716320264662
"2021-06-23","7 day R","2021-04-10","DE","quantile","0.975",1.38600231620509
"2021-06-23","7 day R","2021-04-11","DE","point","NA",1.12653369462944
"2021-06-23","7 day R","2021-04-11","DE","quantile","0.025",0.874226933746144
"2021-06-23","7 day R","2021-04-11","DE","quantile","0.975",1.38266292738347
"2021-06-23","7 day R","2021-04-12","DE","point","NA",1.13022264624655
"2021-06-23","7 day R","2021-04-12","DE","quantile","0.025",0.875674936846513
"2021-06-23","7 day R","2021-04-12","DE","quantile","0.975",1.38451648842414
"2021-06-23","7 day R","2021-04-13","DE","point","NA",1.13127333795443
"2021-06-23","7 day R","2021-04-13","DE","quantile","0.025",0.876659015758695
"2021-06-23","7 day R","2021-04-13","DE","quantile","0.975",1.38485606037105
"2021-06-23","7 day R","2021-04-14","DE","point","NA",1.11953227718723
"2021-06-23","7 day R","2021-04-14","DE","quantile","0.025",0.86834304713512
"2021-06-23","7 day R","2021-04-14","DE","quantile","0.975",1.37219556491569
"2021-06-23","7 day R","2021-04-15","DE","point","NA",1.10325094522936
"2021-06-23","7 day R","2021-04-15","DE","quantile","0.025",0.853941799211096
"2021-06-23","7 day R","2021-04-15","DE","quantile","0.975",1.35669782909292
"2021-06-23","7 day R","2021-04-16","DE","point","NA",1.09074362909679
"2021-06-23","7 day R","2021-04-16","DE","quantile","0.025",0.840711382024329
"2021-06-23","7 day R","2021-04-16","DE","quantile","0.975",1.34321267241979
"2021-06-23","7 day R","2021-04-17","DE","point","NA",1.07829377194012
"2021-06-23","7 day R","2021-04-17","DE","quantile","0.025",0.827128238434203
"2021-06-23","7 day R","2021-04-17","DE","quantile","0.975",1.32814479501716
"2021-06-23","7 day R","2021-04-18","DE","point","NA",1.06438193212948
"2021-06-23","7 day R","2021-04-18","DE","quantile","0.025",0.812703891846107
"2021-06-23","7 day R","2021-04-18","DE","quantile","0.975",1.31528039244749
"2021-06-23","7 day R","2021-04-19","DE","point","NA",1.06362447464388
"2021-06-23","7 day R","2021-04-19","DE","quantile","0.025",0.810860051716714
"2021-06-23","7 day R","2021-04-19","DE","quantile","0.975",1.31742077869435
"2021-06-23","7 day R","2021-04-20","DE","point","NA",1.06097438400137
"2021-06-23","7 day R","2021-04-20","DE","quantile","0.025",0.812009742312265
"2021-06-23","7 day R","2021-04-20","DE","quantile","0.975",1.31377480032282
"2021-06-23","7 day R","2021-04-21","DE","point","NA",1.04642241996833
"2021-06-23","7 day R","2021-04-21","DE","quantile","0.025",0.798381692373827
"2021-06-23","7 day R","2021-04-21","DE","quantile","0.975",1.29880262477784
"2021-06-23","7 day R","2021-04-22","DE","point","NA",1.03684206491918
"2021-06-23","7 day R","2021-04-22","DE","quantile","0.025",0.781670634696742
"2021-06-23","7 day R","2021-04-22","DE","quantile","0.975",1.28772503250469
"2021-06-23","7 day R","2021-04-23","DE","point","NA",1.02155266984194
"2021-06-23","7 day R","2021-04-23","DE","quantile","0.025",0.767726748334678
"2021-06-23","7 day R","2021-04-23","DE","quantile","0.975",1.27386146012952
"2021-06-23","7 day R","2021-04-24","DE","point","NA",1.00767427148151
"2021-06-23","7 day R","2021-04-24","DE","quantile","0.025",0.752403179072844
"2021-06-23","7 day R","2021-04-24","DE","quantile","0.975",1.25926085690585
"2021-06-23","7 day R","2021-04-25","DE","point","NA",0.998839590875707
"2021-06-23","7 day R","2021-04-25","DE","quantile","0.025",0.742311230569356
"2021-06-23","7 day R","2021-04-25","DE","quantile","0.975",1.25006576422953
"2021-06-23","7 day R","2021-04-26","DE","point","NA",0.983029006016839
"2021-06-23","7 day R","2021-04-26","DE","quantile","0.025",0.729127229056576
"2021-06-23","7 day R","2021-04-26","DE","quantile","0.975",1.23535586874732
"2021-06-23","7 day R","2021-04-27","DE","point","NA",0.972001445392968
"2021-06-23","7 day R","2021-04-27","DE","quantile","0.025",0.717483405110546
"2021-06-23","7 day R","2021-04-27","DE","quantile","0.975",1.22729027255574
"2021-06-23","7 day R","2021-04-28","DE","point","NA",0.958724214225117
"2021-06-23","7 day R","2021-04-28","DE","quantile","0.025",0.705972939176117
"2021-06-23","7 day R","2021-04-28","DE","quantile","0.975",1.21611513060282
"2021-06-23","7 day R","2021-04-29","DE","point","NA",0.941791678427128
"2021-06-23","7 day R","2021-04-29","DE","quantile","0.025",0.688601920361647
"2021-06-23","7 day R","2021-04-29","DE","quantile","0.975",1.1938643258884
"2021-06-23","7 day R","2021-04-30","DE","point","NA",0.926049450084018
"2021-06-23","7 day R","2021-04-30","DE","quantile","0.025",0.672486438072764
"2021-06-23","7 day R","2021-04-30","DE","quantile","0.975",1.17832780037389
"2021-06-23","7 day R","2021-05-01","DE","point","NA",0.918795602744152
"2021-06-23","7 day R","2021-05-01","DE","quantile","0.025",0.663133054134336
"2021-06-23","7 day R","2021-05-01","DE","quantile","0.975",1.1707951193822
"2021-06-23","7 day R","2021-05-02","DE","point","NA",0.907405964100236
"2021-06-23","7 day R","2021-05-02","DE","quantile","0.025",0.653493470479681
"2021-06-23","7 day R","2021-05-02","DE","quantile","0.975",1.16195448488764
"2021-06-23","7 day R","2021-05-03","DE","point","NA",0.89505026832906
"2021-06-23","7 day R","2021-05-03","DE","quantile","0.025",0.640084898480664
"2021-06-23","7 day R","2021-05-03","DE","quantile","0.975",1.1495230461357
"2021-06-23","7 day R","2021-05-04","DE","point","NA",0.885808136379635
"2021-06-23","7 day R","2021-05-04","DE","quantile","0.025",0.631617359963923
"2021-06-23","7 day R","2021-05-04","DE","quantile","0.975",1.14019054385694
"2021-06-23","7 day R","2021-05-05","DE","point","NA",0.870653707237977
"2021-06-23","7 day R","2021-05-05","DE","quantile","0.025",0.618241796798633
"2021-06-23","7 day R","2021-05-05","DE","quantile","0.975",1.12655788191148
"2021-06-23","7 day R","2021-05-06","DE","point","NA",0.851618762967458
"2021-06-23","7 day R","2021-05-06","DE","quantile","0.025",0.599773107445667
"2021-06-23","7 day R","2021-05-06","DE","quantile","0.975",1.10580656076397
"2021-06-23","7 day R","2021-05-07","DE","point","NA",0.838244002706536
"2021-06-23","7 day R","2021-05-07","DE","quantile","0.025",0.583924437083358
"2021-06-23","7 day R","2021-05-07","DE","quantile","0.975",1.09391607110849
"2021-06-23","7 day R","2021-05-08","DE","point","NA",0.824828969075075
"2021-06-23","7 day R","2021-05-08","DE","quantile","0.025",0.566023964756414
"2021-06-23","7 day R","2021-05-08","DE","quantile","0.975",1.08111533730926
"2021-06-23","7 day R","2021-05-09","DE","point","NA",0.810265831076274
"2021-06-23","7 day R","2021-05-09","DE","quantile","0.025",0.555405959995598
"2021-06-23","7 day R","2021-05-09","DE","quantile","0.975",1.06683308919306
"2021-06-23","7 day R","2021-05-10","DE","point","NA",0.805150200359048
"2021-06-23","7 day R","2021-05-10","DE","quantile","0.025",0.547374554891437
"2021-06-23","7 day R","2021-05-10","DE","quantile","0.975",1.06163483890821
"2021-06-23","7 day R","2021-05-11","DE","point","NA",0.796442207453809
"2021-06-23","7 day R","2021-05-11","DE","quantile","0.025",0.543432194484528
"2021-06-23","7 day R","2021-05-11","DE","quantile","0.975",1.05345270881108
"2021-06-23","7 day R","2021-05-12","DE","point","NA",0.776427799284485
"2021-06-23","7 day R","2021-05-12","DE","quantile","0.025",0.520035151493027
"2021-06-23","7 day R","2021-05-12","DE","quantile","0.975",1.03011662045898
"2021-06-23","7 day R","2021-05-13","DE","point","NA",0.775165052153452
"2021-06-23","7 day R","2021-05-13","DE","quantile","0.025",0.521927323737252
"2021-06-23","7 day R","2021-05-13","DE","quantile","0.975",1.0287989162155
"2021-06-23","7 day R","2021-05-14","DE","point","NA",0.773530625656917
"2021-06-23","7 day R","2021-05-14","DE","quantile","0.025",0.518214564773219
"2021-06-23","7 day R","2021-05-14","DE","quantile","0.975",1.02713095422308
"2021-06-23","7 day R","2021-05-15","DE","point","NA",0.77211122592291
"2021-06-23","7 day R","2021-05-15","DE","quantile","0.025",0.518713904713803
"2021-06-23","7 day R","2021-05-15","DE","quantile","0.975",1.02368461983369
"2021-06-23","7 day R","2021-05-16","DE","point","NA",0.771958024496473
"2021-06-23","7 day R","2021-05-16","DE","quantile","0.025",0.516400218957388
"2021-06-23","7 day R","2021-05-16","DE","quantile","0.975",1.025308875894
"2021-06-23","7 day R","2021-05-17","DE","point","NA",0.765298976328701
"2021-06-23","7 day R","2021-05-17","DE","quantile","0.025",0.515916020031159
"2021-06-23","7 day R","2021-05-17","DE","quantile","0.975",1.01718811704182
"2021-06-23","7 day R","2021-05-18","DE","point","NA",0.755985023777028
"2021-06-23","7 day R","2021-05-18","DE","quantile","0.025",0.502146584633932
"2021-06-23","7 day R","2021-05-18","DE","quantile","0.975",1.00773140070964
"2021-06-23","7 day R","2021-05-19","DE","point","NA",0.753683838882499
"2021-06-23","7 day R","2021-05-19","DE","quantile","0.025",0.501834683568641
"2021-06-23","7 day R","2021-05-19","DE","quantile","0.975",1.00611814229205
"2021-06-23","7 day R","2021-05-20","DE","point","NA",0.744170032109482
"2021-06-23","7 day R","2021-05-20","DE","quantile","0.025",0.492160203723617
"2021-06-23","7 day R","2021-05-20","DE","quantile","0.975",0.993535096648866
"2021-06-23","7 day R","2021-05-21","DE","point","NA",0.734404569156441
"2021-06-23","7 day R","2021-05-21","DE","quantile","0.025",0.47733852121917
"2021-06-23","7 day R","2021-05-21","DE","quantile","0.975",0.98754674723421
"2021-06-23","7 day R","2021-05-22","DE","point","NA",0.724497779979817
"2021-06-23","7 day R","2021-05-22","DE","quantile","0.025",0.470624336445339
"2021-06-23","7 day R","2021-05-22","DE","quantile","0.975",0.97652157283253
"2021-06-23","7 day R","2021-05-23","DE","point","NA",0.712230085573495
"2021-06-23","7 day R","2021-05-23","DE","quantile","0.025",0.462168497876457
"2021-06-23","7 day R","2021-05-23","DE","quantile","0.975",0.96340705653876
"2021-06-23","7 day R","2021-05-24","DE","point","NA",0.695725434305988
"2021-06-23","7 day R","2021-05-24","DE","quantile","0.025",0.445563429832119
"2021-06-23","7 day R","2021-05-24","DE","quantile","0.975",0.949518846107253
"2021-06-23","7 day R","2021-05-25","DE","point","NA",0.682320379442898
"2021-06-23","7 day R","2021-05-25","DE","quantile","0.025",0.43048967791964
"2021-06-23","7 day R","2021-05-25","DE","quantile","0.975",0.934071852149058
"2021-06-23","7 day R","2021-05-26","DE","point","NA",0.682288953394049
"2021-06-23","7 day R","2021-05-26","DE","quantile","0.025",0.431414107667814
"2021-06-23","7 day R","2021-05-26","DE","quantile","0.975",0.933249383075097
"2021-06-23","7 day R","2021-05-27","DE","point","NA",0.692296539642475
"2021-06-23","7 day R","2021-05-27","DE","quantile","0.025",0.439523150687598
"2021-06-23","7 day R","2021-05-27","DE","quantile","0.975",0.941911496947104
"2021-06-23","7 day R","2021-05-28","DE","point","NA",0.698007860971491
"2021-06-23","7 day R","2021-05-28","DE","quantile","0.025",0.445671720102983
"2021-06-23","7 day R","2021-05-28","DE","quantile","0.975",0.944789821348751
"2021-06-23","7 day R","2021-05-29","DE","point","NA",0.6965832829803
"2021-06-23","7 day R","2021-05-29","DE","quantile","0.025",0.443113627592979
"2021-06-23","7 day R","2021-05-29","DE","quantile","0.975",0.947142268892015
"2021-06-23","7 day R","2021-05-30","DE","point","NA",0.692035304937262
"2021-06-23","7 day R","2021-05-30","DE","quantile","0.025",0.438344340609209
"2021-06-23","7 day R","2021-05-30","DE","quantile","0.975",0.944301706252058
"2021-06-23","7 day R","2021-05-31","DE","point","NA",0.683116894871325
"2021-06-23","7 day R","2021-05-31","DE","quantile","0.025",0.428873241484094
"2021-06-23","7 day R","2021-05-31","DE","quantile","0.975",0.93581555065325
"2021-06-23","7 day R","2021-06-01","DE","point","NA",0.674495173209246
"2021-06-23","7 day R","2021-06-01","DE","quantile","0.025",0.418369263728632
"2021-06-23","7 day R","2021-06-01","DE","quantile","0.975",0.929357053966434
"2021-06-23","7 day R","2021-06-02","DE","point","NA",0.669498499222315
"2021-06-23","7 day R","2021-06-02","DE","quantile","0.025",0.415169788696024
"2021-06-23","7 day R","2021-06-02","DE","quantile","0.975",0.923214800333869
"2021-06-23","7 day R","2021-06-03","DE","point","NA",0.66249526899953
"2021-06-23","7 day R","2021-06-03","DE","quantile","0.025",0.40919643894697
"2021-06-23","7 day R","2021-06-03","DE","quantile","0.975",0.916261308126852
"2021-06-23","7 day R","2021-06-04","DE","point","NA",0.659333750587206
"2021-06-23","7 day R","2021-06-04","DE","quantile","0.025",0.40780232780662
"2021-06-23","7 day R","2021-06-04","DE","quantile","0.975",0.913269857337518
"2021-06-23","7 day R","2021-06-05","DE","point","NA",0.657536715126945
"2021-06-23","7 day R","2021-06-05","DE","quantile","0.025",0.405382044890208
"2021-06-23","7 day R","2021-06-05","DE","quantile","0.975",0.915050936312568
"2021-06-23","7 day R","2021-06-06","DE","point","NA",0.656757962417492
"2021-06-23","7 day R","2021-06-06","DE","quantile","0.025",0.401251935214819
"2021-06-23","7 day R","2021-06-06","DE","quantile","0.975",0.912143185053292
"2021-06-23","7 day R","2021-06-07","DE","point","NA",0.652444783777564
"2021-06-23","7 day R","2021-06-07","DE","quantile","0.025",0.399487566524873
"2021-06-23","7 day R","2021-06-07","DE","quantile","0.975",0.907873742189045
"2021-06-23","7 day R","2021-06-08","DE","point","NA",0.646396043696532
"2021-06-23","7 day R","2021-06-08","DE","quantile","0.025",0.387978220698083
"2021-06-23","7 day R","2021-06-08","DE","quantile","0.975",0.902139016788806
"2021-06-23","7 day R","2021-06-09","DE","point","NA",0.641129030098415
"2021-06-23","7 day R","2021-06-09","DE","quantile","0.025",0.382171657926737
"2021-06-23","7 day R","2021-06-09","DE","quantile","0.975",0.898725256294629
"2021-06-23","7 day R","2021-06-10","DE","point","NA",0.633511770046092
"2021-06-23","7 day R","2021-06-10","DE","quantile","0.025",0.372385512486934
"2021-06-23","7 day R","2021-06-10","DE","quantile","0.975",0.888636835306231
"2021-06-23","7 day R","2021-06-11","DE","point","NA",0.625196065243189
"2021-06-23","7 day R","2021-06-11","DE","quantile","0.025",0.36740576007555
"2021-06-23","7 day R","2021-06-11","DE","quantile","0.975",0.87844855506771
"2021-06-23","7 day R","2021-06-12","DE","point","NA",0.615631697601502
"2021-06-23","7 day R","2021-06-12","DE","quantile","0.025",0.353603918703023
"2021-06-23","7 day R","2021-06-12","DE","quantile","0.975",0.876083751330469
"2021-06-23","7 day R","2021-06-13","DE","point","NA",0.60675865619485
"2021-06-23","7 day R","2021-06-13","DE","quantile","0.025",0.340357285770787
"2021-06-23","7 day R","2021-06-13","DE","quantile","0.975",0.868555666128887
"2021-06-23","7 day R","2021-06-14","DE","point","NA",0.59612246849032
"2021-06-23","7 day R","2021-06-14","DE","quantile","0.025",0.330156506354762
"2021-06-23","7 day R","2021-06-14","DE","quantile","0.975",0.859507097297245
"2021-06-23","7 day R","2021-06-15","DE","point","NA",0.583807759925762
"2021-06-23","7 day R","2021-06-15","DE","quantile","0.025",0.313823842527426
"2021-06-23","7 day R","2021-06-15","DE","quantile","0.975",0.850827868004894
"2021-06-23","7 day R","2021-06-16","DE","point","NA",0.574865895844328
"2021-06-23","7 day R","2021-06-16","DE","quantile","0.025",0.299692720456218
"2021-06-23","7 day R","2021-06-16","DE","quantile","0.975",0.847667992588121
"2021-06-23","7 day R","2021-06-17","DE","point","NA",0.571121231845269
"2021-06-23","7 day R","2021-06-17","DE","quantile","0.025",0.286029946249748
"2021-06-23","7 day R","2021-06-17","DE","quantile","0.975",0.849431075447004
"2021-06-23","7 day R","2021-06-18","DE","point","NA",0.575937363599988
"2021-06-23","7 day R","2021-06-18","DE","quantile","0.025",0.2795348706062
"2021-06-23","7 day R","2021-06-18","DE","quantile","0.975",0.867147203080505
"2021-06-23","7 day R","2021-06-19","DE","point","NA",0.582988684922355
"2021-06-23","7 day R","2021-06-19","DE","quantile","0.025",0.278672722429235
"2021-06-23","7 day R","2021-06-19","DE","quantile","0.975",0.888540529545203
"2021-06-23","7 day R","2021-06-20","DE","point","NA",0.587039481984774
"2021-06-23","7 day R","2021-06-20","DE","quantile","0.025",0.265714293578649
"2021-06-23","7 day R","2021-06-20","DE","quantile","0.975",0.909044068124958
"2021-06-23","7 day R","2021-06-21","DE","point","NA",0.589063913695204
"2021-06-23","7 day R","2021-06-21","DE","quantile","0.025",0.241191527725581
"2021-06-23","7 day R","2021-06-21","DE","quantile","0.975",0.938297191318877
"2021-06-23","7 day R","2020-03-02","DE","point","NA",2.99506537834829
"2021-06-23","7 day R","2020-03-02","DE","quantile","0.025",2.62687771900039
"2021-06-23","7 day R","2020-03-02","DE","quantile","0.975",3.36435825630855
"2021-06-23","7 day R","2020-03-03","DE","point","NA",3.01884803901985
"2021-06-23","7 day R","2020-03-03","DE","quantile","0.025",2.67905867103558
"2021-06-23","7 day R","2020-03-03","DE","quantile","0.975",3.36578533555096
"2021-06-23","7 day R","2020-03-04","DE","point","NA",3.06746497487674
"2021-06-23","7 day R","2020-03-04","DE","quantile","0.025",2.74341995581138
"2021-06-23","7 day R","2020-03-04","DE","quantile","0.975",3.39733686898107
"2021-06-23","7 day R","2020-03-05","DE","point","NA",3.1194904965948
"2021-06-23","7 day R","2020-03-05","DE","quantile","0.025",2.80734538965305
"2021-06-23","7 day R","2020-03-05","DE","quantile","0.975",3.44215601517316
"2021-06-23","7 day R","2020-03-06","DE","point","NA",3.04463783428219
"2021-06-23","7 day R","2020-03-06","DE","quantile","0.025",2.74372948279783
"2021-06-23","7 day R","2020-03-06","DE","quantile","0.975",3.34812027120417
"2021-06-23","7 day R","2020-03-07","DE","point","NA",3.0061386874798
"2021-06-23","7 day R","2020-03-07","DE","quantile","0.025",2.71293933875603
"2021-06-23","7 day R","2020-03-07","DE","quantile","0.975",3.29972552250348
"2021-06-23","7 day R","2020-03-08","DE","point","NA",2.98042361578401
"2021-06-23","7 day R","2020-03-08","DE","quantile","0.025",2.69406141414114
"2021-06-23","7 day R","2020-03-08","DE","quantile","0.975",3.26651828448564
"2021-06-23","7 day R","2020-03-09","DE","point","NA",2.95321734688703
"2021-06-23","7 day R","2020-03-09","DE","quantile","0.025",2.66871521906896
"2021-06-23","7 day R","2020-03-09","DE","quantile","0.975",3.23712526089844
"2021-06-23","7 day R","2020-03-10","DE","point","NA",2.95716685088054
"2021-06-23","7 day R","2020-03-10","DE","quantile","0.025",2.67693652932435
"2021-06-23","7 day R","2020-03-10","DE","quantile","0.975",3.24436758339034
"2021-06-23","7 day R","2020-03-11","DE","point","NA",2.96331599813954
"2021-06-23","7 day R","2020-03-11","DE","quantile","0.025",2.68347282989422
"2021-06-23","7 day R","2020-03-11","DE","quantile","0.975",3.24831343537731
"2021-06-23","7 day R","2020-03-12","DE","point","NA",2.96314782967851
"2021-06-23","7 day R","2020-03-12","DE","quantile","0.025",2.67902106044762
"2021-06-23","7 day R","2020-03-12","DE","quantile","0.975",3.25172576707998
"2021-06-23","7 day R","2020-03-13","DE","point","NA",3.04401903872391
"2021-06-23","7 day R","2020-03-13","DE","quantile","0.025",2.74230191218124
"2021-06-23","7 day R","2020-03-13","DE","quantile","0.975",3.35708017889495
"2021-06-23","7 day R","2020-03-14","DE","point","NA",2.97588142621845
"2021-06-23","7 day R","2020-03-14","DE","quantile","0.025",2.67790551368988
"2021-06-23","7 day R","2020-03-14","DE","quantile","0.975",3.28066432976064
"2021-06-23","7 day R","2020-03-15","DE","point","NA",2.89499537346975
"2021-06-23","7 day R","2020-03-15","DE","quantile","0.025",2.60374110900831
"2021-06-23","7 day R","2020-03-15","DE","quantile","0.975",3.19524319220125
"2021-06-23","7 day R","2020-03-16","DE","point","NA",2.8137214958146
"2021-06-23","7 day R","2020-03-16","DE","quantile","0.025",2.52837783247759
"2021-06-23","7 day R","2020-03-16","DE","quantile","0.975",3.10981190121142
"2021-06-23","7 day R","2020-03-17","DE","point","NA",2.7179451667314
"2021-06-23","7 day R","2020-03-17","DE","quantile","0.025",2.43827914368397
"2021-06-23","7 day R","2020-03-17","DE","quantile","0.975",3.01310907859438
"2021-06-23","7 day R","2020-03-18","DE","point","NA",2.60516869542266
"2021-06-23","7 day R","2020-03-18","DE","quantile","0.025",2.33124558555433
"2021-06-23","7 day R","2020-03-18","DE","quantile","0.975",2.89022815499052
"2021-06-23","7 day R","2020-03-19","DE","point","NA",2.47061958382446
"2021-06-23","7 day R","2020-03-19","DE","quantile","0.025",2.19565707472633
"2021-06-23","7 day R","2020-03-19","DE","quantile","0.975",2.74781731242942
"2021-06-23","7 day R","2020-03-20","DE","point","NA",2.34438820774472
"2021-06-23","7 day R","2020-03-20","DE","quantile","0.025",2.07035106770739
"2021-06-23","7 day R","2020-03-20","DE","quantile","0.975",2.61654954032462
"2021-06-23","7 day R","2020-03-21","DE","point","NA",2.23828572927769
"2021-06-23","7 day R","2020-03-21","DE","quantile","0.025",1.96139938833604
"2021-06-23","7 day R","2020-03-21","DE","quantile","0.975",2.51016752528735
"2021-06-23","7 day R","2020-03-22","DE","point","NA",2.14453724458886
"2021-06-23","7 day R","2020-03-22","DE","quantile","0.025",1.86922215501732
"2021-06-23","7 day R","2020-03-22","DE","quantile","0.975",2.41854942273388
"2021-06-23","7 day R","2020-03-23","DE","point","NA",2.06568993496085
"2021-06-23","7 day R","2020-03-23","DE","quantile","0.025",1.79063641062257
"2021-06-23","7 day R","2020-03-23","DE","quantile","0.975",2.34148832863829
"2021-06-23","7 day R","2020-03-24","DE","point","NA",1.97169400084528
"2021-06-23","7 day R","2020-03-24","DE","quantile","0.025",1.69553732101321
"2021-06-23","7 day R","2020-03-24","DE","quantile","0.975",2.24767899026111
"2021-06-23","7 day R","2020-03-25","DE","point","NA",1.87869934418092
"2021-06-23","7 day R","2020-03-25","DE","quantile","0.025",1.6069425316709
"2021-06-23","7 day R","2020-03-25","DE","quantile","0.975",2.14909638467898
"2021-06-23","7 day R","2020-03-26","DE","point","NA",1.79885676227209
"2021-06-23","7 day R","2020-03-26","DE","quantile","0.025",1.52216031651902
"2021-06-23","7 day R","2020-03-26","DE","quantile","0.975",2.0696606057421
"2021-06-23","7 day R","2020-03-27","DE","point","NA",1.71382568494516
"2021-06-23","7 day R","2020-03-27","DE","quantile","0.025",1.4403362384076
"2021-06-23","7 day R","2020-03-27","DE","quantile","0.975",1.98724766330363
"2021-06-23","7 day R","2020-03-28","DE","point","NA",1.64834061196609
"2021-06-23","7 day R","2020-03-28","DE","quantile","0.025",1.37650953297981
"2021-06-23","7 day R","2020-03-28","DE","quantile","0.975",1.9242257704838
"2021-06-23","7 day R","2020-03-29","DE","point","NA",1.56550554028019
"2021-06-23","7 day R","2020-03-29","DE","quantile","0.025",1.28975355732645
"2021-06-23","7 day R","2020-03-29","DE","quantile","0.975",1.84336891417195
"2021-06-23","7 day R","2020-03-30","DE","point","NA",1.48879562870227
"2021-06-23","7 day R","2020-03-30","DE","quantile","0.025",1.21080589207988
"2021-06-23","7 day R","2020-03-30","DE","quantile","0.975",1.76306474339589
"2021-06-23","7 day R","2020-03-31","DE","point","NA",1.41140187218688
"2021-06-23","7 day R","2020-03-31","DE","quantile","0.025",1.13188842391029
"2021-06-23","7 day R","2020-03-31","DE","quantile","0.975",1.68708745166216
"2021-06-23","7 day R","2020-04-01","DE","point","NA",1.33456153401019
"2021-06-23","7 day R","2020-04-01","DE","quantile","0.025",1.05037449065907
"2021-06-23","7 day R","2020-04-01","DE","quantile","0.975",1.61122399904795
"2021-06-23","7 day R","2020-04-02","DE","point","NA",1.26330097060186
"2021-06-23","7 day R","2020-04-02","DE","quantile","0.025",0.975290267368315
"2021-06-23","7 day R","2020-04-02","DE","quantile","0.975",1.54096107745718
"2021-06-23","7 day R","2020-04-03","DE","point","NA",1.19809224292975
"2021-06-23","7 day R","2020-04-03","DE","quantile","0.025",0.914616380728162
"2021-06-23","7 day R","2020-04-03","DE","quantile","0.975",1.4761432410823
"2021-06-23","7 day R","2020-04-04","DE","point","NA",1.15460595065117
"2021-06-23","7 day R","2020-04-04","DE","quantile","0.025",0.869492139595796
"2021-06-23","7 day R","2020-04-04","DE","quantile","0.975",1.43006180025845
"2021-06-23","7 day R","2020-04-05","DE","point","NA",1.10868740376746
"2021-06-23","7 day R","2020-04-05","DE","quantile","0.025",0.824039953279131
"2021-06-23","7 day R","2020-04-05","DE","quantile","0.975",1.38490260150538
"2021-06-23","7 day R","2020-04-06","DE","point","NA",1.06238639832303
"2021-06-23","7 day R","2020-04-06","DE","quantile","0.025",0.779452485435144
"2021-06-23","7 day R","2020-04-06","DE","quantile","0.975",1.33971897178856
"2021-06-23","7 day R","2020-04-07","DE","point","NA",1.01583736039849
"2021-06-23","7 day R","2020-04-07","DE","quantile","0.025",0.732432583248559
"2021-06-23","7 day R","2020-04-07","DE","quantile","0.975",1.29084641576177
"2021-06-23","7 day R","2020-04-08","DE","point","NA",0.965920291107937
"2021-06-23","7 day R","2020-04-08","DE","quantile","0.025",0.683938565360237
"2021-06-23","7 day R","2020-04-08","DE","quantile","0.975",1.24203806447582
"2021-06-23","7 day R","2020-04-09","DE","point","NA",0.916001297381338
"2021-06-23","7 day R","2020-04-09","DE","quantile","0.025",0.635058699240694
"2021-06-23","7 day R","2020-04-09","DE","quantile","0.975",1.19209600651327
"2021-06-23","7 day R","2020-04-10","DE","point","NA",0.875153112597394
"2021-06-23","7 day R","2020-04-10","DE","quantile","0.025",0.590934315604088
"2021-06-23","7 day R","2020-04-10","DE","quantile","0.975",1.15094893237395
"2021-06-23","7 day R","2020-04-11","DE","point","NA",0.852133536989109
"2021-06-23","7 day R","2020-04-11","DE","quantile","0.025",0.568257750643118
"2021-06-23","7 day R","2020-04-11","DE","quantile","0.975",1.13001817665384
"2021-06-23","7 day R","2020-04-12","DE","point","NA",0.832686244172696
"2021-06-23","7 day R","2020-04-12","DE","quantile","0.025",0.549892229605255
"2021-06-23","7 day R","2020-04-12","DE","quantile","0.975",1.10622273856108
"2021-06-23","7 day R","2020-04-13","DE","point","NA",0.809225113777329
"2021-06-23","7 day R","2020-04-13","DE","quantile","0.025",0.526000069444715
"2021-06-23","7 day R","2020-04-13","DE","quantile","0.975",1.07954063159157
"2021-06-23","7 day R","2020-04-14","DE","point","NA",0.784332439635904
"2021-06-23","7 day R","2020-04-14","DE","quantile","0.025",0.503215930830776
"2021-06-23","7 day R","2020-04-14","DE","quantile","0.975",1.05886574835651
"2021-06-23","7 day R","2020-04-15","DE","point","NA",0.765615275014627
"2021-06-23","7 day R","2020-04-15","DE","quantile","0.025",0.485351831240778
"2021-06-23","7 day R","2020-04-15","DE","quantile","0.975",1.04173401677861
"2021-06-23","7 day R","2020-04-16","DE","point","NA",0.749221560443943
"2021-06-23","7 day R","2020-04-16","DE","quantile","0.025",0.469796598292425
"2021-06-23","7 day R","2020-04-16","DE","quantile","0.975",1.02231668807889
"2021-06-23","7 day R","2020-04-17","DE","point","NA",0.742138588021979
"2021-06-23","7 day R","2020-04-17","DE","quantile","0.025",0.464448666506493
"2021-06-23","7 day R","2020-04-17","DE","quantile","0.975",1.01312364542661
"2021-06-23","7 day R","2020-04-18","DE","point","NA",0.737530926704001
"2021-06-23","7 day R","2020-04-18","DE","quantile","0.025",0.460207098125567
"2021-06-23","7 day R","2020-04-18","DE","quantile","0.975",1.00916269867226
"2021-06-23","7 day R","2020-04-19","DE","point","NA",0.732913192123181
"2021-06-23","7 day R","2020-04-19","DE","quantile","0.025",0.458375251161424
"2021-06-23","7 day R","2020-04-19","DE","quantile","0.975",1.0036295231405
"2021-06-23","7 day R","2020-04-20","DE","point","NA",0.723899228905713
"2021-06-23","7 day R","2020-04-20","DE","quantile","0.025",0.446442308302811
"2021-06-23","7 day R","2020-04-20","DE","quantile","0.975",0.999194849130684
"2021-06-23","7 day R","2020-04-21","DE","point","NA",0.708629350611819
"2021-06-23","7 day R","2020-04-21","DE","quantile","0.025",0.430798172090232
"2021-06-23","7 day R","2020-04-21","DE","quantile","0.975",0.981215867786891
"2021-06-23","7 day R","2020-04-22","DE","point","NA",0.696727059209124
"2021-06-23","7 day R","2020-04-22","DE","quantile","0.025",0.422956936224765
"2021-06-23","7 day R","2020-04-22","DE","quantile","0.975",0.970812624485948
"2021-06-23","7 day R","2020-04-23","DE","point","NA",0.686901083479732
"2021-06-23","7 day R","2020-04-23","DE","quantile","0.025",0.413353318435591
"2021-06-23","7 day R","2020-04-23","DE","quantile","0.975",0.961610467966529
"2021-06-23","7 day R","2020-04-24","DE","point","NA",0.677773388899232
"2021-06-23","7 day R","2020-04-24","DE","quantile","0.025",0.403380278075181
"2021-06-23","7 day R","2020-04-24","DE","quantile","0.975",0.952073368009622
"2021-06-23","7 day R","2020-04-25","DE","point","NA",0.678150495176283
"2021-06-23","7 day R","2020-04-25","DE","quantile","0.025",0.404039253584384
"2021-06-23","7 day R","2020-04-25","DE","quantile","0.975",0.949531851862365
"2021-06-23","7 day R","2020-04-26","DE","point","NA",0.677027448897007
"2021-06-23","7 day R","2020-04-26","DE","quantile","0.025",0.395890123056607
"2021-06-23","7 day R","2020-04-26","DE","quantile","0.975",0.949725455436924
"2021-06-23","7 day R","2020-04-27","DE","point","NA",0.67201865928235
"2021-06-23","7 day R","2020-04-27","DE","quantile","0.025",0.393415294354506
"2021-06-23","7 day R","2020-04-27","DE","quantile","0.975",0.948437352796825
"2021-06-23","7 day R","2020-04-28","DE","point","NA",0.66476085197201
"2021-06-23","7 day R","2020-04-28","DE","quantile","0.025",0.390711704616614
"2021-06-23","7 day R","2020-04-28","DE","quantile","0.975",0.939071636967249
"2021-06-23","7 day R","2020-04-29","DE","point","NA",0.65737459311354
"2021-06-23","7 day R","2020-04-29","DE","quantile","0.025",0.382565536110926
"2021-06-23","7 day R","2020-04-29","DE","quantile","0.975",0.930526423165302
"2021-06-23","7 day R","2020-04-30","DE","point","NA",0.649554985445788
"2021-06-23","7 day R","2020-04-30","DE","quantile","0.025",0.373094943233217
"2021-06-23","7 day R","2020-04-30","DE","quantile","0.975",0.922565625577758
"2021-06-23","7 day R","2020-05-01","DE","point","NA",0.645876417393328
"2021-06-23","7 day R","2020-05-01","DE","quantile","0.025",0.36746525088324
"2021-06-23","7 day R","2020-05-01","DE","quantile","0.975",0.92164446685045
"2021-06-23","7 day R","2020-05-02","DE","point","NA",0.654149698725946
"2021-06-23","7 day R","2020-05-02","DE","quantile","0.025",0.38032225936124
"2021-06-23","7 day R","2020-05-02","DE","quantile","0.975",0.928845425630953
"2021-06-23","7 day R","2020-05-03","DE","point","NA",0.662756949385037
"2021-06-23","7 day R","2020-05-03","DE","quantile","0.025",0.388339161241214
"2021-06-23","7 day R","2020-05-03","DE","quantile","0.975",0.936374869813199
"2021-06-23","7 day R","2020-05-04","DE","point","NA",0.671411380849879
"2021-06-23","7 day R","2020-05-04","DE","quantile","0.025",0.399900720397891
"2021-06-23","7 day R","2020-05-04","DE","quantile","0.975",0.945507155366543
"2021-06-23","7 day R","2020-05-05","DE","point","NA",0.680690977958087
"2021-06-23","7 day R","2020-05-05","DE","quantile","0.025",0.405672544388254
"2021-06-23","7 day R","2020-05-05","DE","quantile","0.975",0.953095893666561
"2021-06-23","7 day R","2020-05-06","DE","point","NA",0.689390561666804
"2021-06-23","7 day R","2020-05-06","DE","quantile","0.025",0.415197615543581
"2021-06-23","7 day R","2020-05-06","DE","quantile","0.975",0.961494485254244
"2021-06-23","7 day R","2020-05-07","DE","point","NA",0.696156951083442
"2021-06-23","7 day R","2020-05-07","DE","quantile","0.025",0.422330918380134
"2021-06-23","7 day R","2020-05-07","DE","quantile","0.975",0.966383799886068
"2021-06-23","7 day R","2020-05-08","DE","point","NA",0.698641606356633
"2021-06-23","7 day R","2020-05-08","DE","quantile","0.025",0.42449486501167
"2021-06-23","7 day R","2020-05-08","DE","quantile","0.975",0.971618666350223
"2021-06-23","7 day R","2020-05-09","DE","point","NA",0.7041585812978
"2021-06-23","7 day R","2020-05-09","DE","quantile","0.025",0.429109477958321
"2021-06-23","7 day R","2020-05-09","DE","quantile","0.975",0.976647658356148
"2021-06-23","7 day R","2020-05-10","DE","point","NA",0.708012465375425
"2021-06-23","7 day R","2020-05-10","DE","quantile","0.025",0.431386804917194
"2021-06-23","7 day R","2020-05-10","DE","quantile","0.975",0.982976698186884
"2021-06-23","7 day R","2020-05-11","DE","point","NA",0.711771323243761
"2021-06-23","7 day R","2020-05-11","DE","quantile","0.025",0.436846006674248
"2021-06-23","7 day R","2020-05-11","DE","quantile","0.975",0.986179032689194
"2021-06-23","7 day R","2020-05-12","DE","point","NA",0.706154568783188
"2021-06-23","7 day R","2020-05-12","DE","quantile","0.025",0.429626375479059
"2021-06-23","7 day R","2020-05-12","DE","quantile","0.975",0.978267259941968
"2021-06-23","7 day R","2020-05-13","DE","point","NA",0.707331073751519
"2021-06-23","7 day R","2020-05-13","DE","quantile","0.025",0.43569136882841
"2021-06-23","7 day R","2020-05-13","DE","quantile","0.975",0.979330996699478
"2021-06-23","7 day R","2020-05-14","DE","point","NA",0.704622264112776
"2021-06-23","7 day R","2020-05-14","DE","quantile","0.025",0.430890847860943
"2021-06-23","7 day R","2020-05-14","DE","quantile","0.975",0.979292099772651
"2021-06-23","7 day R","2020-05-15","DE","point","NA",0.718995745403861
"2021-06-23","7 day R","2020-05-15","DE","quantile","0.025",0.447869532130436
"2021-06-23","7 day R","2020-05-15","DE","quantile","0.975",0.99472671165961
"2021-06-23","7 day R","2020-05-16","DE","point","NA",0.738226118430833
"2021-06-23","7 day R","2020-05-16","DE","quantile","0.025",0.462827273014165
"2021-06-23","7 day R","2020-05-16","DE","quantile","0.975",1.01375989707344
"2021-06-23","7 day R","2020-05-17","DE","point","NA",0.756638840177939
"2021-06-23","7 day R","2020-05-17","DE","quantile","0.025",0.485552324368911
"2021-06-23","7 day R","2020-05-17","DE","quantile","0.975",1.03398961890328
"2021-06-23","7 day R","2020-05-18","DE","point","NA",0.768708023477306
"2021-06-23","7 day R","2020-05-18","DE","quantile","0.025",0.494848771430527
"2021-06-23","7 day R","2020-05-18","DE","quantile","0.975",1.04357347988192
"2021-06-23","7 day R","2020-05-19","DE","point","NA",0.786353520381544
"2021-06-23","7 day R","2020-05-19","DE","quantile","0.025",0.508534614797327
"2021-06-23","7 day R","2020-05-19","DE","quantile","0.975",1.06361211107291
"2021-06-23","7 day R","2020-05-20","DE","point","NA",0.775501057963903
"2021-06-23","7 day R","2020-05-20","DE","quantile","0.025",0.500532667462521
"2021-06-23","7 day R","2020-05-20","DE","quantile","0.975",1.05457058786159
"2021-06-23","7 day R","2020-05-21","DE","point","NA",0.761409936222074
"2021-06-23","7 day R","2020-05-21","DE","quantile","0.025",0.485842634282585
"2021-06-23","7 day R","2020-05-21","DE","quantile","0.975",1.04085942624175
"2021-06-23","7 day R","2020-05-22","DE","point","NA",0.754909289320418
"2021-06-23","7 day R","2020-05-22","DE","quantile","0.025",0.484482256795149
"2021-06-23","7 day R","2020-05-22","DE","quantile","0.975",1.03174996254666
"2021-06-23","7 day R","2020-05-23","DE","point","NA",0.753656198708212
"2021-06-23","7 day R","2020-05-23","DE","quantile","0.025",0.479281320557009
"2021-06-23","7 day R","2020-05-23","DE","quantile","0.975",1.03035881991383
"2021-06-23","7 day R","2020-05-24","DE","point","NA",0.759522959270894
"2021-06-23","7 day R","2020-05-24","DE","quantile","0.025",0.482329987237313
"2021-06-23","7 day R","2020-05-24","DE","quantile","0.975",1.03300281737539
"2021-06-23","7 day R","2020-05-25","DE","point","NA",0.765176499960038
"2021-06-23","7 day R","2020-05-25","DE","quantile","0.025",0.487202493877062
"2021-06-23","7 day R","2020-05-25","DE","quantile","0.975",1.03827965350975
"2021-06-23","7 day R","2020-05-26","DE","point","NA",0.7700713815746
"2021-06-23","7 day R","2020-05-26","DE","quantile","0.025",0.498283078202695
"2021-06-23","7 day R","2020-05-26","DE","quantile","0.975",1.04612142367128
"2021-06-23","7 day R","2020-05-27","DE","point","NA",0.7739884692132
"2021-06-23","7 day R","2020-05-27","DE","quantile","0.025",0.499960281175765
"2021-06-23","7 day R","2020-05-27","DE","quantile","0.975",1.04914861685201
"2021-06-23","7 day R","2020-05-28","DE","point","NA",0.780838067579374
"2021-06-23","7 day R","2020-05-28","DE","quantile","0.025",0.511268393466327
"2021-06-23","7 day R","2020-05-28","DE","quantile","0.975",1.05356904219288
"2021-06-23","7 day R","2020-05-29","DE","point","NA",0.781672573786132
"2021-06-23","7 day R","2020-05-29","DE","quantile","0.025",0.506967115696602
"2021-06-23","7 day R","2020-05-29","DE","quantile","0.975",1.05298256894855
"2021-06-23","7 day R","2020-05-30","DE","point","NA",0.77504093572349
"2021-06-23","7 day R","2020-05-30","DE","quantile","0.025",0.499930561234035
"2021-06-23","7 day R","2020-05-30","DE","quantile","0.975",1.04387728480801
"2021-06-23","7 day R","2020-05-31","DE","point","NA",0.772575259580702
"2021-06-23","7 day R","2020-05-31","DE","quantile","0.025",0.499232705351815
"2021-06-23","7 day R","2020-05-31","DE","quantile","0.975",1.04213490511535
"2021-06-23","7 day R","2020-06-01","DE","point","NA",0.774007084037322
"2021-06-23","7 day R","2020-06-01","DE","quantile","0.025",0.497253384509313
"2021-06-23","7 day R","2020-06-01","DE","quantile","0.975",1.04656898662121
"2021-06-23","7 day R","2020-06-02","DE","point","NA",0.779263767331591
"2021-06-23","7 day R","2020-06-02","DE","quantile","0.025",0.503131730109788
"2021-06-23","7 day R","2020-06-02","DE","quantile","0.975",1.0506084571518
"2021-06-23","7 day R","2020-06-03","DE","point","NA",0.797544134009219
"2021-06-23","7 day R","2020-06-03","DE","quantile","0.025",0.520838792680678
"2021-06-23","7 day R","2020-06-03","DE","quantile","0.975",1.07078436655893
"2021-06-23","7 day R","2020-06-04","DE","point","NA",0.818271142783269
"2021-06-23","7 day R","2020-06-04","DE","quantile","0.025",0.544300000590093
"2021-06-23","7 day R","2020-06-04","DE","quantile","0.975",1.09109122590337
"2021-06-23","7 day R","2020-06-05","DE","point","NA",0.848259156438795
"2021-06-23","7 day R","2020-06-05","DE","quantile","0.025",0.574220816246661
"2021-06-23","7 day R","2020-06-05","DE","quantile","0.975",1.12035537711866
"2021-06-23","7 day R","2020-06-06","DE","point","NA",0.878336115831875
"2021-06-23","7 day R","2020-06-06","DE","quantile","0.025",0.606068474816866
"2021-06-23","7 day R","2020-06-06","DE","quantile","0.975",1.15262847581666
"2021-06-23","7 day R","2020-06-07","DE","point","NA",0.88552199331918
"2021-06-23","7 day R","2020-06-07","DE","quantile","0.025",0.613246867793497
"2021-06-23","7 day R","2020-06-07","DE","quantile","0.975",1.15950371712384
"2021-06-23","7 day R","2020-06-08","DE","point","NA",0.889607352894145
"2021-06-23","7 day R","2020-06-08","DE","quantile","0.025",0.618740892029538
"2021-06-23","7 day R","2020-06-08","DE","quantile","0.975",1.16052836072399
"2021-06-23","7 day R","2020-06-09","DE","point","NA",0.884043042075684
"2021-06-23","7 day R","2020-06-09","DE","quantile","0.025",0.609009364315373
"2021-06-23","7 day R","2020-06-09","DE","quantile","0.975",1.15131117241004
"2021-06-23","7 day R","2020-06-10","DE","point","NA",0.882375095796015
"2021-06-23","7 day R","2020-06-10","DE","quantile","0.025",0.606622572391585
"2021-06-23","7 day R","2020-06-10","DE","quantile","0.975",1.15534054241126
"2021-06-23","7 day R","2020-06-11","DE","point","NA",0.903478391448341
"2021-06-23","7 day R","2020-06-11","DE","quantile","0.025",0.628255049337582
"2021-06-23","7 day R","2020-06-11","DE","quantile","0.975",1.17548772740774
"2021-06-23","7 day R","2020-06-12","DE","point","NA",0.953959682517636
"2021-06-23","7 day R","2020-06-12","DE","quantile","0.025",0.68141781452543
"2021-06-23","7 day R","2020-06-12","DE","quantile","0.975",1.22410411279581
"2021-06-23","7 day R","2020-06-13","DE","point","NA",0.988754497819214
"2021-06-23","7 day R","2020-06-13","DE","quantile","0.025",0.716780970437769
"2021-06-23","7 day R","2020-06-13","DE","quantile","0.975",1.25787343783459
"2021-06-23","7 day R","2020-06-14","DE","point","NA",1.04478716465866
"2021-06-23","7 day R","2020-06-14","DE","quantile","0.025",0.77427267963362
"2021-06-23","7 day R","2020-06-14","DE","quantile","0.975",1.31416119063997
"2021-06-23","7 day R","2020-06-15","DE","point","NA",1.10062043887607
"2021-06-23","7 day R","2020-06-15","DE","quantile","0.025",0.832910308300294
"2021-06-23","7 day R","2020-06-15","DE","quantile","0.975",1.37682366856589
"2021-06-23","7 day R","2020-06-16","DE","point","NA",1.16576077414537
"2021-06-23","7 day R","2020-06-16","DE","quantile","0.025",0.893582931728319
"2021-06-23","7 day R","2020-06-16","DE","quantile","0.975",1.44691416702187
"2021-06-23","7 day R","2020-06-17","DE","point","NA",1.2092622870008
"2021-06-23","7 day R","2020-06-17","DE","quantile","0.025",0.93777858163616
"2021-06-23","7 day R","2020-06-17","DE","quantile","0.975",1.49214995143604
"2021-06-23","7 day R","2020-06-18","DE","point","NA",1.24797284985758
"2021-06-23","7 day R","2020-06-18","DE","quantile","0.025",0.968407682127755
"2021-06-23","7 day R","2020-06-18","DE","quantile","0.975",1.53516461269765
"2021-06-23","7 day R","2020-06-19","DE","point","NA",1.21776955119565
"2021-06-23","7 day R","2020-06-19","DE","quantile","0.025",0.944456645829196
"2021-06-23","7 day R","2020-06-19","DE","quantile","0.975",1.50117515001044
"2021-06-23","7 day R","2020-06-20","DE","point","NA",1.19869794187677
"2021-06-23","7 day R","2020-06-20","DE","quantile","0.025",0.924879639593904
"2021-06-23","7 day R","2020-06-20","DE","quantile","0.975",1.48055193675902
"2021-06-23","7 day R","2020-06-21","DE","point","NA",1.18344479875926
"2021-06-23","7 day R","2020-06-21","DE","quantile","0.025",0.909593067137508
"2021-06-23","7 day R","2020-06-21","DE","quantile","0.975",1.46270480575721
"2021-06-23","7 day R","2020-06-22","DE","point","NA",1.15440970041349
"2021-06-23","7 day R","2020-06-22","DE","quantile","0.025",0.881783365227867
"2021-06-23","7 day R","2020-06-22","DE","quantile","0.975",1.43626214859548
"2021-06-23","7 day R","2020-06-23","DE","point","NA",1.12195826676299
"2021-06-23","7 day R","2020-06-23","DE","quantile","0.025",0.849778290324697
"2021-06-23","7 day R","2020-06-23","DE","quantile","0.975",1.40068728462139
"2021-06-23","7 day R","2020-06-24","DE","point","NA",1.08082125187804
"2021-06-23","7 day R","2020-06-24","DE","quantile","0.025",0.803722530149938
"2021-06-23","7 day R","2020-06-24","DE","quantile","0.975",1.3581095247505
"2021-06-23","7 day R","2020-06-25","DE","point","NA",1.04851057290256
"2021-06-23","7 day R","2020-06-25","DE","quantile","0.025",0.769184660249504
"2021-06-23","7 day R","2020-06-25","DE","quantile","0.975",1.3212937028088
"2021-06-23","7 day R","2020-06-26","DE","point","NA",1.03128533870163
"2021-06-23","7 day R","2020-06-26","DE","quantile","0.025",0.75713865083211
"2021-06-23","7 day R","2020-06-26","DE","quantile","0.975",1.30313627154637
"2021-06-23","7 day R","2020-06-27","DE","point","NA",1.00960713172238
"2021-06-23","7 day R","2020-06-27","DE","quantile","0.025",0.737527282159555
"2021-06-23","7 day R","2020-06-27","DE","quantile","0.975",1.28035249754312
"2021-06-23","7 day R","2020-06-28","DE","point","NA",0.98674400778644
"2021-06-23","7 day R","2020-06-28","DE","quantile","0.025",0.712572524524387
"2021-06-23","7 day R","2020-06-28","DE","quantile","0.975",1.25658446001518
"2021-06-23","7 day R","2020-06-29","DE","point","NA",0.972267222370808
"2021-06-23","7 day R","2020-06-29","DE","quantile","0.025",0.695819665572714
"2021-06-23","7 day R","2020-06-29","DE","quantile","0.975",1.24123018864584
"2021-06-23","7 day R","2020-06-30","DE","point","NA",0.961891758232581
"2021-06-23","7 day R","2020-06-30","DE","quantile","0.025",0.687329167350317
"2021-06-23","7 day R","2020-06-30","DE","quantile","0.975",1.2362279453775
"2021-06-23","7 day R","2020-07-01","DE","point","NA",0.957655049061655
"2021-06-23","7 day R","2020-07-01","DE","quantile","0.025",0.685888773979473
"2021-06-23","7 day R","2020-07-01","DE","quantile","0.975",1.23046614458843
"2021-06-23","7 day R","2020-07-02","DE","point","NA",0.949768002599949
"2021-06-23","7 day R","2020-07-02","DE","quantile","0.025",0.676460052003562
"2021-06-23","7 day R","2020-07-02","DE","quantile","0.975",1.22238685720812
"2021-06-23","7 day R","2020-07-03","DE","point","NA",0.949175339508103
"2021-06-23","7 day R","2020-07-03","DE","quantile","0.025",0.677380086440358
"2021-06-23","7 day R","2020-07-03","DE","quantile","0.975",1.22223288260209
"2021-06-23","7 day R","2020-07-04","DE","point","NA",0.954134965765667
"2021-06-23","7 day R","2020-07-04","DE","quantile","0.025",0.680734806181208
"2021-06-23","7 day R","2020-07-04","DE","quantile","0.975",1.22991903654204
"2021-06-23","7 day R","2020-07-05","DE","point","NA",0.954579949270005
"2021-06-23","7 day R","2020-07-05","DE","quantile","0.025",0.679112652076269
"2021-06-23","7 day R","2020-07-05","DE","quantile","0.975",1.22874200553483
"2021-06-23","7 day R","2020-07-06","DE","point","NA",0.950342348070374
"2021-06-23","7 day R","2020-07-06","DE","quantile","0.025",0.677221726987093
"2021-06-23","7 day R","2020-07-06","DE","quantile","0.975",1.22614454126687
"2021-06-23","7 day R","2020-07-07","DE","point","NA",0.932295393593408
"2021-06-23","7 day R","2020-07-07","DE","quantile","0.025",0.655684918397344
"2021-06-23","7 day R","2020-07-07","DE","quantile","0.975",1.20413918058867
"2021-06-23","7 day R","2020-07-08","DE","point","NA",0.924064458680282
"2021-06-23","7 day R","2020-07-08","DE","quantile","0.025",0.643128668332358
"2021-06-23","7 day R","2020-07-08","DE","quantile","0.975",1.19856419097371
"2021-06-23","7 day R","2020-07-09","DE","point","NA",0.922237776143434
"2021-06-23","7 day R","2020-07-09","DE","quantile","0.025",0.641054149305137
"2021-06-23","7 day R","2020-07-09","DE","quantile","0.975",1.19898323510971
"2021-06-23","7 day R","2020-07-10","DE","point","NA",0.937385470511753
"2021-06-23","7 day R","2020-07-10","DE","quantile","0.025",0.655051681613309
"2021-06-23","7 day R","2020-07-10","DE","quantile","0.975",1.2132522346444
"2021-06-23","7 day R","2020-07-11","DE","point","NA",0.962613656417007
"2021-06-23","7 day R","2020-07-11","DE","quantile","0.025",0.682936183888978
"2021-06-23","7 day R","2020-07-11","DE","quantile","0.975",1.23788553737332
"2021-06-23","7 day R","2020-07-12","DE","point","NA",0.982200791171366
"2021-06-23","7 day R","2020-07-12","DE","quantile","0.025",0.702077061521232
"2021-06-23","7 day R","2020-07-12","DE","quantile","0.975",1.2592174008819
"2021-06-23","7 day R","2020-07-13","DE","point","NA",1.00121208752184
"2021-06-23","7 day R","2020-07-13","DE","quantile","0.025",0.723098373112859
"2021-06-23","7 day R","2020-07-13","DE","quantile","0.975",1.27529619639747
"2021-06-23","7 day R","2020-07-14","DE","point","NA",1.02996712774971
"2021-06-23","7 day R","2020-07-14","DE","quantile","0.025",0.75326011832198
"2021-06-23","7 day R","2020-07-14","DE","quantile","0.975",1.30902957470841
"2021-06-23","7 day R","2020-07-15","DE","point","NA",1.06547273255574
"2021-06-23","7 day R","2020-07-15","DE","quantile","0.025",0.794066997404645
"2021-06-23","7 day R","2020-07-15","DE","quantile","0.975",1.34255932369045
"2021-06-23","7 day R","2020-07-16","DE","point","NA",1.09843262421234
"2021-06-23","7 day R","2020-07-16","DE","quantile","0.025",0.826694872708435
"2021-06-23","7 day R","2020-07-16","DE","quantile","0.975",1.3738533655851
"2021-06-23","7 day R","2020-07-17","DE","point","NA",1.12300881472757
"2021-06-23","7 day R","2020-07-17","DE","quantile","0.025",0.848654982349678
"2021-06-23","7 day R","2020-07-17","DE","quantile","0.975",1.39915257529007
"2021-06-23","7 day R","2020-07-18","DE","point","NA",1.1387370226955
"2021-06-23","7 day R","2020-07-18","DE","quantile","0.025",0.861750306624686
"2021-06-23","7 day R","2020-07-18","DE","quantile","0.975",1.41384108906881
"2021-06-23","7 day R","2020-07-19","DE","point","NA",1.15627990710837
"2021-06-23","7 day R","2020-07-19","DE","quantile","0.025",0.883514634442524
"2021-06-23","7 day R","2020-07-19","DE","quantile","0.975",1.43499226406295
"2021-06-23","7 day R","2020-07-20","DE","point","NA",1.16968049779633
"2021-06-23","7 day R","2020-07-20","DE","quantile","0.025",0.898592418883528
"2021-06-23","7 day R","2020-07-20","DE","quantile","0.975",1.44602778982434
"2021-06-23","7 day R","2020-07-21","DE","point","NA",1.17508384217577
"2021-06-23","7 day R","2020-07-21","DE","quantile","0.025",0.903373302489014
"2021-06-23","7 day R","2020-07-21","DE","quantile","0.975",1.4454723962564
"2021-06-23","7 day R","2020-07-22","DE","point","NA",1.18425524504089
"2021-06-23","7 day R","2020-07-22","DE","quantile","0.025",0.914024444870123
"2021-06-23","7 day R","2020-07-22","DE","quantile","0.975",1.45871987973686
"2021-06-23","7 day R","2020-07-23","DE","point","NA",1.19689230121229
"2021-06-23","7 day R","2020-07-23","DE","quantile","0.025",0.923765834618163
"2021-06-23","7 day R","2020-07-23","DE","quantile","0.975",1.46904974076703
"2021-06-23","7 day R","2020-07-24","DE","point","NA",1.21135100779794
"2021-06-23","7 day R","2020-07-24","DE","quantile","0.025",0.942088068110215
"2021-06-23","7 day R","2020-07-24","DE","quantile","0.975",1.4844481907349
"2021-06-23","7 day R","2020-07-25","DE","point","NA",1.21952181978086
"2021-06-23","7 day R","2020-07-25","DE","quantile","0.025",0.946023134450468
"2021-06-23","7 day R","2020-07-25","DE","quantile","0.975",1.49371748333409
"2021-06-23","7 day R","2020-07-26","DE","point","NA",1.21746770818424
"2021-06-23","7 day R","2020-07-26","DE","quantile","0.025",0.947404310852375
"2021-06-23","7 day R","2020-07-26","DE","quantile","0.975",1.48770539763241
"2021-06-23","7 day R","2020-07-27","DE","point","NA",1.21433561934869
"2021-06-23","7 day R","2020-07-27","DE","quantile","0.025",0.941603538704528
"2021-06-23","7 day R","2020-07-27","DE","quantile","0.975",1.48707339082882
"2021-06-23","7 day R","2020-07-28","DE","point","NA",1.22602353729761
"2021-06-23","7 day R","2020-07-28","DE","quantile","0.025",0.951907043126818
"2021-06-23","7 day R","2020-07-28","DE","quantile","0.975",1.50058646028301
"2021-06-23","7 day R","2020-07-29","DE","point","NA",1.23508810885403
"2021-06-23","7 day R","2020-07-29","DE","quantile","0.025",0.95763131159084
"2021-06-23","7 day R","2020-07-29","DE","quantile","0.975",1.51122414394387
"2021-06-23","7 day R","2020-07-30","DE","point","NA",1.24050640657954
"2021-06-23","7 day R","2020-07-30","DE","quantile","0.025",0.966907802179408
"2021-06-23","7 day R","2020-07-30","DE","quantile","0.975",1.51429507099973
"2021-06-23","7 day R","2020-07-31","DE","point","NA",1.23444715041001
"2021-06-23","7 day R","2020-07-31","DE","quantile","0.025",0.957791183511196
"2021-06-23","7 day R","2020-07-31","DE","quantile","0.975",1.51002440694048
"2021-06-23","7 day R","2020-08-01","DE","point","NA",1.23091083456312
"2021-06-23","7 day R","2020-08-01","DE","quantile","0.025",0.95767013581244
"2021-06-23","7 day R","2020-08-01","DE","quantile","0.975",1.50829088631172
"2021-06-23","7 day R","2020-08-02","DE","point","NA",1.22940182869467
"2021-06-23","7 day R","2020-08-02","DE","quantile","0.025",0.959213582196095
"2021-06-23","7 day R","2020-08-02","DE","quantile","0.975",1.50246622111708
"2021-06-23","7 day R","2020-08-03","DE","point","NA",1.23916881717517
"2021-06-23","7 day R","2020-08-03","DE","quantile","0.025",0.966137644022318
"2021-06-23","7 day R","2020-08-03","DE","quantile","0.975",1.51393073654096
"2021-06-23","7 day R","2020-08-04","DE","point","NA",1.24604893080176
"2021-06-23","7 day R","2020-08-04","DE","quantile","0.025",0.973388127730863
"2021-06-23","7 day R","2020-08-04","DE","quantile","0.975",1.52049017060031
"2021-06-23","7 day R","2020-08-05","DE","point","NA",1.25368472601223
"2021-06-23","7 day R","2020-08-05","DE","quantile","0.025",0.981398808033671
"2021-06-23","7 day R","2020-08-05","DE","quantile","0.975",1.52797646829608
"2021-06-23","7 day R","2020-08-06","DE","point","NA",1.24581928739226
"2021-06-23","7 day R","2020-08-06","DE","quantile","0.025",0.971669900692752
"2021-06-23","7 day R","2020-08-06","DE","quantile","0.975",1.5220081084146
"2021-06-23","7 day R","2020-08-07","DE","point","NA",1.24270554765756
"2021-06-23","7 day R","2020-08-07","DE","quantile","0.025",0.969902863655459
"2021-06-23","7 day R","2020-08-07","DE","quantile","0.975",1.51901678512464
"2021-06-23","7 day R","2020-08-08","DE","point","NA",1.24028718460393
"2021-06-23","7 day R","2020-08-08","DE","quantile","0.025",0.970040372553367
"2021-06-23","7 day R","2020-08-08","DE","quantile","0.975",1.51379536240296
"2021-06-23","7 day R","2020-08-09","DE","point","NA",1.23954269950342
"2021-06-23","7 day R","2020-08-09","DE","quantile","0.025",0.96563696821798
"2021-06-23","7 day R","2020-08-09","DE","quantile","0.975",1.51058692020659
"2021-06-23","7 day R","2020-08-10","DE","point","NA",1.24550552562314
"2021-06-23","7 day R","2020-08-10","DE","quantile","0.025",0.970989161413078
"2021-06-23","7 day R","2020-08-10","DE","quantile","0.975",1.51785252018606
"2021-06-23","7 day R","2020-08-11","DE","point","NA",1.24538375751942
"2021-06-23","7 day R","2020-08-11","DE","quantile","0.025",0.973124211381111
"2021-06-23","7 day R","2020-08-11","DE","quantile","0.975",1.51640247823616
"2021-06-23","7 day R","2020-08-12","DE","point","NA",1.2419530837471
"2021-06-23","7 day R","2020-08-12","DE","quantile","0.025",0.970408855912737
"2021-06-23","7 day R","2020-08-12","DE","quantile","0.975",1.51645563093954
"2021-06-23","7 day R","2020-08-13","DE","point","NA",1.23647674189899
"2021-06-23","7 day R","2020-08-13","DE","quantile","0.025",0.963822996352553
"2021-06-23","7 day R","2020-08-13","DE","quantile","0.975",1.51076535571922
"2021-06-23","7 day R","2020-08-14","DE","point","NA",1.22694177816116
"2021-06-23","7 day R","2020-08-14","DE","quantile","0.025",0.955777207219365
"2021-06-23","7 day R","2020-08-14","DE","quantile","0.975",1.49829117786238
"2021-06-23","7 day R","2020-08-15","DE","point","NA",1.21686159213689
"2021-06-23","7 day R","2020-08-15","DE","quantile","0.025",0.943551676257177
"2021-06-23","7 day R","2020-08-15","DE","quantile","0.975",1.48982723330641
"2021-06-23","7 day R","2020-08-16","DE","point","NA",1.21363927777634
"2021-06-23","7 day R","2020-08-16","DE","quantile","0.025",0.941408388760179
"2021-06-23","7 day R","2020-08-16","DE","quantile","0.975",1.48966537885132
"2021-06-23","7 day R","2020-08-17","DE","point","NA",1.21351106525444
"2021-06-23","7 day R","2020-08-17","DE","quantile","0.025",0.939540326855636
"2021-06-23","7 day R","2020-08-17","DE","quantile","0.975",1.48861150134679
"2021-06-23","7 day R","2020-08-18","DE","point","NA",1.20232643205672
"2021-06-23","7 day R","2020-08-18","DE","quantile","0.025",0.933485688995751
"2021-06-23","7 day R","2020-08-18","DE","quantile","0.975",1.47615078727511
"2021-06-23","7 day R","2020-08-19","DE","point","NA",1.18481134913679
"2021-06-23","7 day R","2020-08-19","DE","quantile","0.025",0.910700731653879
"2021-06-23","7 day R","2020-08-19","DE","quantile","0.975",1.45691332406011
"2021-06-23","7 day R","2020-08-20","DE","point","NA",1.16580644683743
"2021-06-23","7 day R","2020-08-20","DE","quantile","0.025",0.893155443393768
"2021-06-23","7 day R","2020-08-20","DE","quantile","0.975",1.43857849352283
"2021-06-23","7 day R","2020-08-21","DE","point","NA",1.14822227761051
"2021-06-23","7 day R","2020-08-21","DE","quantile","0.025",0.877197965395368
"2021-06-23","7 day R","2020-08-21","DE","quantile","0.975",1.42367002884841
"2021-06-23","7 day R","2020-08-22","DE","point","NA",1.13099689937365
"2021-06-23","7 day R","2020-08-22","DE","quantile","0.025",0.85839583932556
"2021-06-23","7 day R","2020-08-22","DE","quantile","0.975",1.40457933689163
"2021-06-23","7 day R","2020-08-23","DE","point","NA",1.11699016164396
"2021-06-23","7 day R","2020-08-23","DE","quantile","0.025",0.843856561994537
"2021-06-23","7 day R","2020-08-23","DE","quantile","0.975",1.38915748087876
"2021-06-23","7 day R","2020-08-24","DE","point","NA",1.10311349910167
"2021-06-23","7 day R","2020-08-24","DE","quantile","0.025",0.827042302126012
"2021-06-23","7 day R","2020-08-24","DE","quantile","0.975",1.37651603323492
"2021-06-23","7 day R","2020-08-25","DE","point","NA",1.08822125373717
"2021-06-23","7 day R","2020-08-25","DE","quantile","0.025",0.816686779489624
"2021-06-23","7 day R","2020-08-25","DE","quantile","0.975",1.36120281080071
"2021-06-23","7 day R","2020-08-26","DE","point","NA",1.07052076323471
"2021-06-23","7 day R","2020-08-26","DE","quantile","0.025",0.794883739316331
"2021-06-23","7 day R","2020-08-26","DE","quantile","0.975",1.33995569545937
"2021-06-23","7 day R","2020-08-27","DE","point","NA",1.0565673971652
"2021-06-23","7 day R","2020-08-27","DE","quantile","0.025",0.778436436097948
"2021-06-23","7 day R","2020-08-27","DE","quantile","0.975",1.32956842537529
"2021-06-23","7 day R","2020-08-28","DE","point","NA",1.04452051698056
"2021-06-23","7 day R","2020-08-28","DE","quantile","0.025",0.76854786531965
"2021-06-23","7 day R","2020-08-28","DE","quantile","0.975",1.31455952296907
"2021-06-23","7 day R","2020-08-29","DE","point","NA",1.03729460014746
"2021-06-23","7 day R","2020-08-29","DE","quantile","0.025",0.763239986447657
"2021-06-23","7 day R","2020-08-29","DE","quantile","0.975",1.30920553517771
"2021-06-23","7 day R","2020-08-30","DE","point","NA",1.03525657844102
"2021-06-23","7 day R","2020-08-30","DE","quantile","0.025",0.763703083701918
"2021-06-23","7 day R","2020-08-30","DE","quantile","0.975",1.30749664309578
"2021-06-23","7 day R","2020-08-31","DE","point","NA",1.03594389869239
"2021-06-23","7 day R","2020-08-31","DE","quantile","0.025",0.76111468736201
"2021-06-23","7 day R","2020-08-31","DE","quantile","0.975",1.30712168448497
"2021-06-23","7 day R","2020-09-01","DE","point","NA",1.03557381066747
"2021-06-23","7 day R","2020-09-01","DE","quantile","0.025",0.759265516963065
"2021-06-23","7 day R","2020-09-01","DE","quantile","0.975",1.30757256850103
"2021-06-23","7 day R","2020-09-02","DE","point","NA",1.03600949429364
"2021-06-23","7 day R","2020-09-02","DE","quantile","0.025",0.762313494085075
"2021-06-23","7 day R","2020-09-02","DE","quantile","0.975",1.30686409302525
"2021-06-23","7 day R","2020-09-03","DE","point","NA",1.0389578374311
"2021-06-23","7 day R","2020-09-03","DE","quantile","0.025",0.765689794368881
"2021-06-23","7 day R","2020-09-03","DE","quantile","0.975",1.31081244163399
"2021-06-23","7 day R","2020-09-04","DE","point","NA",1.04628398992934
"2021-06-23","7 day R","2020-09-04","DE","quantile","0.025",0.770166043516844
"2021-06-23","7 day R","2020-09-04","DE","quantile","0.975",1.31837697583059
"2021-06-23","7 day R","2020-09-05","DE","point","NA",1.05839128308068
"2021-06-23","7 day R","2020-09-05","DE","quantile","0.025",0.782646833998009
"2021-06-23","7 day R","2020-09-05","DE","quantile","0.975",1.33024759164061
"2021-06-23","7 day R","2020-09-06","DE","point","NA",1.07310242045109
"2021-06-23","7 day R","2020-09-06","DE","quantile","0.025",0.797959391821014
"2021-06-23","7 day R","2020-09-06","DE","quantile","0.975",1.34452071646511
"2021-06-23","7 day R","2020-09-07","DE","point","NA",1.08571353090011
"2021-06-23","7 day R","2020-09-07","DE","quantile","0.025",0.812078041940134
"2021-06-23","7 day R","2020-09-07","DE","quantile","0.975",1.35856627563541
"2021-06-23","7 day R","2020-09-08","DE","point","NA",1.08643262095675
"2021-06-23","7 day R","2020-09-08","DE","quantile","0.025",0.813958197871875
"2021-06-23","7 day R","2020-09-08","DE","quantile","0.975",1.36150672725225
"2021-06-23","7 day R","2020-09-09","DE","point","NA",1.08890167994372
"2021-06-23","7 day R","2020-09-09","DE","quantile","0.025",0.819109322788814
"2021-06-23","7 day R","2020-09-09","DE","quantile","0.975",1.36267840474472
"2021-06-23","7 day R","2020-09-10","DE","point","NA",1.09470634431846
"2021-06-23","7 day R","2020-09-10","DE","quantile","0.025",0.821648108404615
"2021-06-23","7 day R","2020-09-10","DE","quantile","0.975",1.37226587865252
"2021-06-23","7 day R","2020-09-11","DE","point","NA",1.10131646189575
"2021-06-23","7 day R","2020-09-11","DE","quantile","0.025",0.829900212728005
"2021-06-23","7 day R","2020-09-11","DE","quantile","0.975",1.37671739668944
"2021-06-23","7 day R","2020-09-12","DE","point","NA",1.11203027641757
"2021-06-23","7 day R","2020-09-12","DE","quantile","0.025",0.840758710172623
"2021-06-23","7 day R","2020-09-12","DE","quantile","0.975",1.384733350094
"2021-06-23","7 day R","2020-09-13","DE","point","NA",1.12220719375796
"2021-06-23","7 day R","2020-09-13","DE","quantile","0.025",0.84629453942542
"2021-06-23","7 day R","2020-09-13","DE","quantile","0.975",1.39570345063077
"2021-06-23","7 day R","2020-09-14","DE","point","NA",1.12954065176442
"2021-06-23","7 day R","2020-09-14","DE","quantile","0.025",0.859115385852145
"2021-06-23","7 day R","2020-09-14","DE","quantile","0.975",1.40250830340889
"2021-06-23","7 day R","2020-09-15","DE","point","NA",1.14134376703779
"2021-06-23","7 day R","2020-09-15","DE","quantile","0.025",0.870696539793638
"2021-06-23","7 day R","2020-09-15","DE","quantile","0.975",1.41752301912665
"2021-06-23","7 day R","2020-09-16","DE","point","NA",1.14654151012778
"2021-06-23","7 day R","2020-09-16","DE","quantile","0.025",0.873117323665756
"2021-06-23","7 day R","2020-09-16","DE","quantile","0.975",1.41915497323615
"2021-06-23","7 day R","2020-09-17","DE","point","NA",1.15064519478235
"2021-06-23","7 day R","2020-09-17","DE","quantile","0.025",0.874841609256656
"2021-06-23","7 day R","2020-09-17","DE","quantile","0.975",1.42435114211934
"2021-06-23","7 day R","2020-09-18","DE","point","NA",1.1526107463896
"2021-06-23","7 day R","2020-09-18","DE","quantile","0.025",0.881476727428725
"2021-06-23","7 day R","2020-09-18","DE","quantile","0.975",1.42792024042612
"2021-06-23","7 day R","2020-09-19","DE","point","NA",1.15147380101712
"2021-06-23","7 day R","2020-09-19","DE","quantile","0.025",0.880283298988027
"2021-06-23","7 day R","2020-09-19","DE","quantile","0.975",1.42290324463335
"2021-06-23","7 day R","2020-09-20","DE","point","NA",1.14123058154338
"2021-06-23","7 day R","2020-09-20","DE","quantile","0.025",0.864831332410851
"2021-06-23","7 day R","2020-09-20","DE","quantile","0.975",1.41588104937293
"2021-06-23","7 day R","2020-09-21","DE","point","NA",1.13222121284754
"2021-06-23","7 day R","2020-09-21","DE","quantile","0.025",0.856537455203414
"2021-06-23","7 day R","2020-09-21","DE","quantile","0.975",1.4080642054614
"2021-06-23","7 day R","2020-09-22","DE","point","NA",1.13479512295447
"2021-06-23","7 day R","2020-09-22","DE","quantile","0.025",0.860794933137814
"2021-06-23","7 day R","2020-09-22","DE","quantile","0.975",1.40772065055336
"2021-06-23","7 day R","2020-09-23","DE","point","NA",1.13493633485559
"2021-06-23","7 day R","2020-09-23","DE","quantile","0.025",0.863126756562033
"2021-06-23","7 day R","2020-09-23","DE","quantile","0.975",1.41042124556422
"2021-06-23","7 day R","2020-09-24","DE","point","NA",1.14700358576688
"2021-06-23","7 day R","2020-09-24","DE","quantile","0.025",0.870715116010273
"2021-06-23","7 day R","2020-09-24","DE","quantile","0.975",1.42244826623114
"2021-06-23","7 day R","2020-09-25","DE","point","NA",1.15849740223807
"2021-06-23","7 day R","2020-09-25","DE","quantile","0.025",0.884345147684066
"2021-06-23","7 day R","2020-09-25","DE","quantile","0.975",1.43349746874528
"2021-06-23","7 day R","2020-09-26","DE","point","NA",1.16919417861797
"2021-06-23","7 day R","2020-09-26","DE","quantile","0.025",0.892843672486001
"2021-06-23","7 day R","2020-09-26","DE","quantile","0.975",1.441198429418
"2021-06-23","7 day R","2020-09-27","DE","point","NA",1.18169233289634
"2021-06-23","7 day R","2020-09-27","DE","quantile","0.025",0.910605139693432
"2021-06-23","7 day R","2020-09-27","DE","quantile","0.975",1.45652973917962
"2021-06-23","7 day R","2020-09-28","DE","point","NA",1.19054304766963
"2021-06-23","7 day R","2020-09-28","DE","quantile","0.025",0.914831494395712
"2021-06-23","7 day R","2020-09-28","DE","quantile","0.975",1.46593325865696
"2021-06-23","7 day R","2020-09-29","DE","point","NA",1.20049167961383
"2021-06-23","7 day R","2020-09-29","DE","quantile","0.025",0.92369216549963
"2021-06-23","7 day R","2020-09-29","DE","quantile","0.975",1.47599194837786
"2021-06-23","7 day R","2020-09-30","DE","point","NA",1.21473536248434
"2021-06-23","7 day R","2020-09-30","DE","quantile","0.025",0.941203873238968
"2021-06-23","7 day R","2020-09-30","DE","quantile","0.975",1.48754490204404
"2021-06-23","7 day R","2020-10-01","DE","point","NA",1.23278254589406
"2021-06-23","7 day R","2020-10-01","DE","quantile","0.025",0.95917969116871
"2021-06-23","7 day R","2020-10-01","DE","quantile","0.975",1.50374258281164
"2021-06-23","7 day R","2020-10-02","DE","point","NA",1.25478440955716
"2021-06-23","7 day R","2020-10-02","DE","quantile","0.025",0.982218958604939
"2021-06-23","7 day R","2020-10-02","DE","quantile","0.975",1.53001747823157
"2021-06-23","7 day R","2020-10-03","DE","point","NA",1.27788004633202
"2021-06-23","7 day R","2020-10-03","DE","quantile","0.025",1.00147534422185
"2021-06-23","7 day R","2020-10-03","DE","quantile","0.975",1.55132054166318
"2021-06-23","7 day R","2020-10-04","DE","point","NA",1.30398865686875
"2021-06-23","7 day R","2020-10-04","DE","quantile","0.025",1.02644401127087
"2021-06-23","7 day R","2020-10-04","DE","quantile","0.975",1.58076440405729
"2021-06-23","7 day R","2020-10-05","DE","point","NA",1.330179422609
"2021-06-23","7 day R","2020-10-05","DE","quantile","0.025",1.0568472348385
"2021-06-23","7 day R","2020-10-05","DE","quantile","0.975",1.60259172373519
"2021-06-23","7 day R","2020-10-06","DE","point","NA",1.35571371124456
"2021-06-23","7 day R","2020-10-06","DE","quantile","0.025",1.08120001821776
"2021-06-23","7 day R","2020-10-06","DE","quantile","0.975",1.62986560453173
"2021-06-23","7 day R","2020-10-07","DE","point","NA",1.38493817098185
"2021-06-23","7 day R","2020-10-07","DE","quantile","0.025",1.10814932777938
"2021-06-23","7 day R","2020-10-07","DE","quantile","0.975",1.66197118880534
"2021-06-23","7 day R","2020-10-08","DE","point","NA",1.41196051003205
"2021-06-23","7 day R","2020-10-08","DE","quantile","0.025",1.1420181123966
"2021-06-23","7 day R","2020-10-08","DE","quantile","0.975",1.68815681829728
"2021-06-23","7 day R","2020-10-09","DE","point","NA",1.42703418189736
"2021-06-23","7 day R","2020-10-09","DE","quantile","0.025",1.14977175427821
"2021-06-23","7 day R","2020-10-09","DE","quantile","0.975",1.70705159624404
"2021-06-23","7 day R","2020-10-10","DE","point","NA",1.44222197634485
"2021-06-23","7 day R","2020-10-10","DE","quantile","0.025",1.16760451682649
"2021-06-23","7 day R","2020-10-10","DE","quantile","0.975",1.7208712018848
"2021-06-23","7 day R","2020-10-11","DE","point","NA",1.46038479303087
"2021-06-23","7 day R","2020-10-11","DE","quantile","0.025",1.19144457564871
"2021-06-23","7 day R","2020-10-11","DE","quantile","0.975",1.74049048151119
"2021-06-23","7 day R","2020-10-12","DE","point","NA",1.47688052496569
"2021-06-23","7 day R","2020-10-12","DE","quantile","0.025",1.20566578396654
"2021-06-23","7 day R","2020-10-12","DE","quantile","0.975",1.75598948991058
"2021-06-23","7 day R","2020-10-13","DE","point","NA",1.47747433632206
"2021-06-23","7 day R","2020-10-13","DE","quantile","0.025",1.20520219348015
"2021-06-23","7 day R","2020-10-13","DE","quantile","0.975",1.75945843426928
"2021-06-23","7 day R","2020-10-14","DE","point","NA",1.47986752169202
"2021-06-23","7 day R","2020-10-14","DE","quantile","0.025",1.20580806281611
"2021-06-23","7 day R","2020-10-14","DE","quantile","0.975",1.75667680679974
"2021-06-23","7 day R","2020-10-15","DE","point","NA",1.48062883177791
"2021-06-23","7 day R","2020-10-15","DE","quantile","0.025",1.20908067602913
"2021-06-23","7 day R","2020-10-15","DE","quantile","0.975",1.75456315435302
"2021-06-23","7 day R","2020-10-16","DE","point","NA",1.4747003788695
"2021-06-23","7 day R","2020-10-16","DE","quantile","0.025",1.20031471525111
"2021-06-23","7 day R","2020-10-16","DE","quantile","0.975",1.7503360932098
"2021-06-23","7 day R","2020-10-17","DE","point","NA",1.47126262370517
"2021-06-23","7 day R","2020-10-17","DE","quantile","0.025",1.19417104309853
"2021-06-23","7 day R","2020-10-17","DE","quantile","0.975",1.74513006001595
"2021-06-23","7 day R","2020-10-18","DE","point","NA",1.47190291288178
"2021-06-23","7 day R","2020-10-18","DE","quantile","0.025",1.19564405156509
"2021-06-23","7 day R","2020-10-18","DE","quantile","0.975",1.74721941939631
"2021-06-23","7 day R","2020-10-19","DE","point","NA",1.47532356556948
"2021-06-23","7 day R","2020-10-19","DE","quantile","0.025",1.19585280383573
"2021-06-23","7 day R","2020-10-19","DE","quantile","0.975",1.75067379289274
"2021-06-23","7 day R","2020-10-20","DE","point","NA",1.47749630507922
"2021-06-23","7 day R","2020-10-20","DE","quantile","0.025",1.20070502543375
"2021-06-23","7 day R","2020-10-20","DE","quantile","0.975",1.75550725352122
"2021-06-23","7 day R","2020-10-21","DE","point","NA",1.47372972370243
"2021-06-23","7 day R","2020-10-21","DE","quantile","0.025",1.19596312312488
"2021-06-23","7 day R","2020-10-21","DE","quantile","0.975",1.74666636441419
"2021-06-23","7 day R","2020-10-22","DE","point","NA",1.46420695416895
"2021-06-23","7 day R","2020-10-22","DE","quantile","0.025",1.18764650511538
"2021-06-23","7 day R","2020-10-22","DE","quantile","0.975",1.74072291578582
"2021-06-23","7 day R","2020-10-23","DE","point","NA",1.4785080924845
"2021-06-23","7 day R","2020-10-23","DE","quantile","0.025",1.20476707138518
"2021-06-23","7 day R","2020-10-23","DE","quantile","0.975",1.75689172911451
"2021-06-23","7 day R","2020-10-24","DE","point","NA",1.48260006614019
"2021-06-23","7 day R","2020-10-24","DE","quantile","0.025",1.20770061489959
"2021-06-23","7 day R","2020-10-24","DE","quantile","0.975",1.75552878664587
"2021-06-23","7 day R","2020-10-25","DE","point","NA",1.47838362133749
"2021-06-23","7 day R","2020-10-25","DE","quantile","0.025",1.2027611265819
"2021-06-23","7 day R","2020-10-25","DE","quantile","0.975",1.74665235337826
"2021-06-23","7 day R","2020-10-26","DE","point","NA",1.46450563442875
"2021-06-23","7 day R","2020-10-26","DE","quantile","0.025",1.19384072385903
"2021-06-23","7 day R","2020-10-26","DE","quantile","0.975",1.73422307081991
"2021-06-23","7 day R","2020-10-27","DE","point","NA",1.45135069919114
"2021-06-23","7 day R","2020-10-27","DE","quantile","0.025",1.18272684608712
"2021-06-23","7 day R","2020-10-27","DE","quantile","0.975",1.72639718917019
"2021-06-23","7 day R","2020-10-28","DE","point","NA",1.43668507036568
"2021-06-23","7 day R","2020-10-28","DE","quantile","0.025",1.16741359594474
"2021-06-23","7 day R","2020-10-28","DE","quantile","0.975",1.71087168794609
"2021-06-23","7 day R","2020-10-29","DE","point","NA",1.42877375807236
"2021-06-23","7 day R","2020-10-29","DE","quantile","0.025",1.15901259015689
"2021-06-23","7 day R","2020-10-29","DE","quantile","0.975",1.70211950877166
"2021-06-23","7 day R","2020-10-30","DE","point","NA",1.4138942505023
"2021-06-23","7 day R","2020-10-30","DE","quantile","0.025",1.13957569201895
"2021-06-23","7 day R","2020-10-30","DE","quantile","0.975",1.68815550326396
"2021-06-23","7 day R","2020-10-31","DE","point","NA",1.39729777649786
"2021-06-23","7 day R","2020-10-31","DE","quantile","0.025",1.12744300967977
"2021-06-23","7 day R","2020-10-31","DE","quantile","0.975",1.67280655685003
"2021-06-23","7 day R","2020-11-01","DE","point","NA",1.37970929356853
"2021-06-23","7 day R","2020-11-01","DE","quantile","0.025",1.11120692120469
"2021-06-23","7 day R","2020-11-01","DE","quantile","0.975",1.6592918178024
"2021-06-23","7 day R","2020-11-02","DE","point","NA",1.35695085012612
"2021-06-23","7 day R","2020-11-02","DE","quantile","0.025",1.08576267375025
"2021-06-23","7 day R","2020-11-02","DE","quantile","0.975",1.635799144676
"2021-06-23","7 day R","2020-11-03","DE","point","NA",1.31408985736742
"2021-06-23","7 day R","2020-11-03","DE","quantile","0.025",1.03863268871104
"2021-06-23","7 day R","2020-11-03","DE","quantile","0.975",1.59082958905196
"2021-06-23","7 day R","2020-11-04","DE","point","NA",1.29948952766189
"2021-06-23","7 day R","2020-11-04","DE","quantile","0.025",1.02411182536977
"2021-06-23","7 day R","2020-11-04","DE","quantile","0.975",1.57536385540285
"2021-06-23","7 day R","2020-11-05","DE","point","NA",1.26753270059343
"2021-06-23","7 day R","2020-11-05","DE","quantile","0.025",0.993753886598652
"2021-06-23","7 day R","2020-11-05","DE","quantile","0.975",1.54482416294396
"2021-06-23","7 day R","2020-11-06","DE","point","NA",1.23736581187239
"2021-06-23","7 day R","2020-11-06","DE","quantile","0.025",0.960599201706301
"2021-06-23","7 day R","2020-11-06","DE","quantile","0.975",1.51661555943877
"2021-06-23","7 day R","2020-11-07","DE","point","NA",1.20881459603269
"2021-06-23","7 day R","2020-11-07","DE","quantile","0.025",0.933165096257907
"2021-06-23","7 day R","2020-11-07","DE","quantile","0.975",1.48657907866569
"2021-06-23","7 day R","2020-11-08","DE","point","NA",1.18421492289999
"2021-06-23","7 day R","2020-11-08","DE","quantile","0.025",0.909132451080538
"2021-06-23","7 day R","2020-11-08","DE","quantile","0.975",1.45959628927902
"2021-06-23","7 day R","2020-11-09","DE","point","NA",1.15325284427312
"2021-06-23","7 day R","2020-11-09","DE","quantile","0.025",0.876978190099228
"2021-06-23","7 day R","2020-11-09","DE","quantile","0.975",1.42862197454631
"2021-06-23","7 day R","2020-11-10","DE","point","NA",1.14509746054182
"2021-06-23","7 day R","2020-11-10","DE","quantile","0.025",0.870744936085332
"2021-06-23","7 day R","2020-11-10","DE","quantile","0.975",1.42087921443354
"2021-06-23","7 day R","2020-11-11","DE","point","NA",1.1234551539851
"2021-06-23","7 day R","2020-11-11","DE","quantile","0.025",0.84626515499584
"2021-06-23","7 day R","2020-11-11","DE","quantile","0.975",1.39619341694807
"2021-06-23","7 day R","2020-11-12","DE","point","NA",1.11072172095863
"2021-06-23","7 day R","2020-11-12","DE","quantile","0.025",0.834230535830045
"2021-06-23","7 day R","2020-11-12","DE","quantile","0.975",1.38465364834845
"2021-06-23","7 day R","2020-11-13","DE","point","NA",1.09527726229689
"2021-06-23","7 day R","2020-11-13","DE","quantile","0.025",0.819804929495598
"2021-06-23","7 day R","2020-11-13","DE","quantile","0.975",1.36746941420788
"2021-06-23","7 day R","2020-11-14","DE","point","NA",1.08101666851703
"2021-06-23","7 day R","2020-11-14","DE","quantile","0.025",0.805767620262562
"2021-06-23","7 day R","2020-11-14","DE","quantile","0.975",1.35394500639221
"2021-06-23","7 day R","2020-11-15","DE","point","NA",1.06983726508768
"2021-06-23","7 day R","2020-11-15","DE","quantile","0.025",0.79532897700525
"2021-06-23","7 day R","2020-11-15","DE","quantile","0.975",1.33921133930001
"2021-06-23","7 day R","2020-11-16","DE","point","NA",1.06860302336593
"2021-06-23","7 day R","2020-11-16","DE","quantile","0.025",0.795233629190079
"2021-06-23","7 day R","2020-11-16","DE","quantile","0.975",1.34117713869337
"2021-06-23","7 day R","2020-11-17","DE","point","NA",1.06743787413185
"2021-06-23","7 day R","2020-11-17","DE","quantile","0.025",0.795481645785144
"2021-06-23","7 day R","2020-11-17","DE","quantile","0.975",1.34040902723434
"2021-06-23","7 day R","2020-11-18","DE","point","NA",1.05521330329714
"2021-06-23","7 day R","2020-11-18","DE","quantile","0.025",0.784671758237508
"2021-06-23","7 day R","2020-11-18","DE","quantile","0.975",1.32922178346387
"2021-06-23","7 day R","2020-11-19","DE","point","NA",1.05007876466679
"2021-06-23","7 day R","2020-11-19","DE","quantile","0.025",0.779328837479118
"2021-06-23","7 day R","2020-11-19","DE","quantile","0.975",1.32619964419895
"2021-06-23","7 day R","2020-11-20","DE","point","NA",1.04310724002531
"2021-06-23","7 day R","2020-11-20","DE","quantile","0.025",0.771573216090435
"2021-06-23","7 day R","2020-11-20","DE","quantile","0.975",1.31545357505951
"2021-06-23","7 day R","2020-11-21","DE","point","NA",1.03392841355256
"2021-06-23","7 day R","2020-11-21","DE","quantile","0.025",0.762878326412212
"2021-06-23","7 day R","2020-11-21","DE","quantile","0.975",1.30872149308344
"2021-06-23","7 day R","2020-11-22","DE","point","NA",1.02939554173935
"2021-06-23","7 day R","2020-11-22","DE","quantile","0.025",0.757510827682364
"2021-06-23","7 day R","2020-11-22","DE","quantile","0.975",1.29877831060372
"2021-06-23","7 day R","2020-11-23","DE","point","NA",1.03160981924636
"2021-06-23","7 day R","2020-11-23","DE","quantile","0.025",0.758423227949148
"2021-06-23","7 day R","2020-11-23","DE","quantile","0.975",1.3033704388393
"2021-06-23","7 day R","2020-11-24","DE","point","NA",1.03103858690881
"2021-06-23","7 day R","2020-11-24","DE","quantile","0.025",0.756135382042526
"2021-06-23","7 day R","2020-11-24","DE","quantile","0.975",1.30326129954581
"2021-06-23","7 day R","2020-11-25","DE","point","NA",1.0417900548287
"2021-06-23","7 day R","2020-11-25","DE","quantile","0.025",0.767933393520107
"2021-06-23","7 day R","2020-11-25","DE","quantile","0.975",1.3167389612015
"2021-06-23","7 day R","2020-11-26","DE","point","NA",1.03602539397969
"2021-06-23","7 day R","2020-11-26","DE","quantile","0.025",0.761208970613082
"2021-06-23","7 day R","2020-11-26","DE","quantile","0.975",1.30980990086937
"2021-06-23","7 day R","2020-11-27","DE","point","NA",1.03459906325432
"2021-06-23","7 day R","2020-11-27","DE","quantile","0.025",0.758595375139669
"2021-06-23","7 day R","2020-11-27","DE","quantile","0.975",1.30805432047989
"2021-06-23","7 day R","2020-11-28","DE","point","NA",1.03088000125133
"2021-06-23","7 day R","2020-11-28","DE","quantile","0.025",0.756354593560947
"2021-06-23","7 day R","2020-11-28","DE","quantile","0.975",1.30517183708416
"2021-06-23","7 day R","2020-11-29","DE","point","NA",1.0334790922508
"2021-06-23","7 day R","2020-11-29","DE","quantile","0.025",0.759703622559718
"2021-06-23","7 day R","2020-11-29","DE","quantile","0.975",1.30821738322446
"2021-06-23","7 day R","2020-11-30","DE","point","NA",1.04442384933101
"2021-06-23","7 day R","2020-11-30","DE","quantile","0.025",0.771023338505942
"2021-06-23","7 day R","2020-11-30","DE","quantile","0.975",1.31728752248858
"2021-06-23","7 day R","2020-12-01","DE","point","NA",1.05135445022261
"2021-06-23","7 day R","2020-12-01","DE","quantile","0.025",0.779823517880375
"2021-06-23","7 day R","2020-12-01","DE","quantile","0.975",1.32560498207547
"2021-06-23","7 day R","2020-12-02","DE","point","NA",1.05400201463967
"2021-06-23","7 day R","2020-12-02","DE","quantile","0.025",0.781894922918269
"2021-06-23","7 day R","2020-12-02","DE","quantile","0.975",1.32755156801191
"2021-06-23","7 day R","2020-12-03","DE","point","NA",1.06310834759061
"2021-06-23","7 day R","2020-12-03","DE","quantile","0.025",0.790452675898036
"2021-06-23","7 day R","2020-12-03","DE","quantile","0.975",1.33690655907362
"2021-06-23","7 day R","2020-12-04","DE","point","NA",1.07311383772903
"2021-06-23","7 day R","2020-12-04","DE","quantile","0.025",0.801668426770132
"2021-06-23","7 day R","2020-12-04","DE","quantile","0.975",1.34571061554165
"2021-06-23","7 day R","2020-12-05","DE","point","NA",1.08840514404718
"2021-06-23","7 day R","2020-12-05","DE","quantile","0.025",0.813475238020355
"2021-06-23","7 day R","2020-12-05","DE","quantile","0.975",1.36052969904656
"2021-06-23","7 day R","2020-12-06","DE","point","NA",1.08866879720679
"2021-06-23","7 day R","2020-12-06","DE","quantile","0.025",0.817322729601596
"2021-06-23","7 day R","2020-12-06","DE","quantile","0.975",1.3640640069405
"2021-06-23","7 day R","2020-12-07","DE","point","NA",1.08864528142948
"2021-06-23","7 day R","2020-12-07","DE","quantile","0.025",0.812916703288123
"2021-06-23","7 day R","2020-12-07","DE","quantile","0.975",1.36424318887508
"2021-06-23","7 day R","2020-12-08","DE","point","NA",1.10150042815554
"2021-06-23","7 day R","2020-12-08","DE","quantile","0.025",0.827014801135235
"2021-06-23","7 day R","2020-12-08","DE","quantile","0.975",1.37949465927295
"2021-06-23","7 day R","2020-12-09","DE","point","NA",1.10603550763198
"2021-06-23","7 day R","2020-12-09","DE","quantile","0.025",0.834101944420054
"2021-06-23","7 day R","2020-12-09","DE","quantile","0.975",1.38165533275496
"2021-06-23","7 day R","2020-12-10","DE","point","NA",1.11810624335925
"2021-06-23","7 day R","2020-12-10","DE","quantile","0.025",0.846728665242903
"2021-06-23","7 day R","2020-12-10","DE","quantile","0.975",1.39589546670201
"2021-06-23","7 day R","2020-12-11","DE","point","NA",1.11965287153334
"2021-06-23","7 day R","2020-12-11","DE","quantile","0.025",0.851331116848796
"2021-06-23","7 day R","2020-12-11","DE","quantile","0.975",1.39687637511108
"2021-06-23","7 day R","2020-12-12","DE","point","NA",1.1120495910284
"2021-06-23","7 day R","2020-12-12","DE","quantile","0.025",0.838255181446564
"2021-06-23","7 day R","2020-12-12","DE","quantile","0.975",1.38501982331288
"2021-06-23","7 day R","2020-12-13","DE","point","NA",1.10430518960686
"2021-06-23","7 day R","2020-12-13","DE","quantile","0.025",0.829639305127563
"2021-06-23","7 day R","2020-12-13","DE","quantile","0.975",1.37639818560316
"2021-06-23","7 day R","2020-12-14","DE","point","NA",1.09320691957562
"2021-06-23","7 day R","2020-12-14","DE","quantile","0.025",0.817318056961566
"2021-06-23","7 day R","2020-12-14","DE","quantile","0.975",1.36636689091382
"2021-06-23","7 day R","2020-12-15","DE","point","NA",1.09453387395573
"2021-06-23","7 day R","2020-12-15","DE","quantile","0.025",0.82300022475325
"2021-06-23","7 day R","2020-12-15","DE","quantile","0.975",1.37056092571783
"2021-06-23","7 day R","2020-12-16","DE","point","NA",1.08707786443788
"2021-06-23","7 day R","2020-12-16","DE","quantile","0.025",0.813685167721582
"2021-06-23","7 day R","2020-12-16","DE","quantile","0.975",1.36549575435633
"2021-06-23","7 day R","2020-12-17","DE","point","NA",1.08055384034239
"2021-06-23","7 day R","2020-12-17","DE","quantile","0.025",0.806180786342513
"2021-06-23","7 day R","2020-12-17","DE","quantile","0.975",1.35659678566075
"2021-06-23","7 day R","2020-12-18","DE","point","NA",1.07500966667976
"2021-06-23","7 day R","2020-12-18","DE","quantile","0.025",0.79758914300503
"2021-06-23","7 day R","2020-12-18","DE","quantile","0.975",1.35215275780965
"2021-06-23","7 day R","2020-12-19","DE","point","NA",1.0544753047951
"2021-06-23","7 day R","2020-12-19","DE","quantile","0.025",0.778304734418619
"2021-06-23","7 day R","2020-12-19","DE","quantile","0.975",1.329502745052
"2021-06-23","7 day R","2020-12-20","DE","point","NA",1.03601652771192
"2021-06-23","7 day R","2020-12-20","DE","quantile","0.025",0.759438241918903
"2021-06-23","7 day R","2020-12-20","DE","quantile","0.975",1.31218394241889
"2021-06-23","7 day R","2020-12-21","DE","point","NA",1.02609055366394
"2021-06-23","7 day R","2020-12-21","DE","quantile","0.025",0.752495022570771
"2021-06-23","7 day R","2020-12-21","DE","quantile","0.975",1.30344484262966
"2021-06-23","7 day R","2020-12-22","DE","point","NA",1.00736712449379
"2021-06-23","7 day R","2020-12-22","DE","quantile","0.025",0.735076427712295
"2021-06-23","7 day R","2020-12-22","DE","quantile","0.975",1.2835671211505
"2021-06-23","7 day R","2020-12-23","DE","point","NA",0.977011819615085
"2021-06-23","7 day R","2020-12-23","DE","quantile","0.025",0.698424788697116
"2021-06-23","7 day R","2020-12-23","DE","quantile","0.975",1.25293061383053
"2021-06-23","7 day R","2020-12-24","DE","point","NA",0.951704009781775
"2021-06-23","7 day R","2020-12-24","DE","quantile","0.025",0.672210677325859
"2021-06-23","7 day R","2020-12-24","DE","quantile","0.975",1.22551267133672
"2021-06-23","7 day R","2020-12-25","DE","point","NA",0.933227803687586
"2021-06-23","7 day R","2020-12-25","DE","quantile","0.025",0.64939003050001
"2021-06-23","7 day R","2020-12-25","DE","quantile","0.975",1.20811586358737
"2021-06-23","7 day R","2020-12-26","DE","point","NA",0.937977531709663
"2021-06-23","7 day R","2020-12-26","DE","quantile","0.025",0.659065984531175
"2021-06-23","7 day R","2020-12-26","DE","quantile","0.975",1.21127276001765
"2021-06-23","7 day R","2020-12-27","DE","point","NA",0.9508330734558
"2021-06-23","7 day R","2020-12-27","DE","quantile","0.025",0.67637328075779
"2021-06-23","7 day R","2020-12-27","DE","quantile","0.975",1.22297513687947
"2021-06-23","7 day R","2020-12-28","DE","point","NA",0.958318757437931
"2021-06-23","7 day R","2020-12-28","DE","quantile","0.025",0.682843935100706
"2021-06-23","7 day R","2020-12-28","DE","quantile","0.975",1.2318784915765
"2021-06-23","7 day R","2020-12-29","DE","point","NA",0.96202000201138
"2021-06-23","7 day R","2020-12-29","DE","quantile","0.025",0.688115821251509
"2021-06-23","7 day R","2020-12-29","DE","quantile","0.975",1.23806275715809
"2021-06-23","7 day R","2020-12-30","DE","point","NA",0.970996657303127
"2021-06-23","7 day R","2020-12-30","DE","quantile","0.025",0.697294438883376
"2021-06-23","7 day R","2020-12-30","DE","quantile","0.975",1.24114798358618
"2021-06-23","7 day R","2020-12-31","DE","point","NA",0.945270604689343
"2021-06-23","7 day R","2020-12-31","DE","quantile","0.025",0.676151802036455
"2021-06-23","7 day R","2020-12-31","DE","quantile","0.975",1.21477777168205
"2021-06-23","7 day R","2021-01-01","DE","point","NA",0.934561887344808
"2021-06-23","7 day R","2021-01-01","DE","quantile","0.025",0.661903643059842
"2021-06-23","7 day R","2021-01-01","DE","quantile","0.975",1.20599872738716
"2021-06-23","7 day R","2021-01-02","DE","point","NA",0.943490496592685
"2021-06-23","7 day R","2021-01-02","DE","quantile","0.025",0.668972874214338
"2021-06-23","7 day R","2021-01-02","DE","quantile","0.975",1.21425337535757
"2021-06-23","7 day R","2021-01-03","DE","point","NA",0.964115367204246
"2021-06-23","7 day R","2021-01-03","DE","quantile","0.025",0.691781473086914
"2021-06-23","7 day R","2021-01-03","DE","quantile","0.975",1.23298656293881
"2021-06-23","7 day R","2021-01-04","DE","point","NA",0.982098215715841
"2021-06-23","7 day R","2021-01-04","DE","quantile","0.025",0.708830857340099
"2021-06-23","7 day R","2021-01-04","DE","quantile","0.975",1.25804596364518
"2021-06-23","7 day R","2021-01-05","DE","point","NA",0.997194177542389
"2021-06-23","7 day R","2021-01-05","DE","quantile","0.025",0.724257995677617
"2021-06-23","7 day R","2021-01-05","DE","quantile","0.975",1.27183600560404
"2021-06-23","7 day R","2021-01-06","DE","point","NA",1.01667331200815
"2021-06-23","7 day R","2021-01-06","DE","quantile","0.025",0.745228922876998
"2021-06-23","7 day R","2021-01-06","DE","quantile","0.975",1.29632017303295
"2021-06-23","7 day R","2021-01-07","DE","point","NA",1.03543868358167
"2021-06-23","7 day R","2021-01-07","DE","quantile","0.025",0.76466156061573
"2021-06-23","7 day R","2021-01-07","DE","quantile","0.975",1.31440506784067
"2021-06-23","7 day R","2021-01-08","DE","point","NA",1.01741724608914
"2021-06-23","7 day R","2021-01-08","DE","quantile","0.025",0.74662032189428
"2021-06-23","7 day R","2021-01-08","DE","quantile","0.975",1.29435964150573
"2021-06-23","7 day R","2021-01-09","DE","point","NA",0.995642841156419
"2021-06-23","7 day R","2021-01-09","DE","quantile","0.025",0.723252295539533
"2021-06-23","7 day R","2021-01-09","DE","quantile","0.975",1.27376383475335
"2021-06-23","7 day R","2021-01-10","DE","point","NA",0.97058071694179
"2021-06-23","7 day R","2021-01-10","DE","quantile","0.025",0.696861661218008
"2021-06-23","7 day R","2021-01-10","DE","quantile","0.975",1.24636281356026
"2021-06-23","7 day R","2021-01-11","DE","point","NA",0.958584877160116
"2021-06-23","7 day R","2021-01-11","DE","quantile","0.025",0.683270401222999
"2021-06-23","7 day R","2021-01-11","DE","quantile","0.975",1.23206172142252
"2021-06-23","7 day R","2021-01-12","DE","point","NA",0.948184385616169
"2021-06-23","7 day R","2021-01-12","DE","quantile","0.025",0.674840356908118
"2021-06-23","7 day R","2021-01-12","DE","quantile","0.975",1.2208479618985
"2021-06-23","7 day R","2021-01-13","DE","point","NA",0.922749669402832
"2021-06-23","7 day R","2021-01-13","DE","quantile","0.025",0.64459272908386
"2021-06-23","7 day R","2021-01-13","DE","quantile","0.975",1.19810784585203
"2021-06-23","7 day R","2021-01-14","DE","point","NA",0.903748845607014
"2021-06-23","7 day R","2021-01-14","DE","quantile","0.025",0.625054628112996
"2021-06-23","7 day R","2021-01-14","DE","quantile","0.975",1.1730924477625
"2021-06-23","7 day R","2021-01-15","DE","point","NA",0.890545071754688
"2021-06-23","7 day R","2021-01-15","DE","quantile","0.025",0.613066327468904
"2021-06-23","7 day R","2021-01-15","DE","quantile","0.975",1.16390571185466
"2021-06-23","7 day R","2021-01-16","DE","point","NA",0.88829906538509
"2021-06-23","7 day R","2021-01-16","DE","quantile","0.025",0.613001809025004
"2021-06-23","7 day R","2021-01-16","DE","quantile","0.975",1.16338627425191
"2021-06-23","7 day R","2021-01-17","DE","point","NA",0.887512323100576
"2021-06-23","7 day R","2021-01-17","DE","quantile","0.025",0.61245660595937
"2021-06-23","7 day R","2021-01-17","DE","quantile","0.975",1.15847230866717
"2021-06-23","7 day R","2021-01-18","DE","point","NA",0.879193526711579
"2021-06-23","7 day R","2021-01-18","DE","quantile","0.025",0.60464318876652
"2021-06-23","7 day R","2021-01-18","DE","quantile","0.975",1.15245985054398
"2021-06-23","7 day R","2021-01-19","DE","point","NA",0.869954631363084
"2021-06-23","7 day R","2021-01-19","DE","quantile","0.025",0.594408013353791
"2021-06-23","7 day R","2021-01-19","DE","quantile","0.975",1.14454641198271
"2021-06-23","7 day R","2021-01-20","DE","point","NA",0.867446266219766
"2021-06-23","7 day R","2021-01-20","DE","quantile","0.025",0.590039864883267
"2021-06-23","7 day R","2021-01-20","DE","quantile","0.975",1.14289302691724
"2021-06-23","7 day R","2021-01-21","DE","point","NA",0.852842102872672
"2021-06-23","7 day R","2021-01-21","DE","quantile","0.025",0.580047802600315
"2021-06-23","7 day R","2021-01-21","DE","quantile","0.975",1.12908548559142
"2021-06-23","7 day R","2021-01-22","DE","point","NA",0.858111035402244
"2021-06-23","7 day R","2021-01-22","DE","quantile","0.025",0.585124172108244
"2021-06-23","7 day R","2021-01-22","DE","quantile","0.975",1.13447158633561
"2021-06-23","7 day R","2021-01-23","DE","point","NA",0.856174404387273
"2021-06-23","7 day R","2021-01-23","DE","quantile","0.025",0.584781683437385
"2021-06-23","7 day R","2021-01-23","DE","quantile","0.975",1.12842987696338
"2021-06-23","7 day R","2021-01-24","DE","point","NA",0.855184294974263
"2021-06-23","7 day R","2021-01-24","DE","quantile","0.025",0.58035842078595
"2021-06-23","7 day R","2021-01-24","DE","quantile","0.975",1.13035713067059
"2021-06-23","7 day R","2021-01-25","DE","point","NA",0.844662220020648
"2021-06-23","7 day R","2021-01-25","DE","quantile","0.025",0.569218556424886
"2021-06-23","7 day R","2021-01-25","DE","quantile","0.975",1.11447865037154
"2021-06-23","7 day R","2021-01-26","DE","point","NA",0.837541443487988
"2021-06-23","7 day R","2021-01-26","DE","quantile","0.025",0.562533407932711
"2021-06-23","7 day R","2021-01-26","DE","quantile","0.975",1.11037958005996
"2021-06-23","7 day R","2021-01-27","DE","point","NA",0.835578141729427
"2021-06-23","7 day R","2021-01-27","DE","quantile","0.025",0.55960518462528
"2021-06-23","7 day R","2021-01-27","DE","quantile","0.975",1.10628156540381
"2021-06-23","7 day R","2021-01-28","DE","point","NA",0.84117234371764
"2021-06-23","7 day R","2021-01-28","DE","quantile","0.025",0.566808072472205
"2021-06-23","7 day R","2021-01-28","DE","quantile","0.975",1.11313235645836
"2021-06-23","7 day R","2021-01-29","DE","point","NA",0.846621588891274
"2021-06-23","7 day R","2021-01-29","DE","quantile","0.025",0.573401164441202
"2021-06-23","7 day R","2021-01-29","DE","quantile","0.975",1.12264145657288
"2021-06-23","7 day R","2021-01-30","DE","point","NA",0.84877814323969
"2021-06-23","7 day R","2021-01-30","DE","quantile","0.025",0.573494759887804
"2021-06-23","7 day R","2021-01-30","DE","quantile","0.975",1.12362761307847
"2021-06-23","7 day R","2021-01-31","DE","point","NA",0.833480781715076
"2021-06-23","7 day R","2021-01-31","DE","quantile","0.025",0.560652954102147
"2021-06-23","7 day R","2021-01-31","DE","quantile","0.975",1.10927300727128
"2021-06-23","7 day R","2021-02-01","DE","point","NA",0.82800097717983
"2021-06-23","7 day R","2021-02-01","DE","quantile","0.025",0.552371854173592
"2021-06-23","7 day R","2021-02-01","DE","quantile","0.975",1.1051570956864
"2021-06-23","7 day R","2021-02-02","DE","point","NA",0.822478430754679
"2021-06-23","7 day R","2021-02-02","DE","quantile","0.025",0.546101750371601
"2021-06-23","7 day R","2021-02-02","DE","quantile","0.975",1.09601415319192
"2021-06-23","7 day R","2021-02-03","DE","point","NA",0.822437302510235
"2021-06-23","7 day R","2021-02-03","DE","quantile","0.025",0.544714762776491
"2021-06-23","7 day R","2021-02-03","DE","quantile","0.975",1.096117661642
"2021-06-23","7 day R","2021-02-04","DE","point","NA",0.829201474315624
"2021-06-23","7 day R","2021-02-04","DE","quantile","0.025",0.549855033342904
"2021-06-23","7 day R","2021-02-04","DE","quantile","0.975",1.10319468784559
"2021-06-23","7 day R","2021-02-05","DE","point","NA",0.834795158912939
"2021-06-23","7 day R","2021-02-05","DE","quantile","0.025",0.55974603460031
"2021-06-23","7 day R","2021-02-05","DE","quantile","0.975",1.11054472432344
"2021-06-23","7 day R","2021-02-06","DE","point","NA",0.835668068908158
"2021-06-23","7 day R","2021-02-06","DE","quantile","0.025",0.559671712170763
"2021-06-23","7 day R","2021-02-06","DE","quantile","0.975",1.10860975298084
"2021-06-23","7 day R","2021-02-07","DE","point","NA",0.836634886042399
"2021-06-23","7 day R","2021-02-07","DE","quantile","0.025",0.561968081501358
"2021-06-23","7 day R","2021-02-07","DE","quantile","0.975",1.11066886549221
"2021-06-23","7 day R","2021-02-08","DE","point","NA",0.829934488338621
"2021-06-23","7 day R","2021-02-08","DE","quantile","0.025",0.54940030997336
"2021-06-23","7 day R","2021-02-08","DE","quantile","0.975",1.10542298032458
"2021-06-23","7 day R","2021-02-09","DE","point","NA",0.82530685238243
"2021-06-23","7 day R","2021-02-09","DE","quantile","0.025",0.549454516949914
"2021-06-23","7 day R","2021-02-09","DE","quantile","0.975",1.09656377269389
"2021-06-23","7 day R","2021-02-10","DE","point","NA",0.828257198434809
"2021-06-23","7 day R","2021-02-10","DE","quantile","0.025",0.548578079148767
"2021-06-23","7 day R","2021-02-10","DE","quantile","0.975",1.10049395394783
"2021-06-23","7 day R","2021-02-11","DE","point","NA",0.842597307898685
"2021-06-23","7 day R","2021-02-11","DE","quantile","0.025",0.566377964535486
"2021-06-23","7 day R","2021-02-11","DE","quantile","0.975",1.11333694700296
"2021-06-23","7 day R","2021-02-12","DE","point","NA",0.857420582140409
"2021-06-23","7 day R","2021-02-12","DE","quantile","0.025",0.583144646177553
"2021-06-23","7 day R","2021-02-12","DE","quantile","0.975",1.13030276048736
"2021-06-23","7 day R","2021-02-13","DE","point","NA",0.870656244014173
"2021-06-23","7 day R","2021-02-13","DE","quantile","0.025",0.596524179114839
"2021-06-23","7 day R","2021-02-13","DE","quantile","0.975",1.14505959093603
"2021-06-23","7 day R","2021-02-14","DE","point","NA",0.883276931005119
"2021-06-23","7 day R","2021-02-14","DE","quantile","0.025",0.606791545000495
"2021-06-23","7 day R","2021-02-14","DE","quantile","0.975",1.15918799155837
"2021-06-23","7 day R","2021-02-15","DE","point","NA",0.89377402036043
"2021-06-23","7 day R","2021-02-15","DE","quantile","0.025",0.620345162420284
"2021-06-23","7 day R","2021-02-15","DE","quantile","0.975",1.17020037138517
"2021-06-23","7 day R","2021-02-16","DE","point","NA",0.902256572433033
"2021-06-23","7 day R","2021-02-16","DE","quantile","0.025",0.62689752467398
"2021-06-23","7 day R","2021-02-16","DE","quantile","0.975",1.17559775973054
"2021-06-23","7 day R","2021-02-17","DE","point","NA",0.915186234865583
"2021-06-23","7 day R","2021-02-17","DE","quantile","0.025",0.640668960458192
"2021-06-23","7 day R","2021-02-17","DE","quantile","0.975",1.18901846776928
"2021-06-23","7 day R","2021-02-18","DE","point","NA",0.933160150677141
"2021-06-23","7 day R","2021-02-18","DE","quantile","0.025",0.659376979174615
"2021-06-23","7 day R","2021-02-18","DE","quantile","0.975",1.20746282430843
"2021-06-23","7 day R","2021-02-19","DE","point","NA",0.951747140113322
"2021-06-23","7 day R","2021-02-19","DE","quantile","0.025",0.67586582226642
"2021-06-23","7 day R","2021-02-19","DE","quantile","0.975",1.22775896494384
"2021-06-23","7 day R","2021-02-20","DE","point","NA",0.966043028619742
"2021-06-23","7 day R","2021-02-20","DE","quantile","0.025",0.692256922286418
"2021-06-23","7 day R","2021-02-20","DE","quantile","0.975",1.24085540151465
"2021-06-23","7 day R","2021-02-21","DE","point","NA",0.978587443801098
"2021-06-23","7 day R","2021-02-21","DE","quantile","0.025",0.705320408201801
"2021-06-23","7 day R","2021-02-21","DE","quantile","0.975",1.25047467278607
"2021-06-23","7 day R","2021-02-22","DE","point","NA",0.985199637511661
"2021-06-23","7 day R","2021-02-22","DE","quantile","0.025",0.714531912202196
"2021-06-23","7 day R","2021-02-22","DE","quantile","0.975",1.25865142760045
"2021-06-23","7 day R","2021-02-23","DE","point","NA",0.991006657206078
"2021-06-23","7 day R","2021-02-23","DE","quantile","0.025",0.719412965716971
"2021-06-23","7 day R","2021-02-23","DE","quantile","0.975",1.26779099171053
"2021-06-23","7 day R","2021-02-24","DE","point","NA",1.00255963205209
"2021-06-23","7 day R","2021-02-24","DE","quantile","0.025",0.729337617803631
"2021-06-23","7 day R","2021-02-24","DE","quantile","0.975",1.27444399395204
"2021-06-23","7 day R","2021-02-25","DE","point","NA",1.01697852609805
"2021-06-23","7 day R","2021-02-25","DE","quantile","0.025",0.742473099168594
"2021-06-23","7 day R","2021-02-25","DE","quantile","0.975",1.29078405285776
"2021-06-23","7 day R","2021-02-26","DE","point","NA",1.02726667132724
"2021-06-23","7 day R","2021-02-26","DE","quantile","0.025",0.756185083435875
"2021-06-23","7 day R","2021-02-26","DE","quantile","0.975",1.30007316059541
"2021-06-23","7 day R","2021-02-27","DE","point","NA",1.03669588609112
"2021-06-23","7 day R","2021-02-27","DE","quantile","0.025",0.764373777232466
"2021-06-23","7 day R","2021-02-27","DE","quantile","0.975",1.31039924544998
"2021-06-23","7 day R","2021-02-28","DE","point","NA",1.04298588767535
"2021-06-23","7 day R","2021-02-28","DE","quantile","0.025",0.769111848766804
"2021-06-23","7 day R","2021-02-28","DE","quantile","0.975",1.31606806150639
"2021-06-23","7 day R","2021-03-01","DE","point","NA",1.04604710280889
"2021-06-23","7 day R","2021-03-01","DE","quantile","0.025",0.770239276795697
"2021-06-23","7 day R","2021-03-01","DE","quantile","0.975",1.3205618430968
"2021-06-23","7 day R","2021-03-02","DE","point","NA",1.04874904375203
"2021-06-23","7 day R","2021-03-02","DE","quantile","0.025",0.770656566580962
"2021-06-23","7 day R","2021-03-02","DE","quantile","0.975",1.3232378401531
"2021-06-23","7 day R","2021-03-03","DE","point","NA",1.05870337567794
"2021-06-23","7 day R","2021-03-03","DE","quantile","0.025",0.783268812665366
"2021-06-23","7 day R","2021-03-03","DE","quantile","0.975",1.33413429402653
"2021-06-23","7 day R","2021-03-04","DE","point","NA",1.07465367716702
"2021-06-23","7 day R","2021-03-04","DE","quantile","0.025",0.796954979887678
"2021-06-23","7 day R","2021-03-04","DE","quantile","0.975",1.34914292886123
"2021-06-23","7 day R","2021-03-05","DE","point","NA",1.08767875490821
"2021-06-23","7 day R","2021-03-05","DE","quantile","0.025",0.810633156673491
"2021-06-23","7 day R","2021-03-05","DE","quantile","0.975",1.36504268380153
"2021-06-23","7 day R","2021-03-06","DE","point","NA",1.10394689576255
"2021-06-23","7 day R","2021-03-06","DE","quantile","0.025",0.832395117968553
"2021-06-23","7 day R","2021-03-06","DE","quantile","0.975",1.37743384628424
"2021-06-23","7 day R","2021-03-07","DE","point","NA",1.11860988728504
"2021-06-23","7 day R","2021-03-07","DE","quantile","0.025",0.845367452377119
"2021-06-23","7 day R","2021-03-07","DE","quantile","0.975",1.39217533970892
"2021-06-23","7 day R","2021-03-08","DE","point","NA",1.12885413162497
"2021-06-23","7 day R","2021-03-08","DE","quantile","0.025",0.855883948824802
"2021-06-23","7 day R","2021-03-08","DE","quantile","0.975",1.40214859934541
"2021-06-23","7 day R","2021-03-09","DE","point","NA",1.14204487869402
"2021-06-23","7 day R","2021-03-09","DE","quantile","0.025",0.865949887818496
"2021-06-23","7 day R","2021-03-09","DE","quantile","0.975",1.41494371388784
"2021-06-23","7 day R","2021-03-10","DE","point","NA",1.16722203854544
"2021-06-23","7 day R","2021-03-10","DE","quantile","0.025",0.891756873919968
"2021-06-23","7 day R","2021-03-10","DE","quantile","0.975",1.44304732947611
"2021-06-23","7 day R","2021-03-11","DE","point","NA",1.15778643032687
"2021-06-23","7 day R","2021-03-11","DE","quantile","0.025",0.883418927362073
"2021-06-23","7 day R","2021-03-11","DE","quantile","0.975",1.43097008635956
"2021-06-23","7 day R","2021-03-12","DE","point","NA",1.18121640031118
"2021-06-23","7 day R","2021-03-12","DE","quantile","0.025",0.906933239794278
"2021-06-23","7 day R","2021-03-12","DE","quantile","0.975",1.45705121499586
"2021-06-23","7 day R","2021-03-13","DE","point","NA",1.19990314896111
"2021-06-23","7 day R","2021-03-13","DE","quantile","0.025",0.925030928309598
"2021-06-23","7 day R","2021-03-13","DE","quantile","0.975",1.47348738938404
"2021-06-23","7 day R","2021-03-14","DE","point","NA",1.21683098556876
"2021-06-23","7 day R","2021-03-14","DE","quantile","0.025",0.941263819074314
"2021-06-23","7 day R","2021-03-14","DE","quantile","0.975",1.4902300049058
"2021-06-23","7 day R","2021-03-15","DE","point","NA",1.22459915399267
"2021-06-23","7 day R","2021-03-15","DE","quantile","0.025",0.949614227613389
"2021-06-23","7 day R","2021-03-15","DE","quantile","0.975",1.49741114096258
"2021-06-23","7 day R","2021-03-16","DE","point","NA",1.23383325323272
"2021-06-23","7 day R","2021-03-16","DE","quantile","0.025",0.9582162827623
"2021-06-23","7 day R","2021-03-16","DE","quantile","0.975",1.50999218781195
"2021-06-23","7 day R","2021-03-17","DE","point","NA",1.22819018218162
"2021-06-23","7 day R","2021-03-17","DE","quantile","0.025",0.957572320379544
"2021-06-23","7 day R","2021-03-17","DE","quantile","0.975",1.50068877035313
"2021-06-23","7 day R","2021-03-18","DE","point","NA",1.25393722733436
"2021-06-23","7 day R","2021-03-18","DE","quantile","0.025",0.983416860858316
"2021-06-23","7 day R","2021-03-18","DE","quantile","0.975",1.53107975114565
"2021-06-23","7 day R","2021-03-19","DE","point","NA",1.23843992004309
"2021-06-23","7 day R","2021-03-19","DE","quantile","0.025",0.962107693123324
"2021-06-23","7 day R","2021-03-19","DE","quantile","0.975",1.50983084183727
"2021-06-23","7 day R","2021-03-20","DE","point","NA",1.22492043947307
"2021-06-23","7 day R","2021-03-20","DE","quantile","0.025",0.951195793758944
"2021-06-23","7 day R","2021-03-20","DE","quantile","0.975",1.49990538857244
"2021-06-23","7 day R","2021-03-21","DE","point","NA",1.21081533817171
"2021-06-23","7 day R","2021-03-21","DE","quantile","0.025",0.938466108255076
"2021-06-23","7 day R","2021-03-21","DE","quantile","0.975",1.48613729517438
"2021-06-23","7 day R","2021-03-22","DE","point","NA",1.21442150899616
"2021-06-23","7 day R","2021-03-22","DE","quantile","0.025",0.938629742092669
"2021-06-23","7 day R","2021-03-22","DE","quantile","0.975",1.48704605370522
"2021-06-23","7 day R","2021-03-23","DE","point","NA",1.22046491129188
"2021-06-23","7 day R","2021-03-23","DE","quantile","0.025",0.946786568303931
"2021-06-23","7 day R","2021-03-23","DE","quantile","0.975",1.49360253506031
"2021-06-23","7 day R","2021-03-24","DE","point","NA",1.21356186738211
"2021-06-23","7 day R","2021-03-24","DE","quantile","0.025",0.94191237908301
"2021-06-23","7 day R","2021-03-24","DE","quantile","0.975",1.49066995802225
"2021-06-23","7 day R","2021-03-25","DE","point","NA",1.19751147286216
"2021-06-23","7 day R","2021-03-25","DE","quantile","0.025",0.923791032649409
"2021-06-23","7 day R","2021-03-25","DE","quantile","0.975",1.47255454635311
"2021-06-23","7 day R","2021-03-26","DE","point","NA",1.18449425029521
"2021-06-23","7 day R","2021-03-26","DE","quantile","0.025",0.911575099217896
"2021-06-23","7 day R","2021-03-26","DE","quantile","0.975",1.4582659273946
"2021-06-23","7 day R","2021-03-27","DE","point","NA",1.16645734089959
"2021-06-23","7 day R","2021-03-27","DE","quantile","0.025",0.88952524223945
"2021-06-23","7 day R","2021-03-27","DE","quantile","0.975",1.43930359269768
"2021-06-23","7 day R","2021-03-28","DE","point","NA",1.1451632485331
"2021-06-23","7 day R","2021-03-28","DE","quantile","0.025",0.867460273496548
"2021-06-23","7 day R","2021-03-28","DE","quantile","0.975",1.41753918865232
"2021-06-23","7 day R","2021-03-29","DE","point","NA",1.13808136157017
"2021-06-23","7 day R","2021-03-29","DE","quantile","0.025",0.862841002407237
"2021-06-23","7 day R","2021-03-29","DE","quantile","0.975",1.41283561070721
"2021-06-23","7 day R","2021-03-30","DE","point","NA",1.12972425472302
"2021-06-23","7 day R","2021-03-30","DE","quantile","0.025",0.858155421907638
"2021-06-23","7 day R","2021-03-30","DE","quantile","0.975",1.40350297455175
"2021-06-23","7 day R","2021-03-31","DE","point","NA",1.11068076066864
"2021-06-23","7 day R","2021-03-31","DE","quantile","0.025",0.836229598206265
"2021-06-23","7 day R","2021-03-31","DE","quantile","0.975",1.38891134371684
"2021-06-23","7 day R","2021-04-01","DE","point","NA",1.09019598384088
"2021-06-23","7 day R","2021-04-01","DE","quantile","0.025",0.816411080730615
"2021-06-23","7 day R","2021-04-01","DE","quantile","0.975",1.36361737706561
"2021-06-23","7 day R","2021-04-02","DE","point","NA",1.07199541859114
"2021-06-23","7 day R","2021-04-02","DE","quantile","0.025",0.793884454237293
"2021-06-23","7 day R","2021-04-02","DE","quantile","0.975",1.34938339284735
"2021-06-23","7 day R","2021-04-03","DE","point","NA",1.06151836731735
"2021-06-23","7 day R","2021-04-03","DE","quantile","0.025",0.783605304988739
"2021-06-23","7 day R","2021-04-03","DE","quantile","0.975",1.33503089414561
"2021-06-23","7 day R","2021-04-04","DE","point","NA",1.07451186311457
"2021-06-23","7 day R","2021-04-04","DE","quantile","0.025",0.799085243755235
"2021-06-23","7 day R","2021-04-04","DE","quantile","0.975",1.34891378600001
"2021-06-23","7 day R","2021-04-05","DE","point","NA",1.07925599802884
"2021-06-23","7 day R","2021-04-05","DE","quantile","0.025",0.80522224547063
"2021-06-23","7 day R","2021-04-05","DE","quantile","0.975",1.35124690189249
"2021-06-23","7 day R","2021-04-06","DE","point","NA",1.09172081177086
"2021-06-23","7 day R","2021-04-06","DE","quantile","0.025",0.818992331655987
"2021-06-23","7 day R","2021-04-06","DE","quantile","0.975",1.3651503009319
"2021-06-23","7 day R","2021-04-07","DE","point","NA",1.13297455648284
"2021-06-23","7 day R","2021-04-07","DE","quantile","0.025",0.858655269427689
"2021-06-23","7 day R","2021-04-07","DE","quantile","0.975",1.40776331957449
"2021-06-23","7 day R","2021-04-08","DE","point","NA",1.14885884855931
"2021-06-23","7 day R","2021-04-08","DE","quantile","0.025",0.875814453333076
"2021-06-23","7 day R","2021-04-08","DE","quantile","0.975",1.42365040471564
"2021-06-23","7 day R","2021-04-09","DE","point","NA",1.15215492143484
"2021-06-23","7 day R","2021-04-09","DE","quantile","0.025",0.87609525856308
"2021-06-23","7 day R","2021-04-09","DE","quantile","0.975",1.43116050382461
"2021-06-23","7 day R","2021-04-10","DE","point","NA",1.14831823908841
"2021-06-23","7 day R","2021-04-10","DE","quantile","0.025",0.87349328296404
"2021-06-23","7 day R","2021-04-10","DE","quantile","0.975",1.42732650838966
"2021-06-23","7 day R","2021-04-11","DE","point","NA",1.1421912782272
"2021-06-23","7 day R","2021-04-11","DE","quantile","0.025",0.868371962990271
"2021-06-23","7 day R","2021-04-11","DE","quantile","0.975",1.42045187051678
"2021-06-23","7 day R","2021-04-12","DE","point","NA",1.14800563181493
"2021-06-23","7 day R","2021-04-12","DE","quantile","0.025",0.872932590482245
"2021-06-23","7 day R","2021-04-12","DE","quantile","0.975",1.42729304451133
"2021-06-23","7 day R","2021-04-13","DE","point","NA",1.15095871477649
"2021-06-23","7 day R","2021-04-13","DE","quantile","0.025",0.877415880664927
"2021-06-23","7 day R","2021-04-13","DE","quantile","0.975",1.42847351089117
"2021-06-23","7 day R","2021-04-14","DE","point","NA",1.13815588697825
"2021-06-23","7 day R","2021-04-14","DE","quantile","0.025",0.863770741275995
"2021-06-23","7 day R","2021-04-14","DE","quantile","0.975",1.4092064390023
"2021-06-23","7 day R","2021-04-15","DE","point","NA",1.11951561849034
"2021-06-23","7 day R","2021-04-15","DE","quantile","0.025",0.848486029821451
"2021-06-23","7 day R","2021-04-15","DE","quantile","0.975",1.39041193059864
"2021-06-23","7 day R","2021-04-16","DE","point","NA",1.1056809738514
"2021-06-23","7 day R","2021-04-16","DE","quantile","0.025",0.832881050816257
"2021-06-23","7 day R","2021-04-16","DE","quantile","0.975",1.37863759405314
"2021-06-23","7 day R","2021-04-17","DE","point","NA",1.09083392625764
"2021-06-23","7 day R","2021-04-17","DE","quantile","0.025",0.816274987424153
"2021-06-23","7 day R","2021-04-17","DE","quantile","0.975",1.36378529583975
"2021-06-23","7 day R","2021-04-18","DE","point","NA",1.0749480780797
"2021-06-23","7 day R","2021-04-18","DE","quantile","0.025",0.800811874965556
"2021-06-23","7 day R","2021-04-18","DE","quantile","0.975",1.34823809950152
"2021-06-23","7 day R","2021-04-19","DE","point","NA",1.07410384292059
"2021-06-23","7 day R","2021-04-19","DE","quantile","0.025",0.797287280393989
"2021-06-23","7 day R","2021-04-19","DE","quantile","0.975",1.34927647204568
"2021-06-23","7 day R","2021-04-20","DE","point","NA",1.07273958239382
"2021-06-23","7 day R","2021-04-20","DE","quantile","0.025",0.799242851867947
"2021-06-23","7 day R","2021-04-20","DE","quantile","0.975",1.34784439228973
"2021-06-23","7 day R","2021-04-21","DE","point","NA",1.0570563791372
"2021-06-23","7 day R","2021-04-21","DE","quantile","0.025",0.785327019295521
"2021-06-23","7 day R","2021-04-21","DE","quantile","0.975",1.33147413213091
"2021-06-23","7 day R","2021-04-22","DE","point","NA",1.04786969514804
"2021-06-23","7 day R","2021-04-22","DE","quantile","0.025",0.774013536019498
"2021-06-23","7 day R","2021-04-22","DE","quantile","0.975",1.32159115079303
"2021-06-23","7 day R","2021-04-23","DE","point","NA",1.0303946510516
"2021-06-23","7 day R","2021-04-23","DE","quantile","0.025",0.75368429339579
"2021-06-23","7 day R","2021-04-23","DE","quantile","0.975",1.3056132384746
"2021-06-23","7 day R","2021-04-24","DE","point","NA",1.01297418367114
"2021-06-23","7 day R","2021-04-24","DE","quantile","0.025",0.737935668313377
"2021-06-23","7 day R","2021-04-24","DE","quantile","0.975",1.28574462294577
"2021-06-23","7 day R","2021-04-25","DE","point","NA",1.0042328986877
"2021-06-23","7 day R","2021-04-25","DE","quantile","0.025",0.729843716350882
"2021-06-23","7 day R","2021-04-25","DE","quantile","0.975",1.28055896654731
"2021-06-23","7 day R","2021-04-26","DE","point","NA",0.984861778615634
"2021-06-23","7 day R","2021-04-26","DE","quantile","0.025",0.704942381787031
"2021-06-23","7 day R","2021-04-26","DE","quantile","0.975",1.2575669250314
"2021-06-23","7 day R","2021-04-27","DE","point","NA",0.973130555922614
"2021-06-23","7 day R","2021-04-27","DE","quantile","0.025",0.694953068899056
"2021-06-23","7 day R","2021-04-27","DE","quantile","0.975",1.24850141220002
"2021-06-23","7 day R","2021-04-28","DE","point","NA",0.95945598867348
"2021-06-23","7 day R","2021-04-28","DE","quantile","0.025",0.684562049378674
"2021-06-23","7 day R","2021-04-28","DE","quantile","0.975",1.23004000037134
"2021-06-23","7 day R","2021-04-29","DE","point","NA",0.938845137802218
"2021-06-23","7 day R","2021-04-29","DE","quantile","0.025",0.665518178543989
"2021-06-23","7 day R","2021-04-29","DE","quantile","0.975",1.21185149839722
"2021-06-23","7 day R","2021-04-30","DE","point","NA",0.921573477454092
"2021-06-23","7 day R","2021-04-30","DE","quantile","0.025",0.649682839409387
"2021-06-23","7 day R","2021-04-30","DE","quantile","0.975",1.19644782159139
"2021-06-23","7 day R","2021-05-01","DE","point","NA",0.91248173584347
"2021-06-23","7 day R","2021-05-01","DE","quantile","0.025",0.636560588653519
"2021-06-23","7 day R","2021-05-01","DE","quantile","0.975",1.18567825493401
"2021-06-23","7 day R","2021-05-02","DE","point","NA",0.899433970239131
"2021-06-23","7 day R","2021-05-02","DE","quantile","0.025",0.62587886043559
"2021-06-23","7 day R","2021-05-02","DE","quantile","0.975",1.1741931891768
"2021-06-23","7 day R","2021-05-03","DE","point","NA",0.885003148395634
"2021-06-23","7 day R","2021-05-03","DE","quantile","0.025",0.608507339974643
"2021-06-23","7 day R","2021-05-03","DE","quantile","0.975",1.16371101023486
"2021-06-23","7 day R","2021-05-04","DE","point","NA",0.874585821632989
"2021-06-23","7 day R","2021-05-04","DE","quantile","0.025",0.600524514299678
"2021-06-23","7 day R","2021-05-04","DE","quantile","0.975",1.14952573713123
"2021-06-23","7 day R","2021-05-05","DE","point","NA",0.857458143771694
"2021-06-23","7 day R","2021-05-05","DE","quantile","0.025",0.587031832547859
"2021-06-23","7 day R","2021-05-05","DE","quantile","0.975",1.13199292578775
"2021-06-23","7 day R","2021-05-06","DE","point","NA",0.835785623568701
"2021-06-23","7 day R","2021-05-06","DE","quantile","0.025",0.56143863337343
"2021-06-23","7 day R","2021-05-06","DE","quantile","0.975",1.11272979935227
"2021-06-23","7 day R","2021-05-07","DE","point","NA",0.818113524232592
"2021-06-23","7 day R","2021-05-07","DE","quantile","0.025",0.543447866689097
"2021-06-23","7 day R","2021-05-07","DE","quantile","0.975",1.09591019046347
"2021-06-23","7 day R","2021-05-08","DE","point","NA",0.803176115105291
"2021-06-23","7 day R","2021-05-08","DE","quantile","0.025",0.529346557585235
"2021-06-23","7 day R","2021-05-08","DE","quantile","0.975",1.0783762154825
"2021-06-23","7 day R","2021-05-09","DE","point","NA",0.785346791521461
"2021-06-23","7 day R","2021-05-09","DE","quantile","0.025",0.510785934545248
"2021-06-23","7 day R","2021-05-09","DE","quantile","0.975",1.06312361167634
"2021-06-23","7 day R","2021-05-10","DE","point","NA",0.779497309305365
"2021-06-23","7 day R","2021-05-10","DE","quantile","0.025",0.501055612720048
"2021-06-23","7 day R","2021-05-10","DE","quantile","0.975",1.05767835006378
"2021-06-23","7 day R","2021-05-11","DE","point","NA",0.768462160569442
"2021-06-23","7 day R","2021-05-11","DE","quantile","0.025",0.491149342816519
"2021-06-23","7 day R","2021-05-11","DE","quantile","0.975",1.04745802746054
"2021-06-23","7 day R","2021-05-12","DE","point","NA",0.746859559409789
"2021-06-23","7 day R","2021-05-12","DE","quantile","0.025",0.470101634782056
"2021-06-23","7 day R","2021-05-12","DE","quantile","0.975",1.02326181949833
"2021-06-23","7 day R","2021-05-13","DE","point","NA",0.743808652603129
"2021-06-23","7 day R","2021-05-13","DE","quantile","0.025",0.468245176653318
"2021-06-23","7 day R","2021-05-13","DE","quantile","0.975",1.01781834851812
"2021-06-23","7 day R","2021-05-14","DE","point","NA",0.74208469437301
"2021-06-23","7 day R","2021-05-14","DE","quantile","0.025",0.469462037895
"2021-06-23","7 day R","2021-05-14","DE","quantile","0.975",1.01654379983268
"2021-06-23","7 day R","2021-05-15","DE","point","NA",0.740478852446335
"2021-06-23","7 day R","2021-05-15","DE","quantile","0.025",0.468069370244471
"2021-06-23","7 day R","2021-05-15","DE","quantile","0.975",1.01584753255763
"2021-06-23","7 day R","2021-05-16","DE","point","NA",0.740215545324966
"2021-06-23","7 day R","2021-05-16","DE","quantile","0.025",0.468560940476099
"2021-06-23","7 day R","2021-05-16","DE","quantile","0.975",1.01483049319421
"2021-06-23","7 day R","2021-05-17","DE","point","NA",0.732544977165635
"2021-06-23","7 day R","2021-05-17","DE","quantile","0.025",0.458473961574218
"2021-06-23","7 day R","2021-05-17","DE","quantile","0.975",1.00704997020718
"2021-06-23","7 day R","2021-05-18","DE","point","NA",0.72210238054977
"2021-06-23","7 day R","2021-05-18","DE","quantile","0.025",0.449844740077435
"2021-06-23","7 day R","2021-05-18","DE","quantile","0.975",0.99645279951272
"2021-06-23","7 day R","2021-05-19","DE","point","NA",0.718607836070428
"2021-06-23","7 day R","2021-05-19","DE","quantile","0.025",0.447881555414939
"2021-06-23","7 day R","2021-05-19","DE","quantile","0.975",0.993371611674888
"2021-06-23","7 day R","2021-05-20","DE","point","NA",0.710246264851788
"2021-06-23","7 day R","2021-05-20","DE","quantile","0.025",0.439632797388562
"2021-06-23","7 day R","2021-05-20","DE","quantile","0.975",0.98682730725426
"2021-06-23","7 day R","2021-05-21","DE","point","NA",0.69953640888906
"2021-06-23","7 day R","2021-05-21","DE","quantile","0.025",0.428088551822395
"2021-06-23","7 day R","2021-05-21","DE","quantile","0.975",0.973716987300901
"2021-06-23","7 day R","2021-05-22","DE","point","NA",0.686577459562391
"2021-06-23","7 day R","2021-05-22","DE","quantile","0.025",0.411160668785257
"2021-06-23","7 day R","2021-05-22","DE","quantile","0.975",0.964819175620333
"2021-06-23","7 day R","2021-05-23","DE","point","NA",0.673022453052313
"2021-06-23","7 day R","2021-05-23","DE","quantile","0.025",0.399769047648088
"2021-06-23","7 day R","2021-05-23","DE","quantile","0.975",0.949767864547806
"2021-06-23","7 day R","2021-05-24","DE","point","NA",0.654545069551005
"2021-06-23","7 day R","2021-05-24","DE","quantile","0.025",0.376529533466243
"2021-06-23","7 day R","2021-05-24","DE","quantile","0.975",0.932060463460752
"2021-06-23","7 day R","2021-05-25","DE","point","NA",0.638363696625202
"2021-06-23","7 day R","2021-05-25","DE","quantile","0.025",0.362278188095321
"2021-06-23","7 day R","2021-05-25","DE","quantile","0.975",0.912618680671342
"2021-06-23","7 day R","2021-05-26","DE","point","NA",0.637818203687621
"2021-06-23","7 day R","2021-05-26","DE","quantile","0.025",0.361781016624009
"2021-06-23","7 day R","2021-05-26","DE","quantile","0.975",0.909830847818409
"2021-06-23","7 day R","2021-05-27","DE","point","NA",0.64797328475239
"2021-06-23","7 day R","2021-05-27","DE","quantile","0.025",0.371999338841415
"2021-06-23","7 day R","2021-05-27","DE","quantile","0.975",0.919870912575363
"2021-06-23","7 day R","2021-05-28","DE","point","NA",0.65415203459042
"2021-06-23","7 day R","2021-05-28","DE","quantile","0.025",0.381234902729712
"2021-06-23","7 day R","2021-05-28","DE","quantile","0.975",0.924937995465398
"2021-06-23","7 day R","2021-05-29","DE","point","NA",0.653643076320708
"2021-06-23","7 day R","2021-05-29","DE","quantile","0.025",0.381610894658533
"2021-06-23","7 day R","2021-05-29","DE","quantile","0.975",0.925673203873714
"2021-06-23","7 day R","2021-05-30","DE","point","NA",0.64871656989609
"2021-06-23","7 day R","2021-05-30","DE","quantile","0.025",0.372488810006819
"2021-06-23","7 day R","2021-05-30","DE","quantile","0.975",0.919615750439879
"2021-06-23","7 day R","2021-05-31","DE","point","NA",0.639430905636315
"2021-06-23","7 day R","2021-05-31","DE","quantile","0.025",0.362913758041552
"2021-06-23","7 day R","2021-05-31","DE","quantile","0.975",0.911351709054274
"2021-06-23","7 day R","2021-06-01","DE","point","NA",0.628665160895619
"2021-06-23","7 day R","2021-06-01","DE","quantile","0.025",0.353648829485451
"2021-06-23","7 day R","2021-06-01","DE","quantile","0.975",0.899875730766879
"2021-06-23","7 day R","2021-06-02","DE","point","NA",0.623028657461857
"2021-06-23","7 day R","2021-06-02","DE","quantile","0.025",0.350338300001537
"2021-06-23","7 day R","2021-06-02","DE","quantile","0.975",0.897884071695445
"2021-06-23","7 day R","2021-06-03","DE","point","NA",0.616522366061544
"2021-06-23","7 day R","2021-06-03","DE","quantile","0.025",0.342921250767059
"2021-06-23","7 day R","2021-06-03","DE","quantile","0.975",0.891746946467537
"2021-06-23","7 day R","2021-06-04","DE","point","NA",0.612655873040985
"2021-06-23","7 day R","2021-06-04","DE","quantile","0.025",0.337329147363236
"2021-06-23","7 day R","2021-06-04","DE","quantile","0.975",0.887945532944008
"2021-06-23","7 day R","2021-06-05","DE","point","NA",0.611249880281361
"2021-06-23","7 day R","2021-06-05","DE","quantile","0.025",0.338221656332089
"2021-06-23","7 day R","2021-06-05","DE","quantile","0.975",0.886888823308149
"2021-06-23","7 day R","2021-06-06","DE","point","NA",0.610510379654918
"2021-06-23","7 day R","2021-06-06","DE","quantile","0.025",0.336603581075388
"2021-06-23","7 day R","2021-06-06","DE","quantile","0.975",0.882411763176572
"2021-06-23","7 day R","2021-06-07","DE","point","NA",0.605336282590707
"2021-06-23","7 day R","2021-06-07","DE","quantile","0.025",0.32792772883486
"2021-06-23","7 day R","2021-06-07","DE","quantile","0.975",0.883182077602613
"2021-06-23","7 day R","2021-06-08","DE","point","NA",0.598947885832671
"2021-06-23","7 day R","2021-06-08","DE","quantile","0.025",0.326601488878041
"2021-06-23","7 day R","2021-06-08","DE","quantile","0.975",0.874935159301262
"2021-06-23","7 day R","2021-06-09","DE","point","NA",0.592116632872616
"2021-06-23","7 day R","2021-06-09","DE","quantile","0.025",0.315591181077893
"2021-06-23","7 day R","2021-06-09","DE","quantile","0.975",0.865758263303931
"2021-06-23","7 day R","2021-06-10","DE","point","NA",0.583177945721267
"2021-06-23","7 day R","2021-06-10","DE","quantile","0.025",0.300482008257702
"2021-06-23","7 day R","2021-06-10","DE","quantile","0.975",0.861985457821882
"2021-06-23","7 day R","2021-06-11","DE","point","NA",0.574599703639615
"2021-06-23","7 day R","2021-06-11","DE","quantile","0.025",0.297695824722141
"2021-06-23","7 day R","2021-06-11","DE","quantile","0.975",0.854605371116427
"2021-06-23","7 day R","2021-06-12","DE","point","NA",0.564465194786503
"2021-06-23","7 day R","2021-06-12","DE","quantile","0.025",0.283194499574741
"2021-06-23","7 day R","2021-06-12","DE","quantile","0.975",0.84266302781053
"2021-06-23","7 day R","2021-06-13","DE","point","NA",0.554931291230173
"2021-06-23","7 day R","2021-06-13","DE","quantile","0.025",0.272443117304276
"2021-06-23","7 day R","2021-06-13","DE","quantile","0.975",0.834602989809646
"2021-06-23","7 day R","2021-06-14","DE","point","NA",0.541477760954316
"2021-06-23","7 day R","2021-06-14","DE","quantile","0.025",0.258879426002191
"2021-06-23","7 day R","2021-06-14","DE","quantile","0.975",0.825458296576881
"2021-06-23","7 day R","2021-06-15","DE","point","NA",0.527356111271415
"2021-06-23","7 day R","2021-06-15","DE","quantile","0.025",0.237438506574417
"2021-06-23","7 day R","2021-06-15","DE","quantile","0.975",0.815029552258073
"2021-06-23","7 day R","2021-06-16","DE","point","NA",0.515541154789171
"2021-06-23","7 day R","2021-06-16","DE","quantile","0.025",0.222910228765066
"2021-06-23","7 day R","2021-06-16","DE","quantile","0.975",0.807547362231428
"2021-06-23","7 day R","2021-06-17","DE","point","NA",0.51105458618825
"2021-06-23","7 day R","2021-06-17","DE","quantile","0.025",0.208605562824014
"2021-06-23","7 day R","2021-06-17","DE","quantile","0.975",0.813177996345771
"2021-06-23","7 day R","2021-06-18","DE","point","NA",0.516986651340331
"2021-06-23","7 day R","2021-06-18","DE","quantile","0.025",0.203891320590734
"2021-06-23","7 day R","2021-06-18","DE","quantile","0.975",0.830131165832177
"2021-06-23","7 day R","2021-06-19","DE","point","NA",0.524310272458911
"2021-06-23","7 day R","2021-06-19","DE","quantile","0.025",0.190142995792401
"2021-06-23","7 day R","2021-06-19","DE","quantile","0.975",0.857531918608856
"2021-06-23","7 day R","2021-06-20","DE","point","NA",0.528867494782264
"2021-06-23","7 day R","2021-06-20","DE","quantile","0.025",0.179488243106057
"2021-06-23","7 day R","2021-06-20","DE","quantile","0.975",0.8793871887887
"2021-06-23","7 day R","2021-06-21","DE","point","NA",0.530336260214883
"2021-06-23","7 day R","2021-06-21","DE","quantile","0.025",0.150933189292152
"2021-06-23","7 day R","2021-06-21","DE","quantile","0.975",0.91475051822639
"2021-06-23","7 day R","2020-03-02","DE","point","NA",3.32751872428758
"2021-06-23","7 day R","2020-03-02","DE","quantile","0.025",2.92864195117569
"2021-06-23","7 day R","2020-03-02","DE","quantile","0.975",3.72475096447487
"2021-06-23","7 day R","2020-03-03","DE","point","NA",3.3530942050463
"2021-06-23","7 day R","2020-03-03","DE","quantile","0.025",2.98603643084246
"2021-06-23","7 day R","2020-03-03","DE","quantile","0.975",3.71960565200322
"2021-06-23","7 day R","2020-03-04","DE","point","NA",3.4107912756849
"2021-06-23","7 day R","2020-03-04","DE","quantile","0.025",3.06414266381139
"2021-06-23","7 day R","2020-03-04","DE","quantile","0.975",3.76285724589505
"2021-06-23","7 day R","2020-03-05","DE","point","NA",3.47108536512347
"2021-06-23","7 day R","2020-03-05","DE","quantile","0.025",3.13462636566869
"2021-06-23","7 day R","2020-03-05","DE","quantile","0.975",3.81954628342906
"2021-06-23","7 day R","2020-03-06","DE","point","NA",3.37581107454511
"2021-06-23","7 day R","2020-03-06","DE","quantile","0.025",3.05458700800181
"2021-06-23","7 day R","2020-03-06","DE","quantile","0.975",3.69830164603951
"2021-06-23","7 day R","2020-03-07","DE","point","NA",3.32379005106081
"2021-06-23","7 day R","2020-03-07","DE","quantile","0.025",3.01168560976393
"2021-06-23","7 day R","2020-03-07","DE","quantile","0.975",3.63650373582966
"2021-06-23","7 day R","2020-03-08","DE","point","NA",3.2871941583359
"2021-06-23","7 day R","2020-03-08","DE","quantile","0.025",2.98358115422032
"2021-06-23","7 day R","2020-03-08","DE","quantile","0.975",3.588216328073
"2021-06-23","7 day R","2020-03-09","DE","point","NA",3.25181663242924
"2021-06-23","7 day R","2020-03-09","DE","quantile","0.025",2.9520175841964
"2021-06-23","7 day R","2020-03-09","DE","quantile","0.975",3.55418655881955
"2021-06-23","7 day R","2020-03-10","DE","point","NA",3.25462908835253
"2021-06-23","7 day R","2020-03-10","DE","quantile","0.025",2.95094623286814
"2021-06-23","7 day R","2020-03-10","DE","quantile","0.975",3.55615283624849
"2021-06-23","7 day R","2020-03-11","DE","point","NA",3.25921063473507
"2021-06-23","7 day R","2020-03-11","DE","quantile","0.025",2.96141663005046
"2021-06-23","7 day R","2020-03-11","DE","quantile","0.975",3.56155466688801
"2021-06-23","7 day R","2020-03-12","DE","point","NA",3.25775218091074
"2021-06-23","7 day R","2020-03-12","DE","quantile","0.025",2.95534552052214
"2021-06-23","7 day R","2020-03-12","DE","quantile","0.975",3.5611682821446
"2021-06-23","7 day R","2020-03-13","DE","point","NA",3.35635801333589
"2021-06-23","7 day R","2020-03-13","DE","quantile","0.025",3.03898003138195
"2021-06-23","7 day R","2020-03-13","DE","quantile","0.975",3.68597867772724
"2021-06-23","7 day R","2020-03-14","DE","point","NA",3.28187258953353
"2021-06-23","7 day R","2020-03-14","DE","quantile","0.025",2.96735628448374
"2021-06-23","7 day R","2020-03-14","DE","quantile","0.975",3.60584980063856
"2021-06-23","7 day R","2020-03-15","DE","point","NA",3.19089843201138
"2021-06-23","7 day R","2020-03-15","DE","quantile","0.025",2.87961217217897
"2021-06-23","7 day R","2020-03-15","DE","quantile","0.975",3.50989598719142
"2021-06-23","7 day R","2020-03-16","DE","point","NA",3.09843418124228
"2021-06-23","7 day R","2020-03-16","DE","quantile","0.025",2.79493129084375
"2021-06-23","7 day R","2020-03-16","DE","quantile","0.975",3.41683269343141
"2021-06-23","7 day R","2020-03-17","DE","point","NA",2.98960825091795
"2021-06-23","7 day R","2020-03-17","DE","quantile","0.025",2.68943963861612
"2021-06-23","7 day R","2020-03-17","DE","quantile","0.975",3.30421983905604
"2021-06-23","7 day R","2020-03-18","DE","point","NA",2.85937181904846
"2021-06-23","7 day R","2020-03-18","DE","quantile","0.025",2.56179545664723
"2021-06-23","7 day R","2020-03-18","DE","quantile","0.975",3.16609225277574
"2021-06-23","7 day R","2020-03-19","DE","point","NA",2.70193504881059
"2021-06-23","7 day R","2020-03-19","DE","quantile","0.025",2.40610894347723
"2021-06-23","7 day R","2020-03-19","DE","quantile","0.975",3.00070189263618
"2021-06-23","7 day R","2020-03-20","DE","point","NA",2.55511516047986
"2021-06-23","7 day R","2020-03-20","DE","quantile","0.025",2.26131369912267
"2021-06-23","7 day R","2020-03-20","DE","quantile","0.975",2.85076922586882
"2021-06-23","7 day R","2020-03-21","DE","point","NA",2.43278291345938
"2021-06-23","7 day R","2020-03-21","DE","quantile","0.025",2.14095855603805
"2021-06-23","7 day R","2020-03-21","DE","quantile","0.975",2.72365993315922
"2021-06-23","7 day R","2020-03-22","DE","point","NA",2.32572485563429
"2021-06-23","7 day R","2020-03-22","DE","quantile","0.025",2.0329944676361
"2021-06-23","7 day R","2020-03-22","DE","quantile","0.975",2.61161983476666
"2021-06-23","7 day R","2020-03-23","DE","point","NA",2.23543729604703
"2021-06-23","7 day R","2020-03-23","DE","quantile","0.025",1.94106261248475
"2021-06-23","7 day R","2020-03-23","DE","quantile","0.975",2.52528797154235
"2021-06-23","7 day R","2020-03-24","DE","point","NA",2.12800288076625
"2021-06-23","7 day R","2020-03-24","DE","quantile","0.025",1.8357337707974
"2021-06-23","7 day R","2020-03-24","DE","quantile","0.975",2.4211897950894
"2021-06-23","7 day R","2020-03-25","DE","point","NA",2.01970279200378
"2021-06-23","7 day R","2020-03-25","DE","quantile","0.025",1.72234619180269
"2021-06-23","7 day R","2020-03-25","DE","quantile","0.975",2.3143768541503
"2021-06-23","7 day R","2020-03-26","DE","point","NA",1.92819328951539
"2021-06-23","7 day R","2020-03-26","DE","quantile","0.025",1.63363560164528
"2021-06-23","7 day R","2020-03-26","DE","quantile","0.975",2.21978894554565
"2021-06-23","7 day R","2020-03-27","DE","point","NA",1.83167139730252
"2021-06-23","7 day R","2020-03-27","DE","quantile","0.025",1.53594386447442
"2021-06-23","7 day R","2020-03-27","DE","quantile","0.975",2.12278802765243
"2021-06-23","7 day R","2020-03-28","DE","point","NA",1.75902710783623
"2021-06-23","7 day R","2020-03-28","DE","quantile","0.025",1.46622355850965
"2021-06-23","7 day R","2020-03-28","DE","quantile","0.975",2.05195080695275
"2021-06-23","7 day R","2020-03-29","DE","point","NA",1.66632862119173
"2021-06-23","7 day R","2020-03-29","DE","quantile","0.025",1.37462835340125
"2021-06-23","7 day R","2020-03-29","DE","quantile","0.975",1.95872220755827
"2021-06-23","7 day R","2020-03-30","DE","point","NA",1.57888542814739
"2021-06-23","7 day R","2020-03-30","DE","quantile","0.025",1.28868429368074
"2021-06-23","7 day R","2020-03-30","DE","quantile","0.975",1.872743186259
"2021-06-23","7 day R","2020-03-31","DE","point","NA",1.49030956816575
"2021-06-23","7 day R","2020-03-31","DE","quantile","0.025",1.1997626724959
"2021-06-23","7 day R","2020-03-31","DE","quantile","0.975",1.78203463255745
"2021-06-23","7 day R","2020-04-01","DE","point","NA",1.40142506962482
"2021-06-23","7 day R","2020-04-01","DE","quantile","0.025",1.10776054347227
"2021-06-23","7 day R","2020-04-01","DE","quantile","0.975",1.69630127796041
"2021-06-23","7 day R","2020-04-02","DE","point","NA",1.31927854631957
"2021-06-23","7 day R","2020-04-02","DE","quantile","0.025",1.02220619953576
"2021-06-23","7 day R","2020-04-02","DE","quantile","0.975",1.6151789030507
"2021-06-23","7 day R","2020-04-03","DE","point","NA",1.24596659851523
"2021-06-23","7 day R","2020-04-03","DE","quantile","0.025",0.950630977643514
"2021-06-23","7 day R","2020-04-03","DE","quantile","0.975",1.54472488840342
"2021-06-23","7 day R","2020-04-04","DE","point","NA",1.1955944406421
"2021-06-23","7 day R","2020-04-04","DE","quantile","0.025",0.896553230974117
"2021-06-23","7 day R","2020-04-04","DE","quantile","0.975",1.49248466293839
"2021-06-23","7 day R","2020-04-05","DE","point","NA",1.14401492196833
"2021-06-23","7 day R","2020-04-05","DE","quantile","0.025",0.844023442771373
"2021-06-23","7 day R","2020-04-05","DE","quantile","0.975",1.43733831319072
"2021-06-23","7 day R","2020-04-06","DE","point","NA",1.09161457597477
"2021-06-23","7 day R","2020-04-06","DE","quantile","0.025",0.788923892058867
"2021-06-23","7 day R","2020-04-06","DE","quantile","0.975",1.38701298749699
"2021-06-23","7 day R","2020-04-07","DE","point","NA",1.03936521111326
"2021-06-23","7 day R","2020-04-07","DE","quantile","0.025",0.741906086139563
"2021-06-23","7 day R","2020-04-07","DE","quantile","0.975",1.33464890235211
"2021-06-23","7 day R","2020-04-08","DE","point","NA",0.982720961582608
"2021-06-23","7 day R","2020-04-08","DE","quantile","0.025",0.68813660824551
"2021-06-23","7 day R","2020-04-08","DE","quantile","0.975",1.27610366488974
"2021-06-23","7 day R","2020-04-09","DE","point","NA",0.924759634575021
"2021-06-23","7 day R","2020-04-09","DE","quantile","0.025",0.625714727111387
"2021-06-23","7 day R","2020-04-09","DE","quantile","0.975",1.21820242557026
"2021-06-23","7 day R","2020-04-10","DE","point","NA",0.877924255297349
"2021-06-23","7 day R","2020-04-10","DE","quantile","0.025",0.579424147699764
"2021-06-23","7 day R","2020-04-10","DE","quantile","0.975",1.17406450918475
"2021-06-23","7 day R","2020-04-11","DE","point","NA",0.852995425259496
"2021-06-23","7 day R","2020-04-11","DE","quantile","0.025",0.558694183367723
"2021-06-23","7 day R","2020-04-11","DE","quantile","0.975",1.14650123092775
"2021-06-23","7 day R","2020-04-12","DE","point","NA",0.831199511461423
"2021-06-23","7 day R","2020-04-12","DE","quantile","0.025",0.534086055060265
"2021-06-23","7 day R","2020-04-12","DE","quantile","0.975",1.12235269527125
"2021-06-23","7 day R","2020-04-13","DE","point","NA",0.804299167195277
"2021-06-23","7 day R","2020-04-13","DE","quantile","0.025",0.512005799100655
"2021-06-23","7 day R","2020-04-13","DE","quantile","0.975",1.09749159056112
"2021-06-23","7 day R","2020-04-14","DE","point","NA",0.773843755469599
"2021-06-23","7 day R","2020-04-14","DE","quantile","0.025",0.477614645696506
"2021-06-23","7 day R","2020-04-14","DE","quantile","0.975",1.06386523877932
"2021-06-23","7 day R","2020-04-15","DE","point","NA",0.752799025654909
"2021-06-23","7 day R","2020-04-15","DE","quantile","0.025",0.454256052744293
"2021-06-23","7 day R","2020-04-15","DE","quantile","0.975",1.03960149270246
"2021-06-23","7 day R","2020-04-16","DE","point","NA",0.734272858319162
"2021-06-23","7 day R","2020-04-16","DE","quantile","0.025",0.437070996615117
"2021-06-23","7 day R","2020-04-16","DE","quantile","0.975",1.02693928744147
"2021-06-23","7 day R","2020-04-17","DE","point","NA",0.72506930219936
"2021-06-23","7 day R","2020-04-17","DE","quantile","0.025",0.430204586050427
"2021-06-23","7 day R","2020-04-17","DE","quantile","0.975",1.0175157688548
"2021-06-23","7 day R","2020-04-18","DE","point","NA",0.71965071821676
"2021-06-23","7 day R","2020-04-18","DE","quantile","0.025",0.425193878169571
"2021-06-23","7 day R","2020-04-18","DE","quantile","0.975",1.00888855309674
"2021-06-23","7 day R","2020-04-19","DE","point","NA",0.713165254646571
"2021-06-23","7 day R","2020-04-19","DE","quantile","0.025",0.419501722301705
"2021-06-23","7 day R","2020-04-19","DE","quantile","0.975",1.00399914312192
"2021-06-23","7 day R","2020-04-20","DE","point","NA",0.703610911538679
"2021-06-23","7 day R","2020-04-20","DE","quantile","0.025",0.410782445299053
"2021-06-23","7 day R","2020-04-20","DE","quantile","0.975",0.996256607173542
"2021-06-23","7 day R","2020-04-21","DE","point","NA",0.686308504177604
"2021-06-23","7 day R","2020-04-21","DE","quantile","0.025",0.392474819291111
"2021-06-23","7 day R","2020-04-21","DE","quantile","0.975",0.97925571730922
"2021-06-23","7 day R","2020-04-22","DE","point","NA",0.671771647817953
"2021-06-23","7 day R","2020-04-22","DE","quantile","0.025",0.376046020195425
"2021-06-23","7 day R","2020-04-22","DE","quantile","0.975",0.963470427998797
"2021-06-23","7 day R","2020-04-23","DE","point","NA",0.659462561068242
"2021-06-23","7 day R","2020-04-23","DE","quantile","0.025",0.364795873654289
"2021-06-23","7 day R","2020-04-23","DE","quantile","0.975",0.951720749132399
"2021-06-23","7 day R","2020-04-24","DE","point","NA",0.649425811273437
"2021-06-23","7 day R","2020-04-24","DE","quantile","0.025",0.355636535198511
"2021-06-23","7 day R","2020-04-24","DE","quantile","0.975",0.94135028570879
"2021-06-23","7 day R","2020-04-25","DE","point","NA",0.649259393045021
"2021-06-23","7 day R","2020-04-25","DE","quantile","0.025",0.360550602755839
"2021-06-23","7 day R","2020-04-25","DE","quantile","0.975",0.941237302374696
"2021-06-23","7 day R","2020-04-26","DE","point","NA",0.647323765300138
"2021-06-23","7 day R","2020-04-26","DE","quantile","0.025",0.356830783532629
"2021-06-23","7 day R","2020-04-26","DE","quantile","0.975",0.936574761948375
"2021-06-23","7 day R","2020-04-27","DE","point","NA",0.640800021770711
"2021-06-23","7 day R","2020-04-27","DE","quantile","0.025",0.344428187666852
"2021-06-23","7 day R","2020-04-27","DE","quantile","0.975",0.932896310882347
"2021-06-23","7 day R","2020-04-28","DE","point","NA",0.630667219738048
"2021-06-23","7 day R","2020-04-28","DE","quantile","0.025",0.336274561099318
"2021-06-23","7 day R","2020-04-28","DE","quantile","0.975",0.918839221561584
"2021-06-23","7 day R","2020-04-29","DE","point","NA",0.620034120659447
"2021-06-23","7 day R","2020-04-29","DE","quantile","0.025",0.322542529020187
"2021-06-23","7 day R","2020-04-29","DE","quantile","0.975",0.910765477986788
"2021-06-23","7 day R","2020-04-30","DE","point","NA",0.609763464952364
"2021-06-23","7 day R","2020-04-30","DE","quantile","0.025",0.312844776090326
"2021-06-23","7 day R","2020-04-30","DE","quantile","0.975",0.903533423204017
"2021-06-23","7 day R","2020-05-01","DE","point","NA",0.604222634464821
"2021-06-23","7 day R","2020-05-01","DE","quantile","0.025",0.310953978654422
"2021-06-23","7 day R","2020-05-01","DE","quantile","0.975",0.899069138495329
"2021-06-23","7 day R","2020-05-02","DE","point","NA",0.612172362823034
"2021-06-23","7 day R","2020-05-02","DE","quantile","0.025",0.318055367448432
"2021-06-23","7 day R","2020-05-02","DE","quantile","0.975",0.906407621197609
"2021-06-23","7 day R","2020-05-03","DE","point","NA",0.620253921015145
"2021-06-23","7 day R","2020-05-03","DE","quantile","0.025",0.325694855851788
"2021-06-23","7 day R","2020-05-03","DE","quantile","0.975",0.911791903246367
"2021-06-23","7 day R","2020-05-04","DE","point","NA",0.628299457756911
"2021-06-23","7 day R","2020-05-04","DE","quantile","0.025",0.331202585620046
"2021-06-23","7 day R","2020-05-04","DE","quantile","0.975",0.924217113579849
"2021-06-23","7 day R","2020-05-05","DE","point","NA",0.636558824344254
"2021-06-23","7 day R","2020-05-05","DE","quantile","0.025",0.342323963965128
"2021-06-23","7 day R","2020-05-05","DE","quantile","0.975",0.928177123625861
"2021-06-23","7 day R","2020-05-06","DE","point","NA",0.644212863784242
"2021-06-23","7 day R","2020-05-06","DE","quantile","0.025",0.351818305723806
"2021-06-23","7 day R","2020-05-06","DE","quantile","0.975",0.936130073315712
"2021-06-23","7 day R","2020-05-07","DE","point","NA",0.649870172021006
"2021-06-23","7 day R","2020-05-07","DE","quantile","0.025",0.354099633881418
"2021-06-23","7 day R","2020-05-07","DE","quantile","0.975",0.945136187136432
"2021-06-23","7 day R","2020-05-08","DE","point","NA",0.653116382557556
"2021-06-23","7 day R","2020-05-08","DE","quantile","0.025",0.357143577055844
"2021-06-23","7 day R","2020-05-08","DE","quantile","0.975",0.947229480346339
"2021-06-23","7 day R","2020-05-09","DE","point","NA",0.658486552796841
"2021-06-23","7 day R","2020-05-09","DE","quantile","0.025",0.36771022796132
"2021-06-23","7 day R","2020-05-09","DE","quantile","0.975",0.951925071316066
"2021-06-23","7 day R","2020-05-10","DE","point","NA",0.662090952865031
"2021-06-23","7 day R","2020-05-10","DE","quantile","0.025",0.371569840484474
"2021-06-23","7 day R","2020-05-10","DE","quantile","0.975",0.9550299691683
"2021-06-23","7 day R","2020-05-11","DE","point","NA",0.666765923847474
"2021-06-23","7 day R","2020-05-11","DE","quantile","0.025",0.373026034813686
"2021-06-23","7 day R","2020-05-11","DE","quantile","0.975",0.956762433011624
"2021-06-23","7 day R","2020-05-12","DE","point","NA",0.66033920267615
"2021-06-23","7 day R","2020-05-12","DE","quantile","0.025",0.365348134430217
"2021-06-23","7 day R","2020-05-12","DE","quantile","0.975",0.955186910363173
"2021-06-23","7 day R","2020-05-13","DE","point","NA",0.661118739537852
"2021-06-23","7 day R","2020-05-13","DE","quantile","0.025",0.363841132074046
"2021-06-23","7 day R","2020-05-13","DE","quantile","0.975",0.952305832316509
"2021-06-23","7 day R","2020-05-14","DE","point","NA",0.657319219076928
"2021-06-23","7 day R","2020-05-14","DE","quantile","0.025",0.359981940387035
"2021-06-23","7 day R","2020-05-14","DE","quantile","0.975",0.949847775084394
"2021-06-23","7 day R","2020-05-15","DE","point","NA",0.67219040115632
"2021-06-23","7 day R","2020-05-15","DE","quantile","0.025",0.378228303028483
"2021-06-23","7 day R","2020-05-15","DE","quantile","0.975",0.96569092166753
"2021-06-23","7 day R","2020-05-16","DE","point","NA",0.692503230410078
"2021-06-23","7 day R","2020-05-16","DE","quantile","0.025",0.397231052255367
"2021-06-23","7 day R","2020-05-16","DE","quantile","0.975",0.984185597369978
"2021-06-23","7 day R","2020-05-17","DE","point","NA",0.711602273663777
"2021-06-23","7 day R","2020-05-17","DE","quantile","0.025",0.417816022308764
"2021-06-23","7 day R","2020-05-17","DE","quantile","0.975",1.00303970940634
"2021-06-23","7 day R","2020-05-18","DE","point","NA",0.723336412468778
"2021-06-23","7 day R","2020-05-18","DE","quantile","0.025",0.432902580980475
"2021-06-23","7 day R","2020-05-18","DE","quantile","0.975",1.01792179069014
"2021-06-23","7 day R","2020-05-19","DE","point","NA",0.741157375401392
"2021-06-23","7 day R","2020-05-19","DE","quantile","0.025",0.449380540648096
"2021-06-23","7 day R","2020-05-19","DE","quantile","0.975",1.03621494526976
"2021-06-23","7 day R","2020-05-20","DE","point","NA",0.73109843540242
"2021-06-23","7 day R","2020-05-20","DE","quantile","0.025",0.440134282075295
"2021-06-23","7 day R","2020-05-20","DE","quantile","0.975",1.02127117449849
"2021-06-23","7 day R","2020-05-21","DE","point","NA",0.71674083495318
"2021-06-23","7 day R","2020-05-21","DE","quantile","0.025",0.423368464552016
"2021-06-23","7 day R","2020-05-21","DE","quantile","0.975",1.00728432225605
"2021-06-23","7 day R","2020-05-22","DE","point","NA",0.710246899047553
"2021-06-23","7 day R","2020-05-22","DE","quantile","0.025",0.415626798120299
"2021-06-23","7 day R","2020-05-22","DE","quantile","0.975",1.00853604863945
"2021-06-23","7 day R","2020-05-23","DE","point","NA",0.709198461764626
"2021-06-23","7 day R","2020-05-23","DE","quantile","0.025",0.413920869142325
"2021-06-23","7 day R","2020-05-23","DE","quantile","0.975",1.0046572719126
"2021-06-23","7 day R","2020-05-24","DE","point","NA",0.713775598513833
"2021-06-23","7 day R","2020-05-24","DE","quantile","0.025",0.41853268492907
"2021-06-23","7 day R","2020-05-24","DE","quantile","0.975",1.01222952386445
"2021-06-23","7 day R","2020-05-25","DE","point","NA",0.720554193518372
"2021-06-23","7 day R","2020-05-25","DE","quantile","0.025",0.425944676919526
"2021-06-23","7 day R","2020-05-25","DE","quantile","0.975",1.01524339712649
"2021-06-23","7 day R","2020-05-26","DE","point","NA",0.72715035727995
"2021-06-23","7 day R","2020-05-26","DE","quantile","0.025",0.43477901457752
"2021-06-23","7 day R","2020-05-26","DE","quantile","0.975",1.0232194148336
"2021-06-23","7 day R","2020-05-27","DE","point","NA",0.729921058692742
"2021-06-23","7 day R","2020-05-27","DE","quantile","0.025",0.434390144265887
"2021-06-23","7 day R","2020-05-27","DE","quantile","0.975",1.0266035331113
"2021-06-23","7 day R","2020-05-28","DE","point","NA",0.737928664609925
"2021-06-23","7 day R","2020-05-28","DE","quantile","0.025",0.440620902684826
"2021-06-23","7 day R","2020-05-28","DE","quantile","0.975",1.03372707341682
"2021-06-23","7 day R","2020-05-29","DE","point","NA",0.737253113669735
"2021-06-23","7 day R","2020-05-29","DE","quantile","0.025",0.44072445346984
"2021-06-23","7 day R","2020-05-29","DE","quantile","0.975",1.03279591355482
"2021-06-23","7 day R","2020-05-30","DE","point","NA",0.730718214782228
"2021-06-23","7 day R","2020-05-30","DE","quantile","0.025",0.435272663507861
"2021-06-23","7 day R","2020-05-30","DE","quantile","0.975",1.02727100776014
"2021-06-23","7 day R","2020-05-31","DE","point","NA",0.727129505521658
"2021-06-23","7 day R","2020-05-31","DE","quantile","0.025",0.431164199135677
"2021-06-23","7 day R","2020-05-31","DE","quantile","0.975",1.02183083072324
"2021-06-23","7 day R","2020-06-01","DE","point","NA",0.727253695474316
"2021-06-23","7 day R","2020-06-01","DE","quantile","0.025",0.429558181006235
"2021-06-23","7 day R","2020-06-01","DE","quantile","0.975",1.02082377412719
"2021-06-23","7 day R","2020-06-02","DE","point","NA",0.732074723059228
"2021-06-23","7 day R","2020-06-02","DE","quantile","0.025",0.433212512626911
"2021-06-23","7 day R","2020-06-02","DE","quantile","0.975",1.02831880857423
"2021-06-23","7 day R","2020-06-03","DE","point","NA",0.750517907342709
"2021-06-23","7 day R","2020-06-03","DE","quantile","0.025",0.453997372821205
"2021-06-23","7 day R","2020-06-03","DE","quantile","0.975",1.0450502424586
"2021-06-23","7 day R","2020-06-04","DE","point","NA",0.771821680591687
"2021-06-23","7 day R","2020-06-04","DE","quantile","0.025",0.474797985591691
"2021-06-23","7 day R","2020-06-04","DE","quantile","0.975",1.0673426942532
"2021-06-23","7 day R","2020-06-05","DE","point","NA",0.804542683993927
"2021-06-23","7 day R","2020-06-05","DE","quantile","0.025",0.51088043645999
"2021-06-23","7 day R","2020-06-05","DE","quantile","0.975",1.1025714566552
"2021-06-23","7 day R","2020-06-06","DE","point","NA",0.836768126459348
"2021-06-23","7 day R","2020-06-06","DE","quantile","0.025",0.542553792631648
"2021-06-23","7 day R","2020-06-06","DE","quantile","0.975",1.13222650576168
"2021-06-23","7 day R","2020-06-07","DE","point","NA",0.843372812442711
"2021-06-23","7 day R","2020-06-07","DE","quantile","0.025",0.549478925352413
"2021-06-23","7 day R","2020-06-07","DE","quantile","0.975",1.1360037445245
"2021-06-23","7 day R","2020-06-08","DE","point","NA",0.847062865233026
"2021-06-23","7 day R","2020-06-08","DE","quantile","0.025",0.553512085385704
"2021-06-23","7 day R","2020-06-08","DE","quantile","0.975",1.14097820668234
"2021-06-23","7 day R","2020-06-09","DE","point","NA",0.840187154827694
"2021-06-23","7 day R","2020-06-09","DE","quantile","0.025",0.543917596297708
"2021-06-23","7 day R","2020-06-09","DE","quantile","0.975",1.13068887360504
"2021-06-23","7 day R","2020-06-10","DE","point","NA",0.839580756338405
"2021-06-23","7 day R","2020-06-10","DE","quantile","0.025",0.541637789740708
"2021-06-23","7 day R","2020-06-10","DE","quantile","0.975",1.13016751500096
"2021-06-23","7 day R","2020-06-11","DE","point","NA",0.860606408203111
"2021-06-23","7 day R","2020-06-11","DE","quantile","0.025",0.567790727146213
"2021-06-23","7 day R","2020-06-11","DE","quantile","0.975",1.14947281484276
"2021-06-23","7 day R","2020-06-12","DE","point","NA",0.913526555838303
"2021-06-23","7 day R","2020-06-12","DE","quantile","0.025",0.619096213524469
"2021-06-23","7 day R","2020-06-12","DE","quantile","0.975",1.20093262421769
"2021-06-23","7 day R","2020-06-13","DE","point","NA",0.952648872449023
"2021-06-23","7 day R","2020-06-13","DE","quantile","0.025",0.659819795794013
"2021-06-23","7 day R","2020-06-13","DE","quantile","0.975",1.24441203823409
"2021-06-23","7 day R","2020-06-14","DE","point","NA",1.01295475644578
"2021-06-23","7 day R","2020-06-14","DE","quantile","0.025",0.724613069701719
"2021-06-23","7 day R","2020-06-14","DE","quantile","0.975",1.30942740960193
"2021-06-23","7 day R","2020-06-15","DE","point","NA",1.07397882586163
"2021-06-23","7 day R","2020-06-15","DE","quantile","0.025",0.783266099226629
"2021-06-23","7 day R","2020-06-15","DE","quantile","0.975",1.36551034225266
"2021-06-23","7 day R","2020-06-16","DE","point","NA",1.14790968731377
"2021-06-23","7 day R","2020-06-16","DE","quantile","0.025",0.854865790203955
"2021-06-23","7 day R","2020-06-16","DE","quantile","0.975",1.44475368726095
"2021-06-23","7 day R","2020-06-17","DE","point","NA",1.19930500654947
"2021-06-23","7 day R","2020-06-17","DE","quantile","0.025",0.904157887281155
"2021-06-23","7 day R","2020-06-17","DE","quantile","0.975",1.50141552386569
"2021-06-23","7 day R","2020-06-18","DE","point","NA",1.24556811563191
"2021-06-23","7 day R","2020-06-18","DE","quantile","0.025",0.951356944630171
"2021-06-23","7 day R","2020-06-18","DE","quantile","0.975",1.55400413404979
"2021-06-23","7 day R","2020-06-19","DE","point","NA",1.21807932907111
"2021-06-23","7 day R","2020-06-19","DE","quantile","0.025",0.921494333685124
"2021-06-23","7 day R","2020-06-19","DE","quantile","0.975",1.52487209651014
"2021-06-23","7 day R","2020-06-20","DE","point","NA",1.20224488471985
"2021-06-23","7 day R","2020-06-20","DE","quantile","0.025",0.903095013675648
"2021-06-23","7 day R","2020-06-20","DE","quantile","0.975",1.50522591529199
"2021-06-23","7 day R","2020-06-21","DE","point","NA",1.18991909679502
"2021-06-23","7 day R","2020-06-21","DE","quantile","0.025",0.894656590983012
"2021-06-23","7 day R","2020-06-21","DE","quantile","0.975",1.48929811746843
"2021-06-23","7 day R","2020-06-22","DE","point","NA",1.16285315792787
"2021-06-23","7 day R","2020-06-22","DE","quantile","0.025",0.869043990331083
"2021-06-23","7 day R","2020-06-22","DE","quantile","0.975",1.46341248727074
"2021-06-23","7 day R","2020-06-23","DE","point","NA",1.13001136150848
"2021-06-23","7 day R","2020-06-23","DE","quantile","0.025",0.83445520314078
"2021-06-23","7 day R","2020-06-23","DE","quantile","0.975",1.42889407229456
"2021-06-23","7 day R","2020-06-24","DE","point","NA",1.08856497759843
"2021-06-23","7 day R","2020-06-24","DE","quantile","0.025",0.79544479189865
"2021-06-23","7 day R","2020-06-24","DE","quantile","0.975",1.3843220168048
"2021-06-23","7 day R","2020-06-25","DE","point","NA",1.05213383190583
"2021-06-23","7 day R","2020-06-25","DE","quantile","0.025",0.758338513567051
"2021-06-23","7 day R","2020-06-25","DE","quantile","0.975",1.34756800695544
"2021-06-23","7 day R","2020-06-26","DE","point","NA",1.03404125902005
"2021-06-23","7 day R","2020-06-26","DE","quantile","0.025",0.735503014362463
"2021-06-23","7 day R","2020-06-26","DE","quantile","0.975",1.3317913351954
"2021-06-23","7 day R","2020-06-27","DE","point","NA",1.01123167096446
"2021-06-23","7 day R","2020-06-27","DE","quantile","0.025",0.716888632314217
"2021-06-23","7 day R","2020-06-27","DE","quantile","0.975",1.30313976150596
"2021-06-23","7 day R","2020-06-28","DE","point","NA",0.9875152775356
"2021-06-23","7 day R","2020-06-28","DE","quantile","0.025",0.689437398821914
"2021-06-23","7 day R","2020-06-28","DE","quantile","0.975",1.28289387038333
"2021-06-23","7 day R","2020-06-29","DE","point","NA",0.971183347230115
"2021-06-23","7 day R","2020-06-29","DE","quantile","0.025",0.677384658707557
"2021-06-23","7 day R","2020-06-29","DE","quantile","0.975",1.26554057178229
"2021-06-23","7 day R","2020-06-30","DE","point","NA",0.957696594892801
"2021-06-23","7 day R","2020-06-30","DE","quantile","0.025",0.666673489754876
"2021-06-23","7 day R","2020-06-30","DE","quantile","0.975",1.24990740532052
"2021-06-23","7 day R","2020-07-01","DE","point","NA",0.953324266337388
"2021-06-23","7 day R","2020-07-01","DE","quantile","0.025",0.658118236145858
"2021-06-23","7 day R","2020-07-01","DE","quantile","0.975",1.2478763592667
"2021-06-23","7 day R","2020-07-02","DE","point","NA",0.944709274000083
"2021-06-23","7 day R","2020-07-02","DE","quantile","0.025",0.65093964124403
"2021-06-23","7 day R","2020-07-02","DE","quantile","0.975",1.2386767994321
"2021-06-23","7 day R","2020-07-03","DE","point","NA",0.943811651893258
"2021-06-23","7 day R","2020-07-03","DE","quantile","0.025",0.652933775357513
"2021-06-23","7 day R","2020-07-03","DE","quantile","0.975",1.23587703523234
"2021-06-23","7 day R","2020-07-04","DE","point","NA",0.949361197551461
"2021-06-23","7 day R","2020-07-04","DE","quantile","0.025",0.658913670942032
"2021-06-23","7 day R","2020-07-04","DE","quantile","0.975",1.23734717253744
"2021-06-23","7 day R","2020-07-05","DE","point","NA",0.949386826797777
"2021-06-23","7 day R","2020-07-05","DE","quantile","0.025",0.660237737658924
"2021-06-23","7 day R","2020-07-05","DE","quantile","0.975",1.23988345436815
"2021-06-23","7 day R","2020-07-06","DE","point","NA",0.943615544204416
"2021-06-23","7 day R","2020-07-06","DE","quantile","0.025",0.652881687940204
"2021-06-23","7 day R","2020-07-06","DE","quantile","0.975",1.23670603046941
"2021-06-23","7 day R","2020-07-07","DE","point","NA",0.923187798306461
"2021-06-23","7 day R","2020-07-07","DE","quantile","0.025",0.630745197859693
"2021-06-23","7 day R","2020-07-07","DE","quantile","0.975",1.21807192245885
"2021-06-23","7 day R","2020-07-08","DE","point","NA",0.912367972194112
"2021-06-23","7 day R","2020-07-08","DE","quantile","0.025",0.621074660541691
"2021-06-23","7 day R","2020-07-08","DE","quantile","0.975",1.20608405395405
"2021-06-23","7 day R","2020-07-09","DE","point","NA",0.910028981331661
"2021-06-23","7 day R","2020-07-09","DE","quantile","0.025",0.610892298662957
"2021-06-23","7 day R","2020-07-09","DE","quantile","0.975",1.20162072829663
"2021-06-23","7 day R","2020-07-10","DE","point","NA",0.924988010781273
"2021-06-23","7 day R","2020-07-10","DE","quantile","0.025",0.629072109385222
"2021-06-23","7 day R","2020-07-10","DE","quantile","0.975",1.21631314300808
"2021-06-23","7 day R","2020-07-11","DE","point","NA",0.951195082439279
"2021-06-23","7 day R","2020-07-11","DE","quantile","0.025",0.658532709103873
"2021-06-23","7 day R","2020-07-11","DE","quantile","0.975",1.23945068234449
"2021-06-23","7 day R","2020-07-12","DE","point","NA",0.970659623926825
"2021-06-23","7 day R","2020-07-12","DE","quantile","0.025",0.677218995899246
"2021-06-23","7 day R","2020-07-12","DE","quantile","0.975",1.2629556952055
"2021-06-23","7 day R","2020-07-13","DE","point","NA",0.990671754757815
"2021-06-23","7 day R","2020-07-13","DE","quantile","0.025",0.696793969417744
"2021-06-23","7 day R","2020-07-13","DE","quantile","0.975",1.28292837287204
"2021-06-23","7 day R","2020-07-14","DE","point","NA",1.02280982047398
"2021-06-23","7 day R","2020-07-14","DE","quantile","0.025",0.727163342549941
"2021-06-23","7 day R","2020-07-14","DE","quantile","0.975",1.31209449203031
"2021-06-23","7 day R","2020-07-15","DE","point","NA",1.06054482808593
"2021-06-23","7 day R","2020-07-15","DE","quantile","0.025",0.766933592838402
"2021-06-23","7 day R","2020-07-15","DE","quantile","0.975",1.35052328800763
"2021-06-23","7 day R","2020-07-16","DE","point","NA",1.09643838865411
"2021-06-23","7 day R","2020-07-16","DE","quantile","0.025",0.800021763686676
"2021-06-23","7 day R","2020-07-16","DE","quantile","0.975",1.3919189985528
"2021-06-23","7 day R","2020-07-17","DE","point","NA",1.12319671047083
"2021-06-23","7 day R","2020-07-17","DE","quantile","0.025",0.828816803392029
"2021-06-23","7 day R","2020-07-17","DE","quantile","0.975",1.41725945971161
"2021-06-23","7 day R","2020-07-18","DE","point","NA",1.14180235089183
"2021-06-23","7 day R","2020-07-18","DE","quantile","0.025",0.848145377861868
"2021-06-23","7 day R","2020-07-18","DE","quantile","0.975",1.43187520802273
"2021-06-23","7 day R","2020-07-19","DE","point","NA",1.16195437668021
"2021-06-23","7 day R","2020-07-19","DE","quantile","0.025",0.870280266715319
"2021-06-23","7 day R","2020-07-19","DE","quantile","0.975",1.45260845282629
"2021-06-23","7 day R","2020-07-20","DE","point","NA",1.17839189978352
"2021-06-23","7 day R","2020-07-20","DE","quantile","0.025",0.887409873353748
"2021-06-23","7 day R","2020-07-20","DE","quantile","0.975",1.47454846021109
"2021-06-23","7 day R","2020-07-21","DE","point","NA",1.18544398878772
"2021-06-23","7 day R","2020-07-21","DE","quantile","0.025",0.890888937888294
"2021-06-23","7 day R","2020-07-21","DE","quantile","0.975",1.47970627571641
"2021-06-23","7 day R","2020-07-22","DE","point","NA",1.19688249861315
"2021-06-23","7 day R","2020-07-22","DE","quantile","0.025",0.901218143097041
"2021-06-23","7 day R","2020-07-22","DE","quantile","0.975",1.49328805346335
"2021-06-23","7 day R","2020-07-23","DE","point","NA",1.21202909309125
"2021-06-23","7 day R","2020-07-23","DE","quantile","0.025",0.922383188071962
"2021-06-23","7 day R","2020-07-23","DE","quantile","0.975",1.51038201183641
"2021-06-23","7 day R","2020-07-24","DE","point","NA",1.22862982768335
"2021-06-23","7 day R","2020-07-24","DE","quantile","0.025",0.93820376296562
"2021-06-23","7 day R","2020-07-24","DE","quantile","0.975",1.52689082312767
"2021-06-23","7 day R","2020-07-25","DE","point","NA",1.23995658137108
"2021-06-23","7 day R","2020-07-25","DE","quantile","0.025",0.94729562798317
"2021-06-23","7 day R","2020-07-25","DE","quantile","0.975",1.53716087399564
"2021-06-23","7 day R","2020-07-26","DE","point","NA",1.23841972454777
"2021-06-23","7 day R","2020-07-26","DE","quantile","0.025",0.941877758476782
"2021-06-23","7 day R","2020-07-26","DE","quantile","0.975",1.53315031739231
"2021-06-23","7 day R","2020-07-27","DE","point","NA",1.2354421697253
"2021-06-23","7 day R","2020-07-27","DE","quantile","0.025",0.941758296002624
"2021-06-23","7 day R","2020-07-27","DE","quantile","0.975",1.53186276529503
"2021-06-23","7 day R","2020-07-28","DE","point","NA",1.24912969206005
"2021-06-23","7 day R","2020-07-28","DE","quantile","0.025",0.954220629705636
"2021-06-23","7 day R","2020-07-28","DE","quantile","0.975",1.54743655264239
"2021-06-23","7 day R","2020-07-29","DE","point","NA",1.26138295392746
"2021-06-23","7 day R","2020-07-29","DE","quantile","0.025",0.968443834498301
"2021-06-23","7 day R","2020-07-29","DE","quantile","0.975",1.5563196505346
"2021-06-23","7 day R","2020-07-30","DE","point","NA",1.26908235380865
"2021-06-23","7 day R","2020-07-30","DE","quantile","0.025",0.97747223692967
"2021-06-23","7 day R","2020-07-30","DE","quantile","0.975",1.5639353825329
"2021-06-23","7 day R","2020-07-31","DE","point","NA",1.26305617051025
"2021-06-23","7 day R","2020-07-31","DE","quantile","0.025",0.972648418276964
"2021-06-23","7 day R","2020-07-31","DE","quantile","0.975",1.55730824836422
"2021-06-23","7 day R","2020-08-01","DE","point","NA",1.25946350538168
"2021-06-23","7 day R","2020-08-01","DE","quantile","0.025",0.966609513248858
"2021-06-23","7 day R","2020-08-01","DE","quantile","0.975",1.55375954191375
"2021-06-23","7 day R","2020-08-02","DE","point","NA",1.25802850552818
"2021-06-23","7 day R","2020-08-02","DE","quantile","0.025",0.963369563344338
"2021-06-23","7 day R","2020-08-02","DE","quantile","0.975",1.54835386476153
"2021-06-23","7 day R","2020-08-03","DE","point","NA",1.27018141097524
"2021-06-23","7 day R","2020-08-03","DE","quantile","0.025",0.977232607654995
"2021-06-23","7 day R","2020-08-03","DE","quantile","0.975",1.56374037336779
"2021-06-23","7 day R","2020-08-04","DE","point","NA",1.27864208430752
"2021-06-23","7 day R","2020-08-04","DE","quantile","0.025",0.990989357050964
"2021-06-23","7 day R","2020-08-04","DE","quantile","0.975",1.57205141100027
"2021-06-23","7 day R","2020-08-05","DE","point","NA",1.28743077709083
"2021-06-23","7 day R","2020-08-05","DE","quantile","0.025",0.993789044400072
"2021-06-23","7 day R","2020-08-05","DE","quantile","0.975",1.58032422427282
"2021-06-23","7 day R","2020-08-06","DE","point","NA",1.27860557573824
"2021-06-23","7 day R","2020-08-06","DE","quantile","0.025",0.986985355895
"2021-06-23","7 day R","2020-08-06","DE","quantile","0.975",1.56549109996215
"2021-06-23","7 day R","2020-08-07","DE","point","NA",1.27587857119754
"2021-06-23","7 day R","2020-08-07","DE","quantile","0.025",0.983724434129385
"2021-06-23","7 day R","2020-08-07","DE","quantile","0.975",1.5615045073908
"2021-06-23","7 day R","2020-08-08","DE","point","NA",1.27406924441756
"2021-06-23","7 day R","2020-08-08","DE","quantile","0.025",0.982976339857077
"2021-06-23","7 day R","2020-08-08","DE","quantile","0.975",1.56427395971947
"2021-06-23","7 day R","2020-08-09","DE","point","NA",1.27479107428394
"2021-06-23","7 day R","2020-08-09","DE","quantile","0.025",0.986552197247493
"2021-06-23","7 day R","2020-08-09","DE","quantile","0.975",1.56526467867149
"2021-06-23","7 day R","2020-08-10","DE","point","NA",1.27986525763525
"2021-06-23","7 day R","2020-08-10","DE","quantile","0.025",0.988795831059708
"2021-06-23","7 day R","2020-08-10","DE","quantile","0.975",1.57056091292724
"2021-06-23","7 day R","2020-08-11","DE","point","NA",1.28122283494456
"2021-06-23","7 day R","2020-08-11","DE","quantile","0.025",0.990985252974949
"2021-06-23","7 day R","2020-08-11","DE","quantile","0.975",1.56932718765786
"2021-06-23","7 day R","2020-08-12","DE","point","NA",1.27824651257445
"2021-06-23","7 day R","2020-08-12","DE","quantile","0.025",0.988945188253085
"2021-06-23","7 day R","2020-08-12","DE","quantile","0.975",1.56821064081835
"2021-06-23","7 day R","2020-08-13","DE","point","NA",1.27341027450358
"2021-06-23","7 day R","2020-08-13","DE","quantile","0.025",0.989986708005572
"2021-06-23","7 day R","2020-08-13","DE","quantile","0.975",1.56665385092015
"2021-06-23","7 day R","2020-08-14","DE","point","NA",1.26345574395242
"2021-06-23","7 day R","2020-08-14","DE","quantile","0.025",0.976134428489605
"2021-06-23","7 day R","2020-08-14","DE","quantile","0.975",1.55322162241233
"2021-06-23","7 day R","2020-08-15","DE","point","NA",1.25148541161879
"2021-06-23","7 day R","2020-08-15","DE","quantile","0.025",0.960108982084404
"2021-06-23","7 day R","2020-08-15","DE","quantile","0.975",1.54513410460329
"2021-06-23","7 day R","2020-08-16","DE","point","NA",1.24843719711716
"2021-06-23","7 day R","2020-08-16","DE","quantile","0.025",0.957024683130866
"2021-06-23","7 day R","2020-08-16","DE","quantile","0.975",1.54191089708151
"2021-06-23","7 day R","2020-08-17","DE","point","NA",1.2483186675569
"2021-06-23","7 day R","2020-08-17","DE","quantile","0.025",0.957934243358762
"2021-06-23","7 day R","2020-08-17","DE","quantile","0.975",1.54083900576951
"2021-06-23","7 day R","2020-08-18","DE","point","NA",1.23702824167694
"2021-06-23","7 day R","2020-08-18","DE","quantile","0.025",0.949783635675201
"2021-06-23","7 day R","2020-08-18","DE","quantile","0.975",1.53306026703059
"2021-06-23","7 day R","2020-08-19","DE","point","NA",1.21736061424744
"2021-06-23","7 day R","2020-08-19","DE","quantile","0.025",0.925046234081058
"2021-06-23","7 day R","2020-08-19","DE","quantile","0.975",1.51267366000464
"2021-06-23","7 day R","2020-08-20","DE","point","NA",1.19613443235676
"2021-06-23","7 day R","2020-08-20","DE","quantile","0.025",0.90656791461414
"2021-06-23","7 day R","2020-08-20","DE","quantile","0.975",1.4913226381789
"2021-06-23","7 day R","2020-08-21","DE","point","NA",1.17665278106
"2021-06-23","7 day R","2020-08-21","DE","quantile","0.025",0.884971252380488
"2021-06-23","7 day R","2020-08-21","DE","quantile","0.975",1.47141155674305
"2021-06-23","7 day R","2020-08-22","DE","point","NA",1.15595591226946
"2021-06-23","7 day R","2020-08-22","DE","quantile","0.025",0.860371766841943
"2021-06-23","7 day R","2020-08-22","DE","quantile","0.975",1.44963539529078
"2021-06-23","7 day R","2020-08-23","DE","point","NA",1.13992140642474
"2021-06-23","7 day R","2020-08-23","DE","quantile","0.025",0.846597831526691
"2021-06-23","7 day R","2020-08-23","DE","quantile","0.975",1.42999798630131
"2021-06-23","7 day R","2020-08-24","DE","point","NA",1.12381738010852
"2021-06-23","7 day R","2020-08-24","DE","quantile","0.025",0.828903028555459
"2021-06-23","7 day R","2020-08-24","DE","quantile","0.975",1.4183189037825
"2021-06-23","7 day R","2020-08-25","DE","point","NA",1.10693745210858
"2021-06-23","7 day R","2020-08-25","DE","quantile","0.025",0.814857166003838
"2021-06-23","7 day R","2020-08-25","DE","quantile","0.975",1.40396656000609
"2021-06-23","7 day R","2020-08-26","DE","point","NA",1.08534850620744
"2021-06-23","7 day R","2020-08-26","DE","quantile","0.025",0.792332384727175
"2021-06-23","7 day R","2020-08-26","DE","quantile","0.975",1.37874669269385
"2021-06-23","7 day R","2020-08-27","DE","point","NA",1.06935377899865
"2021-06-23","7 day R","2020-08-27","DE","quantile","0.025",0.772561195388948
"2021-06-23","7 day R","2020-08-27","DE","quantile","0.975",1.36202541914396
"2021-06-23","7 day R","2020-08-28","DE","point","NA",1.05564955660715
"2021-06-23","7 day R","2020-08-28","DE","quantile","0.025",0.763880285181777
"2021-06-23","7 day R","2020-08-28","DE","quantile","0.975",1.34827927426116
"2021-06-23","7 day R","2020-08-29","DE","point","NA",1.04497126744005
"2021-06-23","7 day R","2020-08-29","DE","quantile","0.025",0.749921593404115
"2021-06-23","7 day R","2020-08-29","DE","quantile","0.975",1.33664594926975
"2021-06-23","7 day R","2020-08-30","DE","point","NA",1.04063005215307
"2021-06-23","7 day R","2020-08-30","DE","quantile","0.025",0.745038968398227
"2021-06-23","7 day R","2020-08-30","DE","quantile","0.975",1.33346053909007
"2021-06-23","7 day R","2020-08-31","DE","point","NA",1.03948800682376
"2021-06-23","7 day R","2020-08-31","DE","quantile","0.025",0.745907030882654
"2021-06-23","7 day R","2020-08-31","DE","quantile","0.975",1.33086907263223
"2021-06-23","7 day R","2020-09-01","DE","point","NA",1.03765984296262
"2021-06-23","7 day R","2020-09-01","DE","quantile","0.025",0.743926541311076
"2021-06-23","7 day R","2020-09-01","DE","quantile","0.975",1.32879745502337
"2021-06-23","7 day R","2020-09-02","DE","point","NA",1.03903639571022
"2021-06-23","7 day R","2020-09-02","DE","quantile","0.025",0.743220103051773
"2021-06-23","7 day R","2020-09-02","DE","quantile","0.975",1.32941709266931
"2021-06-23","7 day R","2020-09-03","DE","point","NA",1.04212824986538
"2021-06-23","7 day R","2020-09-03","DE","quantile","0.025",0.749300912706966
"2021-06-23","7 day R","2020-09-03","DE","quantile","0.975",1.33182298667895
"2021-06-23","7 day R","2020-09-04","DE","point","NA",1.04857322024663
"2021-06-23","7 day R","2020-09-04","DE","quantile","0.025",0.755796156058947
"2021-06-23","7 day R","2020-09-04","DE","quantile","0.975",1.3418562656739
"2021-06-23","7 day R","2020-09-05","DE","point","NA",1.06116388142975
"2021-06-23","7 day R","2020-09-05","DE","quantile","0.025",0.76874052901487
"2021-06-23","7 day R","2020-09-05","DE","quantile","0.975",1.3574953311293
"2021-06-23","7 day R","2020-09-06","DE","point","NA",1.07781289624956
"2021-06-23","7 day R","2020-09-06","DE","quantile","0.025",0.785362243652677
"2021-06-23","7 day R","2020-09-06","DE","quantile","0.975",1.37048892398446
"2021-06-23","7 day R","2020-09-07","DE","point","NA",1.09211250729793
"2021-06-23","7 day R","2020-09-07","DE","quantile","0.025",0.799056072246844
"2021-06-23","7 day R","2020-09-07","DE","quantile","0.975",1.38484561632028
"2021-06-23","7 day R","2020-09-08","DE","point","NA",1.09311483343382
"2021-06-23","7 day R","2020-09-08","DE","quantile","0.025",0.798005225986113
"2021-06-23","7 day R","2020-09-08","DE","quantile","0.975",1.38189021860098
"2021-06-23","7 day R","2020-09-09","DE","point","NA",1.09507757651281
"2021-06-23","7 day R","2020-09-09","DE","quantile","0.025",0.79849255354873
"2021-06-23","7 day R","2020-09-09","DE","quantile","0.975",1.38691232838133
"2021-06-23","7 day R","2020-09-10","DE","point","NA",1.1009711485265
"2021-06-23","7 day R","2020-09-10","DE","quantile","0.025",0.806806170241851
"2021-06-23","7 day R","2020-09-10","DE","quantile","0.975",1.39488968368957
"2021-06-23","7 day R","2020-09-11","DE","point","NA",1.10956583697667
"2021-06-23","7 day R","2020-09-11","DE","quantile","0.025",0.817490779262104
"2021-06-23","7 day R","2020-09-11","DE","quantile","0.975",1.3980166970519
"2021-06-23","7 day R","2020-09-12","DE","point","NA",1.12105148056123
"2021-06-23","7 day R","2020-09-12","DE","quantile","0.025",0.823230811277598
"2021-06-23","7 day R","2020-09-12","DE","quantile","0.975",1.40993178996715
"2021-06-23","7 day R","2020-09-13","DE","point","NA",1.13134613558502
"2021-06-23","7 day R","2020-09-13","DE","quantile","0.025",0.835991969029159
"2021-06-23","7 day R","2020-09-13","DE","quantile","0.975",1.4249437443748
"2021-06-23","7 day R","2020-09-14","DE","point","NA",1.13910739767268
"2021-06-23","7 day R","2020-09-14","DE","quantile","0.025",0.848419318836825
"2021-06-23","7 day R","2020-09-14","DE","quantile","0.975",1.43385933267505
"2021-06-23","7 day R","2020-09-15","DE","point","NA",1.15264161227563
"2021-06-23","7 day R","2020-09-15","DE","quantile","0.025",0.854421822680581
"2021-06-23","7 day R","2020-09-15","DE","quantile","0.975",1.45193870147077
"2021-06-23","7 day R","2020-09-16","DE","point","NA",1.15914465057479
"2021-06-23","7 day R","2020-09-16","DE","quantile","0.025",0.862986692497422
"2021-06-23","7 day R","2020-09-16","DE","quantile","0.975",1.45403567633832
"2021-06-23","7 day R","2020-09-17","DE","point","NA",1.16563058036716
"2021-06-23","7 day R","2020-09-17","DE","quantile","0.025",0.869711324544962
"2021-06-23","7 day R","2020-09-17","DE","quantile","0.975",1.4576717926391
"2021-06-23","7 day R","2020-09-18","DE","point","NA",1.16765976601007
"2021-06-23","7 day R","2020-09-18","DE","quantile","0.025",0.87315338652873
"2021-06-23","7 day R","2020-09-18","DE","quantile","0.975",1.4666061376098
"2021-06-23","7 day R","2020-09-19","DE","point","NA",1.1667953179228
"2021-06-23","7 day R","2020-09-19","DE","quantile","0.025",0.875088344549598
"2021-06-23","7 day R","2020-09-19","DE","quantile","0.975",1.46118035246914
"2021-06-23","7 day R","2020-09-20","DE","point","NA",1.15653788279109
"2021-06-23","7 day R","2020-09-20","DE","quantile","0.025",0.864657543862995
"2021-06-23","7 day R","2020-09-20","DE","quantile","0.975",1.45188337075098
"2021-06-23","7 day R","2020-09-21","DE","point","NA",1.14617439799581
"2021-06-23","7 day R","2020-09-21","DE","quantile","0.025",0.851217872799657
"2021-06-23","7 day R","2020-09-21","DE","quantile","0.975",1.4404091446871
"2021-06-23","7 day R","2020-09-22","DE","point","NA",1.14527026280592
"2021-06-23","7 day R","2020-09-22","DE","quantile","0.025",0.851661528157006
"2021-06-23","7 day R","2020-09-22","DE","quantile","0.975",1.43819553250712
"2021-06-23","7 day R","2020-09-23","DE","point","NA",1.14673008679932
"2021-06-23","7 day R","2020-09-23","DE","quantile","0.025",0.850632050423906
"2021-06-23","7 day R","2020-09-23","DE","quantile","0.975",1.43759763715279
"2021-06-23","7 day R","2020-09-24","DE","point","NA",1.15931244610006
"2021-06-23","7 day R","2020-09-24","DE","quantile","0.025",0.867991581954672
"2021-06-23","7 day R","2020-09-24","DE","quantile","0.975",1.45176388178943
"2021-06-23","7 day R","2020-09-25","DE","point","NA",1.17223052560485
"2021-06-23","7 day R","2020-09-25","DE","quantile","0.025",0.877301734431152
"2021-06-23","7 day R","2020-09-25","DE","quantile","0.975",1.46733074526628
"2021-06-23","7 day R","2020-09-26","DE","point","NA",1.18304228593918
"2021-06-23","7 day R","2020-09-26","DE","quantile","0.025",0.888186142737326
"2021-06-23","7 day R","2020-09-26","DE","quantile","0.975",1.47572251968943
"2021-06-23","7 day R","2020-09-27","DE","point","NA",1.19682093326077
"2021-06-23","7 day R","2020-09-27","DE","quantile","0.025",0.9022967568955
"2021-06-23","7 day R","2020-09-27","DE","quantile","0.975",1.49240388735813
"2021-06-23","7 day R","2020-09-28","DE","point","NA",1.20741581916131
"2021-06-23","7 day R","2020-09-28","DE","quantile","0.025",0.9140218509178
"2021-06-23","7 day R","2020-09-28","DE","quantile","0.975",1.50038114660931
"2021-06-23","7 day R","2020-09-29","DE","point","NA",1.21783075700204
"2021-06-23","7 day R","2020-09-29","DE","quantile","0.025",0.922658945921722
"2021-06-23","7 day R","2020-09-29","DE","quantile","0.975",1.51068997854996
"2021-06-23","7 day R","2020-09-30","DE","point","NA",1.23277808003626
"2021-06-23","7 day R","2020-09-30","DE","quantile","0.025",0.938913380367868
"2021-06-23","7 day R","2020-09-30","DE","quantile","0.975",1.52832802228172
"2021-06-23","7 day R","2020-10-01","DE","point","NA",1.25275184509637
"2021-06-23","7 day R","2020-10-01","DE","quantile","0.025",0.958241869782154
"2021-06-23","7 day R","2020-10-01","DE","quantile","0.975",1.54827955991358
"2021-06-23","7 day R","2020-10-02","DE","point","NA",1.27671954890311
"2021-06-23","7 day R","2020-10-02","DE","quantile","0.025",0.982579517656429
"2021-06-23","7 day R","2020-10-02","DE","quantile","0.975",1.57125436014233
"2021-06-23","7 day R","2020-10-03","DE","point","NA",1.30272719760602
"2021-06-23","7 day R","2020-10-03","DE","quantile","0.025",1.0065249600636
"2021-06-23","7 day R","2020-10-03","DE","quantile","0.975",1.59549972365378
"2021-06-23","7 day R","2020-10-04","DE","point","NA",1.33135003733031
"2021-06-23","7 day R","2020-10-04","DE","quantile","0.025",1.03798562569679
"2021-06-23","7 day R","2020-10-04","DE","quantile","0.975",1.62662268242051
"2021-06-23","7 day R","2020-10-05","DE","point","NA",1.3610855933603
"2021-06-23","7 day R","2020-10-05","DE","quantile","0.025",1.0682282667936
"2021-06-23","7 day R","2020-10-05","DE","quantile","0.975",1.65483556138492
"2021-06-23","7 day R","2020-10-06","DE","point","NA",1.39120357344188
"2021-06-23","7 day R","2020-10-06","DE","quantile","0.025",1.09927244310463
"2021-06-23","7 day R","2020-10-06","DE","quantile","0.975",1.68304356281923
"2021-06-23","7 day R","2020-10-07","DE","point","NA",1.42660790322523
"2021-06-23","7 day R","2020-10-07","DE","quantile","0.025",1.13278332611684
"2021-06-23","7 day R","2020-10-07","DE","quantile","0.975",1.72341561060294
"2021-06-23","7 day R","2020-10-08","DE","point","NA",1.45721750491554
"2021-06-23","7 day R","2020-10-08","DE","quantile","0.025",1.16344997529637
"2021-06-23","7 day R","2020-10-08","DE","quantile","0.975",1.7481988817991
"2021-06-23","7 day R","2020-10-09","DE","point","NA",1.47710892719826
"2021-06-23","7 day R","2020-10-09","DE","quantile","0.025",1.18789066950026
"2021-06-23","7 day R","2020-10-09","DE","quantile","0.975",1.77102709669073
"2021-06-23","7 day R","2020-10-10","DE","point","NA",1.49485016780604
"2021-06-23","7 day R","2020-10-10","DE","quantile","0.025",1.20150784637365
"2021-06-23","7 day R","2020-10-10","DE","quantile","0.975",1.78527714579428
"2021-06-23","7 day R","2020-10-11","DE","point","NA",1.51601888265355
"2021-06-23","7 day R","2020-10-11","DE","quantile","0.025",1.22464784395416
"2021-06-23","7 day R","2020-10-11","DE","quantile","0.975",1.81218624484633
"2021-06-23","7 day R","2020-10-12","DE","point","NA",1.53620477303958
"2021-06-23","7 day R","2020-10-12","DE","quantile","0.025",1.24549667300075
"2021-06-23","7 day R","2020-10-12","DE","quantile","0.975",1.83014330732442
"2021-06-23","7 day R","2020-10-13","DE","point","NA",1.53685570845151
"2021-06-23","7 day R","2020-10-13","DE","quantile","0.025",1.24892157942558
"2021-06-23","7 day R","2020-10-13","DE","quantile","0.975",1.83114974946275
"2021-06-23","7 day R","2020-10-14","DE","point","NA",1.54209686472632
"2021-06-23","7 day R","2020-10-14","DE","quantile","0.025",1.25205588719092
"2021-06-23","7 day R","2020-10-14","DE","quantile","0.975",1.84181279554915
"2021-06-23","7 day R","2020-10-15","DE","point","NA",1.54392116252131
"2021-06-23","7 day R","2020-10-15","DE","quantile","0.025",1.25180078107318
"2021-06-23","7 day R","2020-10-15","DE","quantile","0.975",1.83746406707919
"2021-06-23","7 day R","2020-10-16","DE","point","NA",1.53765028218124
"2021-06-23","7 day R","2020-10-16","DE","quantile","0.025",1.24756076888798
"2021-06-23","7 day R","2020-10-16","DE","quantile","0.975",1.83059841693155
"2021-06-23","7 day R","2020-10-17","DE","point","NA",1.53244529818909
"2021-06-23","7 day R","2020-10-17","DE","quantile","0.025",1.24121216266891
"2021-06-23","7 day R","2020-10-17","DE","quantile","0.975",1.83009315547471
"2021-06-23","7 day R","2020-10-18","DE","point","NA",1.53255867993723
"2021-06-23","7 day R","2020-10-18","DE","quantile","0.025",1.23996480874742
"2021-06-23","7 day R","2020-10-18","DE","quantile","0.975",1.82767098089877
"2021-06-23","7 day R","2020-10-19","DE","point","NA",1.53811655554021
"2021-06-23","7 day R","2020-10-19","DE","quantile","0.025",1.24787125181411
"2021-06-23","7 day R","2020-10-19","DE","quantile","0.975",1.83077434303535
"2021-06-23","7 day R","2020-10-20","DE","point","NA",1.54170280464235
"2021-06-23","7 day R","2020-10-20","DE","quantile","0.025",1.25016470478941
"2021-06-23","7 day R","2020-10-20","DE","quantile","0.975",1.83258942491149
"2021-06-23","7 day R","2020-10-21","DE","point","NA",1.53857864326396
"2021-06-23","7 day R","2020-10-21","DE","quantile","0.025",1.24427161971499
"2021-06-23","7 day R","2020-10-21","DE","quantile","0.975",1.83218097001173
"2021-06-23","7 day R","2020-10-22","DE","point","NA",1.52853003215323
"2021-06-23","7 day R","2020-10-22","DE","quantile","0.025",1.23514735719751
"2021-06-23","7 day R","2020-10-22","DE","quantile","0.975",1.81947760746516
"2021-06-23","7 day R","2020-10-23","DE","point","NA",1.54646997904446
"2021-06-23","7 day R","2020-10-23","DE","quantile","0.025",1.25513420099865
"2021-06-23","7 day R","2020-10-23","DE","quantile","0.975",1.84051335241503
"2021-06-23","7 day R","2020-10-24","DE","point","NA",1.55282450161435
"2021-06-23","7 day R","2020-10-24","DE","quantile","0.025",1.26353206469378
"2021-06-23","7 day R","2020-10-24","DE","quantile","0.975",1.8449021324954
"2021-06-23","7 day R","2020-10-25","DE","point","NA",1.54909071519549
"2021-06-23","7 day R","2020-10-25","DE","quantile","0.025",1.25970628536942
"2021-06-23","7 day R","2020-10-25","DE","quantile","0.975",1.84405209551632
"2021-06-23","7 day R","2020-10-26","DE","point","NA",1.53390983097868
"2021-06-23","7 day R","2020-10-26","DE","quantile","0.025",1.24515547614527
"2021-06-23","7 day R","2020-10-26","DE","quantile","0.975",1.82582414405651
"2021-06-23","7 day R","2020-10-27","DE","point","NA",1.52080035007973
"2021-06-23","7 day R","2020-10-27","DE","quantile","0.025",1.22718935509974
"2021-06-23","7 day R","2020-10-27","DE","quantile","0.975",1.81930417676674
"2021-06-23","7 day R","2020-10-28","DE","point","NA",1.50403206333816
"2021-06-23","7 day R","2020-10-28","DE","quantile","0.025",1.21168784010824
"2021-06-23","7 day R","2020-10-28","DE","quantile","0.975",1.8002142377736
"2021-06-23","7 day R","2020-10-29","DE","point","NA",1.49673467282705
"2021-06-23","7 day R","2020-10-29","DE","quantile","0.025",1.20481106722273
"2021-06-23","7 day R","2020-10-29","DE","quantile","0.975",1.79838480948722
"2021-06-23","7 day R","2020-10-30","DE","point","NA",1.48048124570045
"2021-06-23","7 day R","2020-10-30","DE","quantile","0.025",1.18881191796036
"2021-06-23","7 day R","2020-10-30","DE","quantile","0.975",1.77776752797235
"2021-06-23","7 day R","2020-10-31","DE","point","NA",1.46249710457775
"2021-06-23","7 day R","2020-10-31","DE","quantile","0.025",1.1716118557566
"2021-06-23","7 day R","2020-10-31","DE","quantile","0.975",1.75677986257325
"2021-06-23","7 day R","2020-11-01","DE","point","NA",1.44208168674157
"2021-06-23","7 day R","2020-11-01","DE","quantile","0.025",1.15099442968891
"2021-06-23","7 day R","2020-11-01","DE","quantile","0.975",1.73769621971224
"2021-06-23","7 day R","2020-11-02","DE","point","NA",1.41715915447291
"2021-06-23","7 day R","2020-11-02","DE","quantile","0.025",1.12449426102482
"2021-06-23","7 day R","2020-11-02","DE","quantile","0.975",1.70971172394849
"2021-06-23","7 day R","2020-11-03","DE","point","NA",1.36786285765747
"2021-06-23","7 day R","2020-11-03","DE","quantile","0.025",1.0756296666736
"2021-06-23","7 day R","2020-11-03","DE","quantile","0.975",1.66034636528632
"2021-06-23","7 day R","2020-11-04","DE","point","NA",1.35067840128595
"2021-06-23","7 day R","2020-11-04","DE","quantile","0.025",1.0605131747297
"2021-06-23","7 day R","2020-11-04","DE","quantile","0.975",1.64226134469097
"2021-06-23","7 day R","2020-11-05","DE","point","NA",1.31467612728497
"2021-06-23","7 day R","2020-11-05","DE","quantile","0.025",1.02187002138987
"2021-06-23","7 day R","2020-11-05","DE","quantile","0.975",1.60820160398271
"2021-06-23","7 day R","2020-11-06","DE","point","NA",1.27977133334011
"2021-06-23","7 day R","2020-11-06","DE","quantile","0.025",0.986431025093416
"2021-06-23","7 day R","2020-11-06","DE","quantile","0.975",1.57289329721159
"2021-06-23","7 day R","2020-11-07","DE","point","NA",1.24760757292099
"2021-06-23","7 day R","2020-11-07","DE","quantile","0.025",0.956274317676178
"2021-06-23","7 day R","2020-11-07","DE","quantile","0.975",1.54210919285812
"2021-06-23","7 day R","2020-11-08","DE","point","NA",1.21930814296319
"2021-06-23","7 day R","2020-11-08","DE","quantile","0.025",0.926081894071652
"2021-06-23","7 day R","2020-11-08","DE","quantile","0.975",1.51162100953341
"2021-06-23","7 day R","2020-11-09","DE","point","NA",1.18420725200504
"2021-06-23","7 day R","2020-11-09","DE","quantile","0.025",0.885939229470578
"2021-06-23","7 day R","2020-11-09","DE","quantile","0.975",1.47601986074468
"2021-06-23","7 day R","2020-11-10","DE","point","NA",1.17356704761249
"2021-06-23","7 day R","2020-11-10","DE","quantile","0.025",0.878989695599912
"2021-06-23","7 day R","2020-11-10","DE","quantile","0.975",1.46513487939366
"2021-06-23","7 day R","2020-11-11","DE","point","NA",1.14829145086558
"2021-06-23","7 day R","2020-11-11","DE","quantile","0.025",0.859261295496071
"2021-06-23","7 day R","2020-11-11","DE","quantile","0.975",1.44128689784779
"2021-06-23","7 day R","2020-11-12","DE","point","NA",1.13448751838005
"2021-06-23","7 day R","2020-11-12","DE","quantile","0.025",0.845530631381957
"2021-06-23","7 day R","2020-11-12","DE","quantile","0.975",1.42679415099921
"2021-06-23","7 day R","2020-11-13","DE","point","NA",1.11647904396894
"2021-06-23","7 day R","2020-11-13","DE","quantile","0.025",0.826950047433422
"2021-06-23","7 day R","2020-11-13","DE","quantile","0.975",1.40746425465249
"2021-06-23","7 day R","2020-11-14","DE","point","NA",1.09965291136571
"2021-06-23","7 day R","2020-11-14","DE","quantile","0.025",0.809982946785273
"2021-06-23","7 day R","2020-11-14","DE","quantile","0.975",1.3895473135157
"2021-06-23","7 day R","2020-11-15","DE","point","NA",1.08435952879716
"2021-06-23","7 day R","2020-11-15","DE","quantile","0.025",0.789395575823794
"2021-06-23","7 day R","2020-11-15","DE","quantile","0.975",1.37766031347502
"2021-06-23","7 day R","2020-11-16","DE","point","NA",1.08270764350615
"2021-06-23","7 day R","2020-11-16","DE","quantile","0.025",0.78458967915332
"2021-06-23","7 day R","2020-11-16","DE","quantile","0.975",1.37508491332286
"2021-06-23","7 day R","2020-11-17","DE","point","NA",1.08058584864322
"2021-06-23","7 day R","2020-11-17","DE","quantile","0.025",0.783279393864721
"2021-06-23","7 day R","2020-11-17","DE","quantile","0.975",1.3711774547865
"2021-06-23","7 day R","2020-11-18","DE","point","NA",1.06665085724235
"2021-06-23","7 day R","2020-11-18","DE","quantile","0.025",0.774355305346158
"2021-06-23","7 day R","2020-11-18","DE","quantile","0.975",1.35746213680632
"2021-06-23","7 day R","2020-11-19","DE","point","NA",1.06005779201877
"2021-06-23","7 day R","2020-11-19","DE","quantile","0.025",0.766228927495313
"2021-06-23","7 day R","2020-11-19","DE","quantile","0.975",1.35083070282222
"2021-06-23","7 day R","2020-11-20","DE","point","NA",1.05079506579525
"2021-06-23","7 day R","2020-11-20","DE","quantile","0.025",0.757267865083649
"2021-06-23","7 day R","2020-11-20","DE","quantile","0.975",1.34234387297298
"2021-06-23","7 day R","2020-11-21","DE","point","NA",1.03995921868528
"2021-06-23","7 day R","2020-11-21","DE","quantile","0.025",0.74870890533254
"2021-06-23","7 day R","2020-11-21","DE","quantile","0.975",1.32884274047271
"2021-06-23","7 day R","2020-11-22","DE","point","NA",1.03458583807675
"2021-06-23","7 day R","2020-11-22","DE","quantile","0.025",0.741877359027378
"2021-06-23","7 day R","2020-11-22","DE","quantile","0.975",1.32340387783232
"2021-06-23","7 day R","2020-11-23","DE","point","NA",1.03483592738795
"2021-06-23","7 day R","2020-11-23","DE","quantile","0.025",0.741739594630269
"2021-06-23","7 day R","2020-11-23","DE","quantile","0.975",1.3243957727741
"2021-06-23","7 day R","2020-11-24","DE","point","NA",1.0337064776514
"2021-06-23","7 day R","2020-11-24","DE","quantile","0.025",0.742650580085031
"2021-06-23","7 day R","2020-11-24","DE","quantile","0.975",1.32260168251725
"2021-06-23","7 day R","2020-11-25","DE","point","NA",1.04479941713188
"2021-06-23","7 day R","2020-11-25","DE","quantile","0.025",0.750018622393737
"2021-06-23","7 day R","2020-11-25","DE","quantile","0.975",1.34011573691822
"2021-06-23","7 day R","2020-11-26","DE","point","NA",1.03876210976387
"2021-06-23","7 day R","2020-11-26","DE","quantile","0.025",0.744451451261608
"2021-06-23","7 day R","2020-11-26","DE","quantile","0.975",1.33113445521729
"2021-06-23","7 day R","2020-11-27","DE","point","NA",1.03523702779493
"2021-06-23","7 day R","2020-11-27","DE","quantile","0.025",0.745989966941648
"2021-06-23","7 day R","2020-11-27","DE","quantile","0.975",1.32594514153347
"2021-06-23","7 day R","2020-11-28","DE","point","NA",1.03174357304993
"2021-06-23","7 day R","2020-11-28","DE","quantile","0.025",0.742325108760253
"2021-06-23","7 day R","2020-11-28","DE","quantile","0.975",1.32451629581152
"2021-06-23","7 day R","2020-11-29","DE","point","NA",1.0332330273476
"2021-06-23","7 day R","2020-11-29","DE","quantile","0.025",0.739663223717111
"2021-06-23","7 day R","2020-11-29","DE","quantile","0.975",1.32529156535065
"2021-06-23","7 day R","2020-11-30","DE","point","NA",1.04585024547018
"2021-06-23","7 day R","2020-11-30","DE","quantile","0.025",0.751905018744204
"2021-06-23","7 day R","2020-11-30","DE","quantile","0.975",1.33737694019029
"2021-06-23","7 day R","2020-12-01","DE","point","NA",1.05278324739944
"2021-06-23","7 day R","2020-12-01","DE","quantile","0.025",0.758854282324902
"2021-06-23","7 day R","2020-12-01","DE","quantile","0.975",1.34432976186269
"2021-06-23","7 day R","2020-12-02","DE","point","NA",1.05510007433878
"2021-06-23","7 day R","2020-12-02","DE","quantile","0.025",0.756979710648069
"2021-06-23","7 day R","2020-12-02","DE","quantile","0.975",1.35049494149155
"2021-06-23","7 day R","2020-12-03","DE","point","NA",1.06498649734871
"2021-06-23","7 day R","2020-12-03","DE","quantile","0.025",0.769670422688543
"2021-06-23","7 day R","2020-12-03","DE","quantile","0.975",1.35626165064569
"2021-06-23","7 day R","2020-12-04","DE","point","NA",1.07619623756115
"2021-06-23","7 day R","2020-12-04","DE","quantile","0.025",0.781118497745191
"2021-06-23","7 day R","2020-12-04","DE","quantile","0.975",1.36734637552373
"2021-06-23","7 day R","2020-12-05","DE","point","NA",1.09525554520592
"2021-06-23","7 day R","2020-12-05","DE","quantile","0.025",0.80428679274285
"2021-06-23","7 day R","2020-12-05","DE","quantile","0.975",1.3885489319491
"2021-06-23","7 day R","2020-12-06","DE","point","NA",1.09609419318524
"2021-06-23","7 day R","2020-12-06","DE","quantile","0.025",0.806831528727073
"2021-06-23","7 day R","2020-12-06","DE","quantile","0.975",1.39470818581489
"2021-06-23","7 day R","2020-12-07","DE","point","NA",1.09504874101862
"2021-06-23","7 day R","2020-12-07","DE","quantile","0.025",0.805944078330803
"2021-06-23","7 day R","2020-12-07","DE","quantile","0.975",1.38931948384604
"2021-06-23","7 day R","2020-12-08","DE","point","NA",1.1082548312609
"2021-06-23","7 day R","2020-12-08","DE","quantile","0.025",0.816844821680002
"2021-06-23","7 day R","2020-12-08","DE","quantile","0.975",1.39949830132583
"2021-06-23","7 day R","2020-12-09","DE","point","NA",1.1142297587669
"2021-06-23","7 day R","2020-12-09","DE","quantile","0.025",0.823416879939946
"2021-06-23","7 day R","2020-12-09","DE","quantile","0.975",1.40757375247537
"2021-06-23","7 day R","2020-12-10","DE","point","NA",1.1283164055304
"2021-06-23","7 day R","2020-12-10","DE","quantile","0.025",0.834719279748993
"2021-06-23","7 day R","2020-12-10","DE","quantile","0.975",1.4199182637144
"2021-06-23","7 day R","2020-12-11","DE","point","NA",1.13013565083575
"2021-06-23","7 day R","2020-12-11","DE","quantile","0.025",0.838895941644135
"2021-06-23","7 day R","2020-12-11","DE","quantile","0.975",1.41914205340432
"2021-06-23","7 day R","2020-12-12","DE","point","NA",1.12335415833924
"2021-06-23","7 day R","2020-12-12","DE","quantile","0.025",0.833885055633105
"2021-06-23","7 day R","2020-12-12","DE","quantile","0.975",1.41742832004325
"2021-06-23","7 day R","2020-12-13","DE","point","NA",1.11605197127877
"2021-06-23","7 day R","2020-12-13","DE","quantile","0.025",0.823677006693191
"2021-06-23","7 day R","2020-12-13","DE","quantile","0.975",1.40948553600228
"2021-06-23","7 day R","2020-12-14","DE","point","NA",1.10400948823891
"2021-06-23","7 day R","2020-12-14","DE","quantile","0.025",0.809383870399231
"2021-06-23","7 day R","2020-12-14","DE","quantile","0.975",1.39545487867
"2021-06-23","7 day R","2020-12-15","DE","point","NA",1.1058042084129
"2021-06-23","7 day R","2020-12-15","DE","quantile","0.025",0.813792217237258
"2021-06-23","7 day R","2020-12-15","DE","quantile","0.975",1.40046828807772
"2021-06-23","7 day R","2020-12-16","DE","point","NA",1.09808585078872
"2021-06-23","7 day R","2020-12-16","DE","quantile","0.025",0.80647901376863
"2021-06-23","7 day R","2020-12-16","DE","quantile","0.975",1.39133656474796
"2021-06-23","7 day R","2020-12-17","DE","point","NA",1.09122555957024
"2021-06-23","7 day R","2020-12-17","DE","quantile","0.025",0.796820761390332
"2021-06-23","7 day R","2020-12-17","DE","quantile","0.975",1.38513744208629
"2021-06-23","7 day R","2020-12-18","DE","point","NA",1.08636501250123
"2021-06-23","7 day R","2020-12-18","DE","quantile","0.025",0.790626247323157
"2021-06-23","7 day R","2020-12-18","DE","quantile","0.975",1.37847762871411
"2021-06-23","7 day R","2020-12-19","DE","point","NA",1.06315175664828
"2021-06-23","7 day R","2020-12-19","DE","quantile","0.025",0.768114459506756
"2021-06-23","7 day R","2020-12-19","DE","quantile","0.975",1.35395661978503
"2021-06-23","7 day R","2020-12-20","DE","point","NA",1.04237284354358
"2021-06-23","7 day R","2020-12-20","DE","quantile","0.025",0.745996841004749
"2021-06-23","7 day R","2020-12-20","DE","quantile","0.975",1.33450763764877
"2021-06-23","7 day R","2020-12-21","DE","point","NA",1.03098215975951
"2021-06-23","7 day R","2020-12-21","DE","quantile","0.025",0.741829283275079
"2021-06-23","7 day R","2020-12-21","DE","quantile","0.975",1.32194685678283
"2021-06-23","7 day R","2020-12-22","DE","point","NA",1.01049998870015
"2021-06-23","7 day R","2020-12-22","DE","quantile","0.025",0.715609583526252
"2021-06-23","7 day R","2020-12-22","DE","quantile","0.975",1.30510926256888
"2021-06-23","7 day R","2020-12-23","DE","point","NA",0.976614399048477
"2021-06-23","7 day R","2020-12-23","DE","quantile","0.025",0.678772505761769
"2021-06-23","7 day R","2020-12-23","DE","quantile","0.975",1.27112227030302
"2021-06-23","7 day R","2020-12-24","DE","point","NA",0.946972233397974
"2021-06-23","7 day R","2020-12-24","DE","quantile","0.025",0.653584820316779
"2021-06-23","7 day R","2020-12-24","DE","quantile","0.975",1.23791920603031
"2021-06-23","7 day R","2020-12-25","DE","point","NA",0.92585680092683
"2021-06-23","7 day R","2020-12-25","DE","quantile","0.025",0.631208247839027
"2021-06-23","7 day R","2020-12-25","DE","quantile","0.975",1.21280796690889
"2021-06-23","7 day R","2020-12-26","DE","point","NA",0.930533541809596
"2021-06-23","7 day R","2020-12-26","DE","quantile","0.025",0.637946855789083
"2021-06-23","7 day R","2020-12-26","DE","quantile","0.975",1.21768483356007
"2021-06-23","7 day R","2020-12-27","DE","point","NA",0.944484012139567
"2021-06-23","7 day R","2020-12-27","DE","quantile","0.025",0.651118773096344
"2021-06-23","7 day R","2020-12-27","DE","quantile","0.975",1.23074981196327
"2021-06-23","7 day R","2020-12-28","DE","point","NA",0.951627677619023
"2021-06-23","7 day R","2020-12-28","DE","quantile","0.025",0.66051729333657
"2021-06-23","7 day R","2020-12-28","DE","quantile","0.975",1.23986445120722
"2021-06-23","7 day R","2020-12-29","DE","point","NA",0.953762828340713
"2021-06-23","7 day R","2020-12-29","DE","quantile","0.025",0.659411961497479
"2021-06-23","7 day R","2020-12-29","DE","quantile","0.975",1.24284864009455
"2021-06-23","7 day R","2020-12-30","DE","point","NA",0.960780183977582
"2021-06-23","7 day R","2020-12-30","DE","quantile","0.025",0.67079923967808
"2021-06-23","7 day R","2020-12-30","DE","quantile","0.975",1.25366957728343
"2021-06-23","7 day R","2020-12-31","DE","point","NA",0.93216325404448
"2021-06-23","7 day R","2020-12-31","DE","quantile","0.025",0.637541914018972
"2021-06-23","7 day R","2020-12-31","DE","quantile","0.975",1.22180421281927
"2021-06-23","7 day R","2021-01-01","DE","point","NA",0.920454554837782
"2021-06-23","7 day R","2021-01-01","DE","quantile","0.025",0.626946997832064
"2021-06-23","7 day R","2021-01-01","DE","quantile","0.975",1.21323428058769
"2021-06-23","7 day R","2021-01-02","DE","point","NA",0.930505318246496
"2021-06-23","7 day R","2021-01-02","DE","quantile","0.025",0.636889547332313
"2021-06-23","7 day R","2021-01-02","DE","quantile","0.975",1.21851058821225
"2021-06-23","7 day R","2021-01-03","DE","point","NA",0.952842767877192
"2021-06-23","7 day R","2021-01-03","DE","quantile","0.025",0.659404780851821
"2021-06-23","7 day R","2021-01-03","DE","quantile","0.975",1.24420155078818
"2021-06-23","7 day R","2021-01-04","DE","point","NA",0.972282689881849
"2021-06-23","7 day R","2021-01-04","DE","quantile","0.025",0.683575779286819
"2021-06-23","7 day R","2021-01-04","DE","quantile","0.975",1.26715500902231
"2021-06-23","7 day R","2021-01-05","DE","point","NA",0.989258463489274
"2021-06-23","7 day R","2021-01-05","DE","quantile","0.025",0.696443918074069
"2021-06-23","7 day R","2021-01-05","DE","quantile","0.975",1.28168012782621
"2021-06-23","7 day R","2021-01-06","DE","point","NA",1.01002976710086
"2021-06-23","7 day R","2021-01-06","DE","quantile","0.025",0.716661548787811
"2021-06-23","7 day R","2021-01-06","DE","quantile","0.975",1.29778645210027
"2021-06-23","7 day R","2021-01-07","DE","point","NA",1.03262365561337
"2021-06-23","7 day R","2021-01-07","DE","quantile","0.025",0.743985927121469
"2021-06-23","7 day R","2021-01-07","DE","quantile","0.975",1.3251105587769
"2021-06-23","7 day R","2021-01-08","DE","point","NA",1.01454827615625
"2021-06-23","7 day R","2021-01-08","DE","quantile","0.025",0.725712337894625
"2021-06-23","7 day R","2021-01-08","DE","quantile","0.975",1.30979390408466
"2021-06-23","7 day R","2021-01-09","DE","point","NA",0.991307885581387
"2021-06-23","7 day R","2021-01-09","DE","quantile","0.025",0.699914868658956
"2021-06-23","7 day R","2021-01-09","DE","quantile","0.975",1.28486196931679
"2021-06-23","7 day R","2021-01-10","DE","point","NA",0.964503135920582
"2021-06-23","7 day R","2021-01-10","DE","quantile","0.025",0.674156405725828
"2021-06-23","7 day R","2021-01-10","DE","quantile","0.975",1.26002254991285
"2021-06-23","7 day R","2021-01-11","DE","point","NA",0.952813600209227
"2021-06-23","7 day R","2021-01-11","DE","quantile","0.025",0.66125112035778
"2021-06-23","7 day R","2021-01-11","DE","quantile","0.975",1.24496576113758
"2021-06-23","7 day R","2021-01-12","DE","point","NA",0.941200518678744
"2021-06-23","7 day R","2021-01-12","DE","quantile","0.025",0.649951033303921
"2021-06-23","7 day R","2021-01-12","DE","quantile","0.975",1.23721606207621
"2021-06-23","7 day R","2021-01-13","DE","point","NA",0.913702774833154
"2021-06-23","7 day R","2021-01-13","DE","quantile","0.025",0.62211064868448
"2021-06-23","7 day R","2021-01-13","DE","quantile","0.975",1.20385104400468
"2021-06-23","7 day R","2021-01-14","DE","point","NA",0.893707235918559
"2021-06-23","7 day R","2021-01-14","DE","quantile","0.025",0.60337247050006
"2021-06-23","7 day R","2021-01-14","DE","quantile","0.975",1.18459869783548
"2021-06-23","7 day R","2021-01-15","DE","point","NA",0.87869417609597
"2021-06-23","7 day R","2021-01-15","DE","quantile","0.025",0.585515947751931
"2021-06-23","7 day R","2021-01-15","DE","quantile","0.975",1.17176697288233
"2021-06-23","7 day R","2021-01-16","DE","point","NA",0.876166379721796
"2021-06-23","7 day R","2021-01-16","DE","quantile","0.025",0.581057258524764
"2021-06-23","7 day R","2021-01-16","DE","quantile","0.975",1.16920071507944
"2021-06-23","7 day R","2021-01-17","DE","point","NA",0.875040976934651
"2021-06-23","7 day R","2021-01-17","DE","quantile","0.025",0.583194996540528
"2021-06-23","7 day R","2021-01-17","DE","quantile","0.975",1.17088726277375
"2021-06-23","7 day R","2021-01-18","DE","point","NA",0.864623165450396
"2021-06-23","7 day R","2021-01-18","DE","quantile","0.025",0.569265372508582
"2021-06-23","7 day R","2021-01-18","DE","quantile","0.975",1.158751709675
"2021-06-23","7 day R","2021-01-19","DE","point","NA",0.854406779093454
"2021-06-23","7 day R","2021-01-19","DE","quantile","0.025",0.559831865348942
"2021-06-23","7 day R","2021-01-19","DE","quantile","0.975",1.1507386133709
"2021-06-23","7 day R","2021-01-20","DE","point","NA",0.851652306364265
"2021-06-23","7 day R","2021-01-20","DE","quantile","0.025",0.562142882948513
"2021-06-23","7 day R","2021-01-20","DE","quantile","0.975",1.14694187347034
"2021-06-23","7 day R","2021-01-21","DE","point","NA",0.834771736505849
"2021-06-23","7 day R","2021-01-21","DE","quantile","0.025",0.540405153822435
"2021-06-23","7 day R","2021-01-21","DE","quantile","0.975",1.13127748649314
"2021-06-23","7 day R","2021-01-22","DE","point","NA",0.840784831323492
"2021-06-23","7 day R","2021-01-22","DE","quantile","0.025",0.542511438418055
"2021-06-23","7 day R","2021-01-22","DE","quantile","0.975",1.13653935627452
"2021-06-23","7 day R","2021-01-23","DE","point","NA",0.838614645726634
"2021-06-23","7 day R","2021-01-23","DE","quantile","0.025",0.543881954175541
"2021-06-23","7 day R","2021-01-23","DE","quantile","0.975",1.13322081844434
"2021-06-23","7 day R","2021-01-24","DE","point","NA",0.836497635792301
"2021-06-23","7 day R","2021-01-24","DE","quantile","0.025",0.543091246778614
"2021-06-23","7 day R","2021-01-24","DE","quantile","0.975",1.1333502000206
"2021-06-23","7 day R","2021-01-25","DE","point","NA",0.825398672863569
"2021-06-23","7 day R","2021-01-25","DE","quantile","0.025",0.533627654098292
"2021-06-23","7 day R","2021-01-25","DE","quantile","0.975",1.12117989136691
"2021-06-23","7 day R","2021-01-26","DE","point","NA",0.815974010619781
"2021-06-23","7 day R","2021-01-26","DE","quantile","0.025",0.519408509362587
"2021-06-23","7 day R","2021-01-26","DE","quantile","0.975",1.10908946422572
"2021-06-23","7 day R","2021-01-27","DE","point","NA",0.813335788294213
"2021-06-23","7 day R","2021-01-27","DE","quantile","0.025",0.518331887470385
"2021-06-23","7 day R","2021-01-27","DE","quantile","0.975",1.10822764826447
"2021-06-23","7 day R","2021-01-28","DE","point","NA",0.819712563149683
"2021-06-23","7 day R","2021-01-28","DE","quantile","0.025",0.520828919694056
"2021-06-23","7 day R","2021-01-28","DE","quantile","0.975",1.11285576904446
"2021-06-23","7 day R","2021-01-29","DE","point","NA",0.825801342577542
"2021-06-23","7 day R","2021-01-29","DE","quantile","0.025",0.532819420026738
"2021-06-23","7 day R","2021-01-29","DE","quantile","0.975",1.12423855426222
"2021-06-23","7 day R","2021-01-30","DE","point","NA",0.828086015132775
"2021-06-23","7 day R","2021-01-30","DE","quantile","0.025",0.535039782889323
"2021-06-23","7 day R","2021-01-30","DE","quantile","0.975",1.12552801317576
"2021-06-23","7 day R","2021-01-31","DE","point","NA",0.810324366663922
"2021-06-23","7 day R","2021-01-31","DE","quantile","0.025",0.512080521095156
"2021-06-23","7 day R","2021-01-31","DE","quantile","0.975",1.10093544466146
"2021-06-23","7 day R","2021-02-01","DE","point","NA",0.804168906761547
"2021-06-23","7 day R","2021-02-01","DE","quantile","0.025",0.512317021830348
"2021-06-23","7 day R","2021-02-01","DE","quantile","0.975",1.09722028825189
"2021-06-23","7 day R","2021-02-02","DE","point","NA",0.797571356120516
"2021-06-23","7 day R","2021-02-02","DE","quantile","0.025",0.50099501449797
"2021-06-23","7 day R","2021-02-02","DE","quantile","0.975",1.09116322403799
"2021-06-23","7 day R","2021-02-03","DE","point","NA",0.796249049018868
"2021-06-23","7 day R","2021-02-03","DE","quantile","0.025",0.500662561634026
"2021-06-23","7 day R","2021-02-03","DE","quantile","0.975",1.08572500375549
"2021-06-23","7 day R","2021-02-04","DE","point","NA",0.803433813433535
"2021-06-23","7 day R","2021-02-04","DE","quantile","0.025",0.508459489417511
"2021-06-23","7 day R","2021-02-04","DE","quantile","0.975",1.09518761044983
"2021-06-23","7 day R","2021-02-05","DE","point","NA",0.808685019228584
"2021-06-23","7 day R","2021-02-05","DE","quantile","0.025",0.518891977097804
"2021-06-23","7 day R","2021-02-05","DE","quantile","0.975",1.10089723523087
"2021-06-23","7 day R","2021-02-06","DE","point","NA",0.810299882316836
"2021-06-23","7 day R","2021-02-06","DE","quantile","0.025",0.514491571071778
"2021-06-23","7 day R","2021-02-06","DE","quantile","0.975",1.10199334106732
"2021-06-23","7 day R","2021-02-07","DE","point","NA",0.810900369458837
"2021-06-23","7 day R","2021-02-07","DE","quantile","0.025",0.518333394367012
"2021-06-23","7 day R","2021-02-07","DE","quantile","0.975",1.10365949514428
"2021-06-23","7 day R","2021-02-08","DE","point","NA",0.802960705002769
"2021-06-23","7 day R","2021-02-08","DE","quantile","0.025",0.51046527366789
"2021-06-23","7 day R","2021-02-08","DE","quantile","0.975",1.09058010469489
"2021-06-23","7 day R","2021-02-09","DE","point","NA",0.79769685908073
"2021-06-23","7 day R","2021-02-09","DE","quantile","0.025",0.503914626287295
"2021-06-23","7 day R","2021-02-09","DE","quantile","0.975",1.08266225200699
"2021-06-23","7 day R","2021-02-10","DE","point","NA",0.799185265941045
"2021-06-23","7 day R","2021-02-10","DE","quantile","0.025",0.505541070844104
"2021-06-23","7 day R","2021-02-10","DE","quantile","0.975",1.08852824859718
"2021-06-23","7 day R","2021-02-11","DE","point","NA",0.812570262479645
"2021-06-23","7 day R","2021-02-11","DE","quantile","0.025",0.520731341298004
"2021-06-23","7 day R","2021-02-11","DE","quantile","0.975",1.10710010553118
"2021-06-23","7 day R","2021-02-12","DE","point","NA",0.828124042817987
"2021-06-23","7 day R","2021-02-12","DE","quantile","0.025",0.535093299722388
"2021-06-23","7 day R","2021-02-12","DE","quantile","0.975",1.11988267744978
"2021-06-23","7 day R","2021-02-13","DE","point","NA",0.841001897411052
"2021-06-23","7 day R","2021-02-13","DE","quantile","0.025",0.545361130438001
"2021-06-23","7 day R","2021-02-13","DE","quantile","0.975",1.13571245522849
"2021-06-23","7 day R","2021-02-14","DE","point","NA",0.856826297712659
"2021-06-23","7 day R","2021-02-14","DE","quantile","0.025",0.563147962386078
"2021-06-23","7 day R","2021-02-14","DE","quantile","0.975",1.15027303758231
"2021-06-23","7 day R","2021-02-15","DE","point","NA",0.868329028140554
"2021-06-23","7 day R","2021-02-15","DE","quantile","0.025",0.575628356025048
"2021-06-23","7 day R","2021-02-15","DE","quantile","0.975",1.16140611004467
"2021-06-23","7 day R","2021-02-16","DE","point","NA",0.876007504198294
"2021-06-23","7 day R","2021-02-16","DE","quantile","0.025",0.583420964258075
"2021-06-23","7 day R","2021-02-16","DE","quantile","0.975",1.17046760231117
"2021-06-23","7 day R","2021-02-17","DE","point","NA",0.889056354075402
"2021-06-23","7 day R","2021-02-17","DE","quantile","0.025",0.596597457460865
"2021-06-23","7 day R","2021-02-17","DE","quantile","0.975",1.18029633532314
"2021-06-23","7 day R","2021-02-18","DE","point","NA",0.908297279085081
"2021-06-23","7 day R","2021-02-18","DE","quantile","0.025",0.616779051687453
"2021-06-23","7 day R","2021-02-18","DE","quantile","0.975",1.2022035482292
"2021-06-23","7 day R","2021-02-19","DE","point","NA",0.927958843436906
"2021-06-23","7 day R","2021-02-19","DE","quantile","0.025",0.633836220805722
"2021-06-23","7 day R","2021-02-19","DE","quantile","0.975",1.22089125578276
"2021-06-23","7 day R","2021-02-20","DE","point","NA",0.944779485889608
"2021-06-23","7 day R","2021-02-20","DE","quantile","0.025",0.64908661019404
"2021-06-23","7 day R","2021-02-20","DE","quantile","0.975",1.23833505001543
"2021-06-23","7 day R","2021-02-21","DE","point","NA",0.959426240964354
"2021-06-23","7 day R","2021-02-21","DE","quantile","0.025",0.666694729185837
"2021-06-23","7 day R","2021-02-21","DE","quantile","0.975",1.2543105527509
"2021-06-23","7 day R","2021-02-22","DE","point","NA",0.966691441607266
"2021-06-23","7 day R","2021-02-22","DE","quantile","0.025",0.673095137686567
"2021-06-23","7 day R","2021-02-22","DE","quantile","0.975",1.25865743611925
"2021-06-23","7 day R","2021-02-23","DE","point","NA",0.972401536949996
"2021-06-23","7 day R","2021-02-23","DE","quantile","0.025",0.678780020361388
"2021-06-23","7 day R","2021-02-23","DE","quantile","0.975",1.26521621097623
"2021-06-23","7 day R","2021-02-24","DE","point","NA",0.986750208567167
"2021-06-23","7 day R","2021-02-24","DE","quantile","0.025",0.696762509038607
"2021-06-23","7 day R","2021-02-24","DE","quantile","0.975",1.27912033450872
"2021-06-23","7 day R","2021-02-25","DE","point","NA",1.0020708666087
"2021-06-23","7 day R","2021-02-25","DE","quantile","0.025",0.709201095872912
"2021-06-23","7 day R","2021-02-25","DE","quantile","0.975",1.30016221763663
"2021-06-23","7 day R","2021-02-26","DE","point","NA",1.01452725331851
"2021-06-23","7 day R","2021-02-26","DE","quantile","0.025",0.715981360517999
"2021-06-23","7 day R","2021-02-26","DE","quantile","0.975",1.30859581114385
"2021-06-23","7 day R","2021-02-27","DE","point","NA",1.02529291701963
"2021-06-23","7 day R","2021-02-27","DE","quantile","0.025",0.727523888160827
"2021-06-23","7 day R","2021-02-27","DE","quantile","0.975",1.31943918195462
"2021-06-23","7 day R","2021-02-28","DE","point","NA",1.03435685433977
"2021-06-23","7 day R","2021-02-28","DE","quantile","0.025",0.736581052285956
"2021-06-23","7 day R","2021-02-28","DE","quantile","0.975",1.32927372736784
"2021-06-23","7 day R","2021-03-01","DE","point","NA",1.03802345600627
"2021-06-23","7 day R","2021-03-01","DE","quantile","0.025",0.738822837238564
"2021-06-23","7 day R","2021-03-01","DE","quantile","0.975",1.33437081802717
"2021-06-23","7 day R","2021-03-02","DE","point","NA",1.04077108695669
"2021-06-23","7 day R","2021-03-02","DE","quantile","0.025",0.745793297042591
"2021-06-23","7 day R","2021-03-02","DE","quantile","0.975",1.33448099276224
"2021-06-23","7 day R","2021-03-03","DE","point","NA",1.05178824282971
"2021-06-23","7 day R","2021-03-03","DE","quantile","0.025",0.756781526977336
"2021-06-23","7 day R","2021-03-03","DE","quantile","0.975",1.34423229930182
"2021-06-23","7 day R","2021-03-04","DE","point","NA",1.06937267445264
"2021-06-23","7 day R","2021-03-04","DE","quantile","0.025",0.77801681630534
"2021-06-23","7 day R","2021-03-04","DE","quantile","0.975",1.3652880428187
"2021-06-23","7 day R","2021-03-05","DE","point","NA",1.08527187716737
"2021-06-23","7 day R","2021-03-05","DE","quantile","0.025",0.791952064083999
"2021-06-23","7 day R","2021-03-05","DE","quantile","0.975",1.38044861644615
"2021-06-23","7 day R","2021-03-06","DE","point","NA",1.1024634003809
"2021-06-23","7 day R","2021-03-06","DE","quantile","0.025",0.809519412462911
"2021-06-23","7 day R","2021-03-06","DE","quantile","0.975",1.3938980082174
"2021-06-23","7 day R","2021-03-07","DE","point","NA",1.11877859434761
"2021-06-23","7 day R","2021-03-07","DE","quantile","0.025",0.823919986465357
"2021-06-23","7 day R","2021-03-07","DE","quantile","0.975",1.41194843129977
"2021-06-23","7 day R","2021-03-08","DE","point","NA",1.13094496292904
"2021-06-23","7 day R","2021-03-08","DE","quantile","0.025",0.839281951646042
"2021-06-23","7 day R","2021-03-08","DE","quantile","0.975",1.42491450325867
"2021-06-23","7 day R","2021-03-09","DE","point","NA",1.14573920169974
"2021-06-23","7 day R","2021-03-09","DE","quantile","0.025",0.849515701659663
"2021-06-23","7 day R","2021-03-09","DE","quantile","0.975",1.44094801244706
"2021-06-23","7 day R","2021-03-10","DE","point","NA",1.17293677095726
"2021-06-23","7 day R","2021-03-10","DE","quantile","0.025",0.876442222822283
"2021-06-23","7 day R","2021-03-10","DE","quantile","0.975",1.46411722429953
"2021-06-23","7 day R","2021-03-11","DE","point","NA",1.16396055995853
"2021-06-23","7 day R","2021-03-11","DE","quantile","0.025",0.867822376682245
"2021-06-23","7 day R","2021-03-11","DE","quantile","0.975",1.45628410789301
"2021-06-23","7 day R","2021-03-12","DE","point","NA",1.19087947359709
"2021-06-23","7 day R","2021-03-12","DE","quantile","0.025",0.899175052445335
"2021-06-23","7 day R","2021-03-12","DE","quantile","0.975",1.48309514740613
"2021-06-23","7 day R","2021-03-13","DE","point","NA",1.21273342998545
"2021-06-23","7 day R","2021-03-13","DE","quantile","0.025",0.91851621583812
"2021-06-23","7 day R","2021-03-13","DE","quantile","0.975",1.50438604962858
"2021-06-23","7 day R","2021-03-14","DE","point","NA",1.23292490935411
"2021-06-23","7 day R","2021-03-14","DE","quantile","0.025",0.94292374269415
"2021-06-23","7 day R","2021-03-14","DE","quantile","0.975",1.52969232531086
"2021-06-23","7 day R","2021-03-15","DE","point","NA",1.24195498576247
"2021-06-23","7 day R","2021-03-15","DE","quantile","0.025",0.953413106439687
"2021-06-23","7 day R","2021-03-15","DE","quantile","0.975",1.53526873406617
"2021-06-23","7 day R","2021-03-16","DE","point","NA",1.25344275973255
"2021-06-23","7 day R","2021-03-16","DE","quantile","0.025",0.963992860902023
"2021-06-23","7 day R","2021-03-16","DE","quantile","0.975",1.54467943305514
"2021-06-23","7 day R","2021-03-17","DE","point","NA",1.24891799184391
"2021-06-23","7 day R","2021-03-17","DE","quantile","0.025",0.960861734747552
"2021-06-23","7 day R","2021-03-17","DE","quantile","0.975",1.54218633833454
"2021-06-23","7 day R","2021-03-18","DE","point","NA",1.27829050002746
"2021-06-23","7 day R","2021-03-18","DE","quantile","0.025",0.987399055138904
"2021-06-23","7 day R","2021-03-18","DE","quantile","0.975",1.57453431456767
"2021-06-23","7 day R","2021-03-19","DE","point","NA",1.26271544564503
"2021-06-23","7 day R","2021-03-19","DE","quantile","0.025",0.969430957620086
"2021-06-23","7 day R","2021-03-19","DE","quantile","0.975",1.55826295557355
"2021-06-23","7 day R","2021-03-20","DE","point","NA",1.24852043129048
"2021-06-23","7 day R","2021-03-20","DE","quantile","0.025",0.957114246984884
"2021-06-23","7 day R","2021-03-20","DE","quantile","0.975",1.54607845863459
"2021-06-23","7 day R","2021-03-21","DE","point","NA",1.23372540951267
"2021-06-23","7 day R","2021-03-21","DE","quantile","0.025",0.943197420820368
"2021-06-23","7 day R","2021-03-21","DE","quantile","0.975",1.52812841731648
"2021-06-23","7 day R","2021-03-22","DE","point","NA",1.24063765161337
"2021-06-23","7 day R","2021-03-22","DE","quantile","0.025",0.948472288020805
"2021-06-23","7 day R","2021-03-22","DE","quantile","0.975",1.5338021099433
"2021-06-23","7 day R","2021-03-23","DE","point","NA",1.24846615978867
"2021-06-23","7 day R","2021-03-23","DE","quantile","0.025",0.956696708897048
"2021-06-23","7 day R","2021-03-23","DE","quantile","0.975",1.54630095672501
"2021-06-23","7 day R","2021-03-24","DE","point","NA",1.24230109624061
"2021-06-23","7 day R","2021-03-24","DE","quantile","0.025",0.947304207720272
"2021-06-23","7 day R","2021-03-24","DE","quantile","0.975",1.54285237456948
"2021-06-23","7 day R","2021-03-25","DE","point","NA",1.22482172483254
"2021-06-23","7 day R","2021-03-25","DE","quantile","0.025",0.929734091362692
"2021-06-23","7 day R","2021-03-25","DE","quantile","0.975",1.52227755310121
"2021-06-23","7 day R","2021-03-26","DE","point","NA",1.20969058156527
"2021-06-23","7 day R","2021-03-26","DE","quantile","0.025",0.913804201057071
"2021-06-23","7 day R","2021-03-26","DE","quantile","0.975",1.50655458937117
"2021-06-23","7 day R","2021-03-27","DE","point","NA",1.18980264679169
"2021-06-23","7 day R","2021-03-27","DE","quantile","0.025",0.894385672307061
"2021-06-23","7 day R","2021-03-27","DE","quantile","0.975",1.48644598965282
"2021-06-23","7 day R","2021-03-28","DE","point","NA",1.1663875528108
"2021-06-23","7 day R","2021-03-28","DE","quantile","0.025",0.873158799024086
"2021-06-23","7 day R","2021-03-28","DE","quantile","0.975",1.46255504958577
"2021-06-23","7 day R","2021-03-29","DE","point","NA",1.15735519924762
"2021-06-23","7 day R","2021-03-29","DE","quantile","0.025",0.864053715536747
"2021-06-23","7 day R","2021-03-29","DE","quantile","0.975",1.45291584179704
"2021-06-23","7 day R","2021-03-30","DE","point","NA",1.14730355323984
"2021-06-23","7 day R","2021-03-30","DE","quantile","0.025",0.853583995445295
"2021-06-23","7 day R","2021-03-30","DE","quantile","0.975",1.44258682425722
"2021-06-23","7 day R","2021-03-31","DE","point","NA",1.12508148641415
"2021-06-23","7 day R","2021-03-31","DE","quantile","0.025",0.833090605845764
"2021-06-23","7 day R","2021-03-31","DE","quantile","0.975",1.41711517944326
"2021-06-23","7 day R","2021-04-01","DE","point","NA",1.10052210690135
"2021-06-23","7 day R","2021-04-01","DE","quantile","0.025",0.806800141417188
"2021-06-23","7 day R","2021-04-01","DE","quantile","0.975",1.39214778458459
"2021-06-23","7 day R","2021-04-02","DE","point","NA",1.07826786149804
"2021-06-23","7 day R","2021-04-02","DE","quantile","0.025",0.784945761803114
"2021-06-23","7 day R","2021-04-02","DE","quantile","0.975",1.36736433133039
"2021-06-23","7 day R","2021-04-03","DE","point","NA",1.06542588867974
"2021-06-23","7 day R","2021-04-03","DE","quantile","0.025",0.768399820970833
"2021-06-23","7 day R","2021-04-03","DE","quantile","0.975",1.35866327995571
"2021-06-23","7 day R","2021-04-04","DE","point","NA",1.07900313750996
"2021-06-23","7 day R","2021-04-04","DE","quantile","0.025",0.785443809630438
"2021-06-23","7 day R","2021-04-04","DE","quantile","0.975",1.37161930420078
"2021-06-23","7 day R","2021-04-05","DE","point","NA",1.08339292148337
"2021-06-23","7 day R","2021-04-05","DE","quantile","0.025",0.78541664770914
"2021-06-23","7 day R","2021-04-05","DE","quantile","0.975",1.37460218954098
"2021-06-23","7 day R","2021-04-06","DE","point","NA",1.09727811901603
"2021-06-23","7 day R","2021-04-06","DE","quantile","0.025",0.806123209642558
"2021-06-23","7 day R","2021-04-06","DE","quantile","0.975",1.38539305774208
"2021-06-23","7 day R","2021-04-07","DE","point","NA",1.14064279538968
"2021-06-23","7 day R","2021-04-07","DE","quantile","0.025",0.846503132328561
"2021-06-23","7 day R","2021-04-07","DE","quantile","0.975",1.43389108328493
"2021-06-23","7 day R","2021-04-08","DE","point","NA",1.15721474633431
"2021-06-23","7 day R","2021-04-08","DE","quantile","0.025",0.863643502956756
"2021-06-23","7 day R","2021-04-08","DE","quantile","0.975",1.45031405414064
"2021-06-23","7 day R","2021-04-09","DE","point","NA",1.16278489579552
"2021-06-23","7 day R","2021-04-09","DE","quantile","0.025",0.872904936847528
"2021-06-23","7 day R","2021-04-09","DE","quantile","0.975",1.45695006060732
"2021-06-23","7 day R","2021-04-10","DE","point","NA",1.16102534475861
"2021-06-23","7 day R","2021-04-10","DE","quantile","0.025",0.869577440795525
"2021-06-23","7 day R","2021-04-10","DE","quantile","0.975",1.450359491079
"2021-06-23","7 day R","2021-04-11","DE","point","NA",1.1552433360984
"2021-06-23","7 day R","2021-04-11","DE","quantile","0.025",0.867104238689814
"2021-06-23","7 day R","2021-04-11","DE","quantile","0.975",1.44955433425506
"2021-06-23","7 day R","2021-04-12","DE","point","NA",1.16278271475684
"2021-06-23","7 day R","2021-04-12","DE","quantile","0.025",0.870426529222362
"2021-06-23","7 day R","2021-04-12","DE","quantile","0.975",1.45611347152127
"2021-06-23","7 day R","2021-04-13","DE","point","NA",1.16675047464335
"2021-06-23","7 day R","2021-04-13","DE","quantile","0.025",0.876611839325749
"2021-06-23","7 day R","2021-04-13","DE","quantile","0.975",1.46112787461722
"2021-06-23","7 day R","2021-04-14","DE","point","NA",1.15417556519963
"2021-06-23","7 day R","2021-04-14","DE","quantile","0.025",0.864841123782546
"2021-06-23","7 day R","2021-04-14","DE","quantile","0.975",1.45014705189529
"2021-06-23","7 day R","2021-04-15","DE","point","NA",1.13496533122662
"2021-06-23","7 day R","2021-04-15","DE","quantile","0.025",0.847476486732413
"2021-06-23","7 day R","2021-04-15","DE","quantile","0.975",1.42730797758755
"2021-06-23","7 day R","2021-04-16","DE","point","NA",1.12084673017076
"2021-06-23","7 day R","2021-04-16","DE","quantile","0.025",0.827772747672192
"2021-06-23","7 day R","2021-04-16","DE","quantile","0.975",1.41090704351584
"2021-06-23","7 day R","2021-04-17","DE","point","NA",1.10493084583095
"2021-06-23","7 day R","2021-04-17","DE","quantile","0.025",0.81271699189016
"2021-06-23","7 day R","2021-04-17","DE","quantile","0.975",1.3968446490208
"2021-06-23","7 day R","2021-04-18","DE","point","NA",1.08838949203919
"2021-06-23","7 day R","2021-04-18","DE","quantile","0.025",0.798218011440476
"2021-06-23","7 day R","2021-04-18","DE","quantile","0.975",1.37628427375691
"2021-06-23","7 day R","2021-04-19","DE","point","NA",1.0884843986218
"2021-06-23","7 day R","2021-04-19","DE","quantile","0.025",0.797305505448821
"2021-06-23","7 day R","2021-04-19","DE","quantile","0.975",1.37941729966591
"2021-06-23","7 day R","2021-04-20","DE","point","NA",1.08587491509381
"2021-06-23","7 day R","2021-04-20","DE","quantile","0.025",0.794420816354133
"2021-06-23","7 day R","2021-04-20","DE","quantile","0.975",1.37885789788451
"2021-06-23","7 day R","2021-04-21","DE","point","NA",1.06857044241639
"2021-06-23","7 day R","2021-04-21","DE","quantile","0.025",0.775469033471253
"2021-06-23","7 day R","2021-04-21","DE","quantile","0.975",1.36089811623081
"2021-06-23","7 day R","2021-04-22","DE","point","NA",1.05871728230029
"2021-06-23","7 day R","2021-04-22","DE","quantile","0.025",0.76648369136672
"2021-06-23","7 day R","2021-04-22","DE","quantile","0.975",1.35002952770502
"2021-06-23","7 day R","2021-04-23","DE","point","NA",1.04016661927089
"2021-06-23","7 day R","2021-04-23","DE","quantile","0.025",0.747055701573443
"2021-06-23","7 day R","2021-04-23","DE","quantile","0.975",1.33362004541001
"2021-06-23","7 day R","2021-04-24","DE","point","NA",1.02142434137666
"2021-06-23","7 day R","2021-04-24","DE","quantile","0.025",0.727985658926724
"2021-06-23","7 day R","2021-04-24","DE","quantile","0.975",1.31647910964553
"2021-06-23","7 day R","2021-04-25","DE","point","NA",1.01120438346955
"2021-06-23","7 day R","2021-04-25","DE","quantile","0.025",0.72004114897681
"2021-06-23","7 day R","2021-04-25","DE","quantile","0.975",1.30804039202099
"2021-06-23","7 day R","2021-04-26","DE","point","NA",0.989677853297199
"2021-06-23","7 day R","2021-04-26","DE","quantile","0.025",0.695011654206632
"2021-06-23","7 day R","2021-04-26","DE","quantile","0.975",1.28661888894629
"2021-06-23","7 day R","2021-04-27","DE","point","NA",0.976216845115084
"2021-06-23","7 day R","2021-04-27","DE","quantile","0.025",0.681682827842536
"2021-06-23","7 day R","2021-04-27","DE","quantile","0.975",1.27232516008237
"2021-06-23","7 day R","2021-04-28","DE","point","NA",0.960522508127706
"2021-06-23","7 day R","2021-04-28","DE","quantile","0.025",0.668783242618318
"2021-06-23","7 day R","2021-04-28","DE","quantile","0.975",1.25753175496146
"2021-06-23","7 day R","2021-04-29","DE","point","NA",0.939219218985202
"2021-06-23","7 day R","2021-04-29","DE","quantile","0.025",0.648366721803268
"2021-06-23","7 day R","2021-04-29","DE","quantile","0.975",1.23427899575674
"2021-06-23","7 day R","2021-04-30","DE","point","NA",0.919256846775613
"2021-06-23","7 day R","2021-04-30","DE","quantile","0.025",0.624154384006157
"2021-06-23","7 day R","2021-04-30","DE","quantile","0.975",1.21440702644
"2021-06-23","7 day R","2021-05-01","DE","point","NA",0.909099753132599
"2021-06-23","7 day R","2021-05-01","DE","quantile","0.025",0.618809936657826
"2021-06-23","7 day R","2021-05-01","DE","quantile","0.975",1.20846716222338
"2021-06-23","7 day R","2021-05-02","DE","point","NA",0.894756040485398
"2021-06-23","7 day R","2021-05-02","DE","quantile","0.025",0.600485865233545
"2021-06-23","7 day R","2021-05-02","DE","quantile","0.975",1.19205661769361
"2021-06-23","7 day R","2021-05-03","DE","point","NA",0.879025350378535
"2021-06-23","7 day R","2021-05-03","DE","quantile","0.025",0.59085603120846
"2021-06-23","7 day R","2021-05-03","DE","quantile","0.975",1.17256282040481
"2021-06-23","7 day R","2021-05-04","DE","point","NA",0.867262653379763
"2021-06-23","7 day R","2021-05-04","DE","quantile","0.025",0.576928284625544
"2021-06-23","7 day R","2021-05-04","DE","quantile","0.975",1.16168221975695
"2021-06-23","7 day R","2021-05-05","DE","point","NA",0.848275717120649
"2021-06-23","7 day R","2021-05-05","DE","quantile","0.025",0.560494697181002
"2021-06-23","7 day R","2021-05-05","DE","quantile","0.975",1.14012611334692
"2021-06-23","7 day R","2021-05-06","DE","point","NA",0.824713566611351
"2021-06-23","7 day R","2021-05-06","DE","quantile","0.025",0.535624676326605
"2021-06-23","7 day R","2021-05-06","DE","quantile","0.975",1.11628709702262
"2021-06-23","7 day R","2021-05-07","DE","point","NA",0.805545350836777
"2021-06-23","7 day R","2021-05-07","DE","quantile","0.025",0.514036626330162
"2021-06-23","7 day R","2021-05-07","DE","quantile","0.975",1.09315192987255
"2021-06-23","7 day R","2021-05-08","DE","point","NA",0.7878414206853
"2021-06-23","7 day R","2021-05-08","DE","quantile","0.025",0.495731939208177
"2021-06-23","7 day R","2021-05-08","DE","quantile","0.975",1.08013857256505
"2021-06-23","7 day R","2021-05-09","DE","point","NA",0.768829504983221
"2021-06-23","7 day R","2021-05-09","DE","quantile","0.025",0.476084774502625
"2021-06-23","7 day R","2021-05-09","DE","quantile","0.975",1.06258984675715
"2021-06-23","7 day R","2021-05-10","DE","point","NA",0.761329693661836
"2021-06-23","7 day R","2021-05-10","DE","quantile","0.025",0.466249177306111
"2021-06-23","7 day R","2021-05-10","DE","quantile","0.975",1.05339509045698
"2021-06-23","7 day R","2021-05-11","DE","point","NA",0.749380968379297
"2021-06-23","7 day R","2021-05-11","DE","quantile","0.025",0.458264949433273
"2021-06-23","7 day R","2021-05-11","DE","quantile","0.975",1.0382239219213
"2021-06-23","7 day R","2021-05-12","DE","point","NA",0.725218952572826
"2021-06-23","7 day R","2021-05-12","DE","quantile","0.025",0.433910501794346
"2021-06-23","7 day R","2021-05-12","DE","quantile","0.975",1.01427833154213
"2021-06-23","7 day R","2021-05-13","DE","point","NA",0.721244522364113
"2021-06-23","7 day R","2021-05-13","DE","quantile","0.025",0.426665229381261
"2021-06-23","7 day R","2021-05-13","DE","quantile","0.975",1.0165388803736
"2021-06-23","7 day R","2021-05-14","DE","point","NA",0.717681772957298
"2021-06-23","7 day R","2021-05-14","DE","quantile","0.025",0.42390040963017
"2021-06-23","7 day R","2021-05-14","DE","quantile","0.975",1.01335737772759
"2021-06-23","7 day R","2021-05-15","DE","point","NA",0.716474421143759
"2021-06-23","7 day R","2021-05-15","DE","quantile","0.025",0.421960073142769
"2021-06-23","7 day R","2021-05-15","DE","quantile","0.975",1.01443999188503
"2021-06-23","7 day R","2021-05-16","DE","point","NA",0.715733723914668
"2021-06-23","7 day R","2021-05-16","DE","quantile","0.025",0.424293769580422
"2021-06-23","7 day R","2021-05-16","DE","quantile","0.975",1.01123691253412
"2021-06-23","7 day R","2021-05-17","DE","point","NA",0.707090238109567
"2021-06-23","7 day R","2021-05-17","DE","quantile","0.025",0.413476935923383
"2021-06-23","7 day R","2021-05-17","DE","quantile","0.975",1.00072189882575
"2021-06-23","7 day R","2021-05-18","DE","point","NA",0.694998516625875
"2021-06-23","7 day R","2021-05-18","DE","quantile","0.025",0.399684165961337
"2021-06-23","7 day R","2021-05-18","DE","quantile","0.975",0.988433706806314
"2021-06-23","7 day R","2021-05-19","DE","point","NA",0.690232221012582
"2021-06-23","7 day R","2021-05-19","DE","quantile","0.025",0.398542958326975
"2021-06-23","7 day R","2021-05-19","DE","quantile","0.975",0.981754623262621
"2021-06-23","7 day R","2021-05-20","DE","point","NA",0.680790673226809
"2021-06-23","7 day R","2021-05-20","DE","quantile","0.025",0.383234700485464
"2021-06-23","7 day R","2021-05-20","DE","quantile","0.975",0.970895638400526
"2021-06-23","7 day R","2021-05-21","DE","point","NA",0.668933630571752
"2021-06-23","7 day R","2021-05-21","DE","quantile","0.025",0.376684423358945
"2021-06-23","7 day R","2021-05-21","DE","quantile","0.975",0.961830813401139
"2021-06-23","7 day R","2021-05-22","DE","point","NA",0.656393989708431
"2021-06-23","7 day R","2021-05-22","DE","quantile","0.025",0.362113400298203
"2021-06-23","7 day R","2021-05-22","DE","quantile","0.975",0.949929319173162
"2021-06-23","7 day R","2021-05-23","DE","point","NA",0.640708134591223
"2021-06-23","7 day R","2021-05-23","DE","quantile","0.025",0.345062355255012
"2021-06-23","7 day R","2021-05-23","DE","quantile","0.975",0.929269876740004
"2021-06-23","7 day R","2021-05-24","DE","point","NA",0.620110354502607
"2021-06-23","7 day R","2021-05-24","DE","quantile","0.025",0.325932120612983
"2021-06-23","7 day R","2021-05-24","DE","quantile","0.975",0.911072624404951
"2021-06-23","7 day R","2021-05-25","DE","point","NA",0.601656088515519
"2021-06-23","7 day R","2021-05-25","DE","quantile","0.025",0.30708339773699
"2021-06-23","7 day R","2021-05-25","DE","quantile","0.975",0.892859889885881
"2021-06-23","7 day R","2021-05-26","DE","point","NA",0.600536994831594
"2021-06-23","7 day R","2021-05-26","DE","quantile","0.025",0.307372883128914
"2021-06-23","7 day R","2021-05-26","DE","quantile","0.975",0.89727544570472
"2021-06-23","7 day R","2021-05-27","DE","point","NA",0.610607367303574
"2021-06-23","7 day R","2021-05-27","DE","quantile","0.025",0.315732791338694
"2021-06-23","7 day R","2021-05-27","DE","quantile","0.975",0.903345540032009
"2021-06-23","7 day R","2021-05-28","DE","point","NA",0.616481373484454
"2021-06-23","7 day R","2021-05-28","DE","quantile","0.025",0.326292974401784
"2021-06-23","7 day R","2021-05-28","DE","quantile","0.975",0.911356803458945
"2021-06-23","7 day R","2021-05-29","DE","point","NA",0.615942893384382
"2021-06-23","7 day R","2021-05-29","DE","quantile","0.025",0.326427011570417
"2021-06-23","7 day R","2021-05-29","DE","quantile","0.975",0.909832933172744
"2021-06-23","7 day R","2021-05-30","DE","point","NA",0.609945608479762
"2021-06-23","7 day R","2021-05-30","DE","quantile","0.025",0.316865999682241
"2021-06-23","7 day R","2021-05-30","DE","quantile","0.975",0.905418911130791
"2021-06-23","7 day R","2021-05-31","DE","point","NA",0.600020349083177
"2021-06-23","7 day R","2021-05-31","DE","quantile","0.025",0.309896553687439
"2021-06-23","7 day R","2021-05-31","DE","quantile","0.975",0.893273057142616
"2021-06-23","7 day R","2021-06-01","DE","point","NA",0.589266745908398
"2021-06-23","7 day R","2021-06-01","DE","quantile","0.025",0.297189180792699
"2021-06-23","7 day R","2021-06-01","DE","quantile","0.975",0.885614095449971
"2021-06-23","7 day R","2021-06-02","DE","point","NA",0.583151879480462
"2021-06-23","7 day R","2021-06-02","DE","quantile","0.025",0.292822209442995
"2021-06-23","7 day R","2021-06-02","DE","quantile","0.975",0.880747831221285
"2021-06-23","7 day R","2021-06-03","DE","point","NA",0.574563284974469
"2021-06-23","7 day R","2021-06-03","DE","quantile","0.025",0.279662836462745
"2021-06-23","7 day R","2021-06-03","DE","quantile","0.975",0.870112295514775
"2021-06-23","7 day R","2021-06-04","DE","point","NA",0.570171576399152
"2021-06-23","7 day R","2021-06-04","DE","quantile","0.025",0.274005565572988
"2021-06-23","7 day R","2021-06-04","DE","quantile","0.975",0.861735890580387
"2021-06-23","7 day R","2021-06-05","DE","point","NA",0.569015835030688
"2021-06-23","7 day R","2021-06-05","DE","quantile","0.025",0.278655278201963
"2021-06-23","7 day R","2021-06-05","DE","quantile","0.975",0.865709525823813
"2021-06-23","7 day R","2021-06-06","DE","point","NA",0.569051472688182
"2021-06-23","7 day R","2021-06-06","DE","quantile","0.025",0.275554664835289
"2021-06-23","7 day R","2021-06-06","DE","quantile","0.975",0.862213017968719
"2021-06-23","7 day R","2021-06-07","DE","point","NA",0.563479279401276
"2021-06-23","7 day R","2021-06-07","DE","quantile","0.025",0.270486396328752
"2021-06-23","7 day R","2021-06-07","DE","quantile","0.975",0.858865914326718
"2021-06-23","7 day R","2021-06-08","DE","point","NA",0.556047134339603
"2021-06-23","7 day R","2021-06-08","DE","quantile","0.025",0.262028204440353
"2021-06-23","7 day R","2021-06-08","DE","quantile","0.975",0.849699014948578
"2021-06-23","7 day R","2021-06-09","DE","point","NA",0.549148599542185
"2021-06-23","7 day R","2021-06-09","DE","quantile","0.025",0.253306758164893
"2021-06-23","7 day R","2021-06-09","DE","quantile","0.975",0.847782654982895
"2021-06-23","7 day R","2021-06-10","DE","point","NA",0.54093140757307
"2021-06-23","7 day R","2021-06-10","DE","quantile","0.025",0.247025235911903
"2021-06-23","7 day R","2021-06-10","DE","quantile","0.975",0.831687384248307
"2021-06-23","7 day R","2021-06-11","DE","point","NA",0.53131112223232
"2021-06-23","7 day R","2021-06-11","DE","quantile","0.025",0.237460439888868
"2021-06-23","7 day R","2021-06-11","DE","quantile","0.975",0.827282582258876
"2021-06-23","7 day R","2021-06-12","DE","point","NA",0.521075838231405
"2021-06-23","7 day R","2021-06-12","DE","quantile","0.025",0.225997020009219
"2021-06-23","7 day R","2021-06-12","DE","quantile","0.975",0.816665719964678
"2021-06-23","7 day R","2021-06-13","DE","point","NA",0.511115531145566
"2021-06-23","7 day R","2021-06-13","DE","quantile","0.025",0.213476714261163
"2021-06-23","7 day R","2021-06-13","DE","quantile","0.975",0.81385720895489
"2021-06-23","7 day R","2021-06-14","DE","point","NA",0.498251499307499
"2021-06-23","7 day R","2021-06-14","DE","quantile","0.025",0.199538699108835
"2021-06-23","7 day R","2021-06-14","DE","quantile","0.975",0.800892586108535
"2021-06-23","7 day R","2021-06-15","DE","point","NA",0.483890582250765
"2021-06-23","7 day R","2021-06-15","DE","quantile","0.025",0.181356017530193
"2021-06-23","7 day R","2021-06-15","DE","quantile","0.975",0.789056904024702
"2021-06-23","7 day R","2021-06-16","DE","point","NA",0.470146345820556
"2021-06-23","7 day R","2021-06-16","DE","quantile","0.025",0.159282960439722
"2021-06-23","7 day R","2021-06-16","DE","quantile","0.975",0.78150205860187
"2021-06-23","7 day R","2021-06-17","DE","point","NA",0.465101983731094
"2021-06-23","7 day R","2021-06-17","DE","quantile","0.025",0.143903645389608
"2021-06-23","7 day R","2021-06-17","DE","quantile","0.975",0.782266336113967
"2021-06-23","7 day R","2021-06-18","DE","point","NA",0.468987611473402
"2021-06-23","7 day R","2021-06-18","DE","quantile","0.025",0.138145167730094
"2021-06-23","7 day R","2021-06-18","DE","quantile","0.975",0.800266157556649
"2021-06-23","7 day R","2021-06-19","DE","point","NA",0.476613630240683
"2021-06-23","7 day R","2021-06-19","DE","quantile","0.025",0.131188720497144
"2021-06-23","7 day R","2021-06-19","DE","quantile","0.975",0.820288372175616
"2021-06-23","7 day R","2021-06-20","DE","point","NA",0.48177459343836
"2021-06-23","7 day R","2021-06-20","DE","quantile","0.025",0.114285060168107
"2021-06-23","7 day R","2021-06-20","DE","quantile","0.975",0.847405878726593
"2021-06-23","7 day R","2021-06-21","DE","point","NA",0.484832383972618
"2021-06-23","7 day R","2021-06-21","DE","quantile","0.025",0.0804045012436003
"2021-06-23","7 day R","2021-06-21","DE","quantile","0.975",0.882782862433546
"2021-06-23","7 day R","2020-03-02","DE","point","NA",3.52243765933581
"2021-06-23","7 day R","2020-03-02","DE","quantile","0.025",3.14589917591636
"2021-06-23","7 day R","2020-03-02","DE","quantile","0.975",3.90472524726886
"2021-06-23","7 day R","2020-03-03","DE","point","NA",3.55631846078855
"2021-06-23","7 day R","2020-03-03","DE","quantile","0.025",3.20721048730149
"2021-06-23","7 day R","2020-03-03","DE","quantile","0.975",3.90965883223753
"2021-06-23","7 day R","2020-03-04","DE","point","NA",3.63608532106762
"2021-06-23","7 day R","2020-03-04","DE","quantile","0.025",3.30227056833896
"2021-06-23","7 day R","2020-03-04","DE","quantile","0.975",3.97801540080189
"2021-06-23","7 day R","2020-03-05","DE","point","NA",3.72298894223947
"2021-06-23","7 day R","2020-03-05","DE","quantile","0.025",3.38961242383856
"2021-06-23","7 day R","2020-03-05","DE","quantile","0.975",4.06708282077984
"2021-06-23","7 day R","2020-03-06","DE","point","NA",3.59523258478235
"2021-06-23","7 day R","2020-03-06","DE","quantile","0.025",3.2855506858606
"2021-06-23","7 day R","2020-03-06","DE","quantile","0.975",3.91233247611662
"2021-06-23","7 day R","2020-03-07","DE","point","NA",3.44823715702529
"2021-06-23","7 day R","2020-03-07","DE","quantile","0.025",3.15598475176259
"2021-06-23","7 day R","2020-03-07","DE","quantile","0.975",3.74614505042851
"2021-06-23","7 day R","2020-03-08","DE","point","NA",3.33240252613747
"2021-06-23","7 day R","2020-03-08","DE","quantile","0.025",3.04696790912022
"2021-06-23","7 day R","2020-03-08","DE","quantile","0.975",3.61256527692351
"2021-06-23","7 day R","2020-03-09","DE","point","NA",3.214110856201
"2021-06-23","7 day R","2020-03-09","DE","quantile","0.025",2.92916003640968
"2021-06-23","7 day R","2020-03-09","DE","quantile","0.975",3.49435249140275
"2021-06-23","7 day R","2020-03-10","DE","point","NA",3.13854038259656
"2021-06-23","7 day R","2020-03-10","DE","quantile","0.025",2.84672618750049
"2021-06-23","7 day R","2020-03-10","DE","quantile","0.975",3.42235365967897
"2021-06-23","7 day R","2020-03-11","DE","point","NA",3.05301043533014
"2021-06-23","7 day R","2020-03-11","DE","quantile","0.025",2.76013675092483
"2021-06-23","7 day R","2020-03-11","DE","quantile","0.975",3.33853727890818
"2021-06-23","7 day R","2020-03-12","DE","point","NA",2.94415887581148
"2021-06-23","7 day R","2020-03-12","DE","quantile","0.025",2.6395596910163
"2021-06-23","7 day R","2020-03-12","DE","quantile","0.975",3.23186657671617
"2021-06-23","7 day R","2020-03-13","DE","point","NA",2.9808056592893
"2021-06-23","7 day R","2020-03-13","DE","quantile","0.025",2.67562176123774
"2021-06-23","7 day R","2020-03-13","DE","quantile","0.975",3.27263530659911
"2021-06-23","7 day R","2020-03-14","DE","point","NA",3.01826983002286
"2021-06-23","7 day R","2020-03-14","DE","quantile","0.025",2.72365362767608
"2021-06-23","7 day R","2020-03-14","DE","quantile","0.975",3.31142761306013
"2021-06-23","7 day R","2020-03-15","DE","point","NA",3.02566414604268
"2021-06-23","7 day R","2020-03-15","DE","quantile","0.025",2.73595985298653
"2021-06-23","7 day R","2020-03-15","DE","quantile","0.975",3.31871802450145
"2021-06-23","7 day R","2020-03-16","DE","point","NA",3.01890704723445
"2021-06-23","7 day R","2020-03-16","DE","quantile","0.025",2.72938552269243
"2021-06-23","7 day R","2020-03-16","DE","quantile","0.975",3.31657184801972
"2021-06-23","7 day R","2020-03-17","DE","point","NA",2.97286955092589
"2021-06-23","7 day R","2020-03-17","DE","quantile","0.025",2.68530196924836
"2021-06-23","7 day R","2020-03-17","DE","quantile","0.975",3.26826329757503
"2021-06-23","7 day R","2020-03-18","DE","point","NA",2.88787251840138
"2021-06-23","7 day R","2020-03-18","DE","quantile","0.025",2.60199994877088
"2021-06-23","7 day R","2020-03-18","DE","quantile","0.975",3.18082340815395
"2021-06-23","7 day R","2020-03-19","DE","point","NA",2.75767991110311
"2021-06-23","7 day R","2020-03-19","DE","quantile","0.025",2.48022700576519
"2021-06-23","7 day R","2020-03-19","DE","quantile","0.975",3.0406642210814
"2021-06-23","7 day R","2020-03-20","DE","point","NA",2.64325894894532
"2021-06-23","7 day R","2020-03-20","DE","quantile","0.025",2.37099178967489
"2021-06-23","7 day R","2020-03-20","DE","quantile","0.975",2.92262228242767
"2021-06-23","7 day R","2020-03-21","DE","point","NA",2.50271020001296
"2021-06-23","7 day R","2020-03-21","DE","quantile","0.025",2.23005934071314
"2021-06-23","7 day R","2020-03-21","DE","quantile","0.975",2.77768683637186
"2021-06-23","7 day R","2020-03-22","DE","point","NA",2.39053970453854
"2021-06-23","7 day R","2020-03-22","DE","quantile","0.025",2.11649366802099
"2021-06-23","7 day R","2020-03-22","DE","quantile","0.975",2.66386290909961
"2021-06-23","7 day R","2020-03-23","DE","point","NA",2.30621333588383
"2021-06-23","7 day R","2020-03-23","DE","quantile","0.025",2.03443740737664
"2021-06-23","7 day R","2020-03-23","DE","quantile","0.975",2.57962683848367
"2021-06-23","7 day R","2020-03-24","DE","point","NA",2.19744875831777
"2021-06-23","7 day R","2020-03-24","DE","quantile","0.025",1.92114358458302
"2021-06-23","7 day R","2020-03-24","DE","quantile","0.975",2.46689939947898
"2021-06-23","7 day R","2020-03-25","DE","point","NA",2.09070685132914
"2021-06-23","7 day R","2020-03-25","DE","quantile","0.025",1.81190123669551
"2021-06-23","7 day R","2020-03-25","DE","quantile","0.975",2.36221447774433
"2021-06-23","7 day R","2020-03-26","DE","point","NA",2.01220624003675
"2021-06-23","7 day R","2020-03-26","DE","quantile","0.025",1.73629330206065
"2021-06-23","7 day R","2020-03-26","DE","quantile","0.975",2.28078743212714
"2021-06-23","7 day R","2020-03-27","DE","point","NA",1.9271105663901
"2021-06-23","7 day R","2020-03-27","DE","quantile","0.025",1.6487778584869
"2021-06-23","7 day R","2020-03-27","DE","quantile","0.975",2.19997414902316
"2021-06-23","7 day R","2020-03-28","DE","point","NA",1.84089867553552
"2021-06-23","7 day R","2020-03-28","DE","quantile","0.025",1.56320501788294
"2021-06-23","7 day R","2020-03-28","DE","quantile","0.975",2.11358190816032
"2021-06-23","7 day R","2020-03-29","DE","point","NA",1.72923874174141
"2021-06-23","7 day R","2020-03-29","DE","quantile","0.025",1.44728140996927
"2021-06-23","7 day R","2020-03-29","DE","quantile","0.975",2.00117671446831
"2021-06-23","7 day R","2020-03-30","DE","point","NA",1.62698871270451
"2021-06-23","7 day R","2020-03-30","DE","quantile","0.025",1.34403262947807
"2021-06-23","7 day R","2020-03-30","DE","quantile","0.975",1.90112338716113
"2021-06-23","7 day R","2020-03-31","DE","point","NA",1.52778831921927
"2021-06-23","7 day R","2020-03-31","DE","quantile","0.025",1.24871431984322
"2021-06-23","7 day R","2020-03-31","DE","quantile","0.975",1.80191037720492
"2021-06-23","7 day R","2020-04-01","DE","point","NA",1.43424544996415
"2021-06-23","7 day R","2020-04-01","DE","quantile","0.025",1.15166934389389
"2021-06-23","7 day R","2020-04-01","DE","quantile","0.975",1.70805384336491
"2021-06-23","7 day R","2020-04-02","DE","point","NA",1.3521271813188
"2021-06-23","7 day R","2020-04-02","DE","quantile","0.025",1.07287121002463
"2021-06-23","7 day R","2020-04-02","DE","quantile","0.975",1.62933838632233
"2021-06-23","7 day R","2020-04-03","DE","point","NA",1.27942611411109
"2021-06-23","7 day R","2020-04-03","DE","quantile","0.025",1.00744792591548
"2021-06-23","7 day R","2020-04-03","DE","quantile","0.975",1.55306899182742
"2021-06-23","7 day R","2020-04-04","DE","point","NA",1.22015502192413
"2021-06-23","7 day R","2020-04-04","DE","quantile","0.025",0.941690897651109
"2021-06-23","7 day R","2020-04-04","DE","quantile","0.975",1.4899389991567
"2021-06-23","7 day R","2020-04-05","DE","point","NA",1.15806225576289
"2021-06-23","7 day R","2020-04-05","DE","quantile","0.025",0.879365996009039
"2021-06-23","7 day R","2020-04-05","DE","quantile","0.975",1.43363987589584
"2021-06-23","7 day R","2020-04-06","DE","point","NA",1.09625866703816
"2021-06-23","7 day R","2020-04-06","DE","quantile","0.025",0.818792250298412
"2021-06-23","7 day R","2020-04-06","DE","quantile","0.975",1.36926211353798
"2021-06-23","7 day R","2020-04-07","DE","point","NA",1.03990994598379
"2021-06-23","7 day R","2020-04-07","DE","quantile","0.025",0.760330664818873
"2021-06-23","7 day R","2020-04-07","DE","quantile","0.975",1.31294481729405
"2021-06-23","7 day R","2020-04-08","DE","point","NA",0.979707031120945
"2021-06-23","7 day R","2020-04-08","DE","quantile","0.025",0.703030844302709
"2021-06-23","7 day R","2020-04-08","DE","quantile","0.975",1.25792583292553
"2021-06-23","7 day R","2020-04-09","DE","point","NA",0.920448938485886
"2021-06-23","7 day R","2020-04-09","DE","quantile","0.025",0.640977421531039
"2021-06-23","7 day R","2020-04-09","DE","quantile","0.975",1.19175583978348
"2021-06-23","7 day R","2020-04-10","DE","point","NA",0.873049555754342
"2021-06-23","7 day R","2020-04-10","DE","quantile","0.025",0.596594521641284
"2021-06-23","7 day R","2020-04-10","DE","quantile","0.975",1.15127337259374
"2021-06-23","7 day R","2020-04-11","DE","point","NA",0.84274973152545
"2021-06-23","7 day R","2020-04-11","DE","quantile","0.025",0.567458831668344
"2021-06-23","7 day R","2020-04-11","DE","quantile","0.975",1.11548224526601
"2021-06-23","7 day R","2020-04-12","DE","point","NA",0.816143901556195
"2021-06-23","7 day R","2020-04-12","DE","quantile","0.025",0.53992960235455
"2021-06-23","7 day R","2020-04-12","DE","quantile","0.975",1.08945491390051
"2021-06-23","7 day R","2020-04-13","DE","point","NA",0.78262548747763
"2021-06-23","7 day R","2020-04-13","DE","quantile","0.025",0.505557650207359
"2021-06-23","7 day R","2020-04-13","DE","quantile","0.975",1.05637213031629
"2021-06-23","7 day R","2020-04-14","DE","point","NA",0.748153617203445
"2021-06-23","7 day R","2020-04-14","DE","quantile","0.025",0.47282056735529
"2021-06-23","7 day R","2020-04-14","DE","quantile","0.975",1.02493268859865
"2021-06-23","7 day R","2020-04-15","DE","point","NA",0.727524449500747
"2021-06-23","7 day R","2020-04-15","DE","quantile","0.025",0.449120967467394
"2021-06-23","7 day R","2020-04-15","DE","quantile","0.975",1.00246307429211
"2021-06-23","7 day R","2020-04-16","DE","point","NA",0.711833958726321
"2021-06-23","7 day R","2020-04-16","DE","quantile","0.025",0.432712768113311
"2021-06-23","7 day R","2020-04-16","DE","quantile","0.975",0.982865238948434
"2021-06-23","7 day R","2020-04-17","DE","point","NA",0.708004618351664
"2021-06-23","7 day R","2020-04-17","DE","quantile","0.025",0.431255324947418
"2021-06-23","7 day R","2020-04-17","DE","quantile","0.975",0.979611805472401
"2021-06-23","7 day R","2020-04-18","DE","point","NA",0.699436306350079
"2021-06-23","7 day R","2020-04-18","DE","quantile","0.025",0.421769333614017
"2021-06-23","7 day R","2020-04-18","DE","quantile","0.975",0.972469539795499
"2021-06-23","7 day R","2020-04-19","DE","point","NA",0.691010257515028
"2021-06-23","7 day R","2020-04-19","DE","quantile","0.025",0.410123668669284
"2021-06-23","7 day R","2020-04-19","DE","quantile","0.975",0.966766068981621
"2021-06-23","7 day R","2020-04-20","DE","point","NA",0.679108092479926
"2021-06-23","7 day R","2020-04-20","DE","quantile","0.025",0.402213704897087
"2021-06-23","7 day R","2020-04-20","DE","quantile","0.975",0.953060425613229
"2021-06-23","7 day R","2020-04-21","DE","point","NA",0.657847033848987
"2021-06-23","7 day R","2020-04-21","DE","quantile","0.025",0.380800918454468
"2021-06-23","7 day R","2020-04-21","DE","quantile","0.975",0.932404692430436
"2021-06-23","7 day R","2020-04-22","DE","point","NA",0.642870676976715
"2021-06-23","7 day R","2020-04-22","DE","quantile","0.025",0.367173340306537
"2021-06-23","7 day R","2020-04-22","DE","quantile","0.975",0.915328729645763
"2021-06-23","7 day R","2020-04-23","DE","point","NA",0.63180934314865
"2021-06-23","7 day R","2020-04-23","DE","quantile","0.025",0.352380221627348
"2021-06-23","7 day R","2020-04-23","DE","quantile","0.975",0.907330390569369
"2021-06-23","7 day R","2020-04-24","DE","point","NA",0.623306380782657
"2021-06-23","7 day R","2020-04-24","DE","quantile","0.025",0.343079459536232
"2021-06-23","7 day R","2020-04-24","DE","quantile","0.975",0.899088999314719
"2021-06-23","7 day R","2020-04-25","DE","point","NA",0.622210679567057
"2021-06-23","7 day R","2020-04-25","DE","quantile","0.025",0.344558355904436
"2021-06-23","7 day R","2020-04-25","DE","quantile","0.975",0.897405273828878
"2021-06-23","7 day R","2020-04-26","DE","point","NA",0.618027591806322
"2021-06-23","7 day R","2020-04-26","DE","quantile","0.025",0.342562159442153
"2021-06-23","7 day R","2020-04-26","DE","quantile","0.975",0.89023920376181
"2021-06-23","7 day R","2020-04-27","DE","point","NA",0.608243511168532
"2021-06-23","7 day R","2020-04-27","DE","quantile","0.025",0.334502671207986
"2021-06-23","7 day R","2020-04-27","DE","quantile","0.975",0.882865416355155
"2021-06-23","7 day R","2020-04-28","DE","point","NA",0.594994539841751
"2021-06-23","7 day R","2020-04-28","DE","quantile","0.025",0.318388284973446
"2021-06-23","7 day R","2020-04-28","DE","quantile","0.975",0.869854229029397
"2021-06-23","7 day R","2020-04-29","DE","point","NA",0.582835133468862
"2021-06-23","7 day R","2020-04-29","DE","quantile","0.025",0.307434919561123
"2021-06-23","7 day R","2020-04-29","DE","quantile","0.975",0.859430336067456
"2021-06-23","7 day R","2020-04-30","DE","point","NA",0.570494606328345
"2021-06-23","7 day R","2020-04-30","DE","quantile","0.025",0.29162942608713
"2021-06-23","7 day R","2020-04-30","DE","quantile","0.975",0.842143444530098
"2021-06-23","7 day R","2020-05-01","DE","point","NA",0.565762952376509
"2021-06-23","7 day R","2020-05-01","DE","quantile","0.025",0.288698295968243
"2021-06-23","7 day R","2020-05-01","DE","quantile","0.975",0.841090962644598
"2021-06-23","7 day R","2020-05-02","DE","point","NA",0.573061113130176
"2021-06-23","7 day R","2020-05-02","DE","quantile","0.025",0.29264842631984
"2021-06-23","7 day R","2020-05-02","DE","quantile","0.975",0.850347101255577
"2021-06-23","7 day R","2020-05-03","DE","point","NA",0.579958435653336
"2021-06-23","7 day R","2020-05-03","DE","quantile","0.025",0.301060729378182
"2021-06-23","7 day R","2020-05-03","DE","quantile","0.975",0.853492346249459
"2021-06-23","7 day R","2020-05-04","DE","point","NA",0.586152866671669
"2021-06-23","7 day R","2020-05-04","DE","quantile","0.025",0.31115290943085
"2021-06-23","7 day R","2020-05-04","DE","quantile","0.975",0.859236835263073
"2021-06-23","7 day R","2020-05-05","DE","point","NA",0.594375121242023
"2021-06-23","7 day R","2020-05-05","DE","quantile","0.025",0.321826113994141
"2021-06-23","7 day R","2020-05-05","DE","quantile","0.975",0.869009768645385
"2021-06-23","7 day R","2020-05-06","DE","point","NA",0.603463425339908
"2021-06-23","7 day R","2020-05-06","DE","quantile","0.025",0.329078565932276
"2021-06-23","7 day R","2020-05-06","DE","quantile","0.975",0.878630310482853
"2021-06-23","7 day R","2020-05-07","DE","point","NA",0.612182673779905
"2021-06-23","7 day R","2020-05-07","DE","quantile","0.025",0.338158555429049
"2021-06-23","7 day R","2020-05-07","DE","quantile","0.975",0.887449361287563
"2021-06-23","7 day R","2020-05-08","DE","point","NA",0.616657127133331
"2021-06-23","7 day R","2020-05-08","DE","quantile","0.025",0.337625167571506
"2021-06-23","7 day R","2020-05-08","DE","quantile","0.975",0.896178646153716
"2021-06-23","7 day R","2020-05-09","DE","point","NA",0.620237997123799
"2021-06-23","7 day R","2020-05-09","DE","quantile","0.025",0.343693297421738
"2021-06-23","7 day R","2020-05-09","DE","quantile","0.975",0.89526964531834
"2021-06-23","7 day R","2020-05-10","DE","point","NA",0.621392640350996
"2021-06-23","7 day R","2020-05-10","DE","quantile","0.025",0.34452539034124
"2021-06-23","7 day R","2020-05-10","DE","quantile","0.975",0.898499255554711
"2021-06-23","7 day R","2020-05-11","DE","point","NA",0.624092384477775
"2021-06-23","7 day R","2020-05-11","DE","quantile","0.025",0.341747953059605
"2021-06-23","7 day R","2020-05-11","DE","quantile","0.975",0.901996034426434
"2021-06-23","7 day R","2020-05-12","DE","point","NA",0.61423774974065
"2021-06-23","7 day R","2020-05-12","DE","quantile","0.025",0.339111248774834
"2021-06-23","7 day R","2020-05-12","DE","quantile","0.975",0.889283738551043
"2021-06-23","7 day R","2020-05-13","DE","point","NA",0.61404659448162
"2021-06-23","7 day R","2020-05-13","DE","quantile","0.025",0.336154933941987
"2021-06-23","7 day R","2020-05-13","DE","quantile","0.975",0.889992632285373
"2021-06-23","7 day R","2020-05-14","DE","point","NA",0.608348909721639
"2021-06-23","7 day R","2020-05-14","DE","quantile","0.025",0.332318128451069
"2021-06-23","7 day R","2020-05-14","DE","quantile","0.975",0.883721974165662
"2021-06-23","7 day R","2020-05-15","DE","point","NA",0.624650901217928
"2021-06-23","7 day R","2020-05-15","DE","quantile","0.025",0.349349033003373
"2021-06-23","7 day R","2020-05-15","DE","quantile","0.975",0.902269591603412
"2021-06-23","7 day R","2020-05-16","DE","point","NA",0.648314261700444
"2021-06-23","7 day R","2020-05-16","DE","quantile","0.025",0.376116408652926
"2021-06-23","7 day R","2020-05-16","DE","quantile","0.975",0.926369013415898
"2021-06-23","7 day R","2020-05-17","DE","point","NA",0.670296328473897
"2021-06-23","7 day R","2020-05-17","DE","quantile","0.025",0.399711458011942
"2021-06-23","7 day R","2020-05-17","DE","quantile","0.975",0.945708984750922
"2021-06-23","7 day R","2020-05-18","DE","point","NA",0.684176411382972
"2021-06-23","7 day R","2020-05-18","DE","quantile","0.025",0.407435168057509
"2021-06-23","7 day R","2020-05-18","DE","quantile","0.975",0.959893482170347
"2021-06-23","7 day R","2020-05-19","DE","point","NA",0.704851761844697
"2021-06-23","7 day R","2020-05-19","DE","quantile","0.025",0.428026992694392
"2021-06-23","7 day R","2020-05-19","DE","quantile","0.975",0.983102082253144
"2021-06-23","7 day R","2020-05-20","DE","point","NA",0.692657476216582
"2021-06-23","7 day R","2020-05-20","DE","quantile","0.025",0.418121851974431
"2021-06-23","7 day R","2020-05-20","DE","quantile","0.975",0.970048773667275
"2021-06-23","7 day R","2020-05-21","DE","point","NA",0.674907812653059
"2021-06-23","7 day R","2020-05-21","DE","quantile","0.025",0.400277494361139
"2021-06-23","7 day R","2020-05-21","DE","quantile","0.975",0.953732079346591
"2021-06-23","7 day R","2020-05-22","DE","point","NA",0.666403942719299
"2021-06-23","7 day R","2020-05-22","DE","quantile","0.025",0.387643540317482
"2021-06-23","7 day R","2020-05-22","DE","quantile","0.975",0.943317037897998
"2021-06-23","7 day R","2020-05-23","DE","point","NA",0.664159553884463
"2021-06-23","7 day R","2020-05-23","DE","quantile","0.025",0.387974357417324
"2021-06-23","7 day R","2020-05-23","DE","quantile","0.975",0.943814486955725
"2021-06-23","7 day R","2020-05-24","DE","point","NA",0.66877478106896
"2021-06-23","7 day R","2020-05-24","DE","quantile","0.025",0.392304714002755
"2021-06-23","7 day R","2020-05-24","DE","quantile","0.975",0.946886201515443
"2021-06-23","7 day R","2020-05-25","DE","point","NA",0.676110515634774
"2021-06-23","7 day R","2020-05-25","DE","quantile","0.025",0.400909529300402
"2021-06-23","7 day R","2020-05-25","DE","quantile","0.975",0.953425317425088
"2021-06-23","7 day R","2020-05-26","DE","point","NA",0.682728967048071
"2021-06-23","7 day R","2020-05-26","DE","quantile","0.025",0.406711138625548
"2021-06-23","7 day R","2020-05-26","DE","quantile","0.975",0.957134651854301
"2021-06-23","7 day R","2020-05-27","DE","point","NA",0.686602033973417
"2021-06-23","7 day R","2020-05-27","DE","quantile","0.025",0.41225626892529
"2021-06-23","7 day R","2020-05-27","DE","quantile","0.975",0.959159073071164
"2021-06-23","7 day R","2020-05-28","DE","point","NA",0.695942789569765
"2021-06-23","7 day R","2020-05-28","DE","quantile","0.025",0.424191696533214
"2021-06-23","7 day R","2020-05-28","DE","quantile","0.975",0.969981331517455
"2021-06-23","7 day R","2020-05-29","DE","point","NA",0.695596542537818
"2021-06-23","7 day R","2020-05-29","DE","quantile","0.025",0.418516369940343
"2021-06-23","7 day R","2020-05-29","DE","quantile","0.975",0.968630650893614
"2021-06-23","7 day R","2020-05-30","DE","point","NA",0.685203757835857
"2021-06-23","7 day R","2020-05-30","DE","quantile","0.025",0.405402271234215
"2021-06-23","7 day R","2020-05-30","DE","quantile","0.975",0.959649927001447
"2021-06-23","7 day R","2020-05-31","DE","point","NA",0.677795290935021
"2021-06-23","7 day R","2020-05-31","DE","quantile","0.025",0.401033575898868
"2021-06-23","7 day R","2020-05-31","DE","quantile","0.975",0.949269350248353
"2021-06-23","7 day R","2020-06-01","DE","point","NA",0.675103108552546
"2021-06-23","7 day R","2020-06-01","DE","quantile","0.025",0.396987300312136
"2021-06-23","7 day R","2020-06-01","DE","quantile","0.975",0.946830004707847
"2021-06-23","7 day R","2020-06-02","DE","point","NA",0.678278883450607
"2021-06-23","7 day R","2020-06-02","DE","quantile","0.025",0.394396729586507
"2021-06-23","7 day R","2020-06-02","DE","quantile","0.975",0.951966334884837
"2021-06-23","7 day R","2020-06-03","DE","point","NA",0.69882352751764
"2021-06-23","7 day R","2020-06-03","DE","quantile","0.025",0.41834000304592
"2021-06-23","7 day R","2020-06-03","DE","quantile","0.975",0.974482945540318
"2021-06-23","7 day R","2020-06-04","DE","point","NA",0.722787304301682
"2021-06-23","7 day R","2020-06-04","DE","quantile","0.025",0.446103433882458
"2021-06-23","7 day R","2020-06-04","DE","quantile","0.975",1.00052284174985
"2021-06-23","7 day R","2020-06-05","DE","point","NA",0.758341539237583
"2021-06-23","7 day R","2020-06-05","DE","quantile","0.025",0.478752823328221
"2021-06-23","7 day R","2020-06-05","DE","quantile","0.975",1.03723696145875
"2021-06-23","7 day R","2020-06-06","DE","point","NA",0.79658668269507
"2021-06-23","7 day R","2020-06-06","DE","quantile","0.025",0.519871742699401
"2021-06-23","7 day R","2020-06-06","DE","quantile","0.975",1.07467232603343
"2021-06-23","7 day R","2020-06-07","DE","point","NA",0.801445009203113
"2021-06-23","7 day R","2020-06-07","DE","quantile","0.025",0.525497035057926
"2021-06-23","7 day R","2020-06-07","DE","quantile","0.975",1.07454812679551
"2021-06-23","7 day R","2020-06-08","DE","point","NA",0.800855005483651
"2021-06-23","7 day R","2020-06-08","DE","quantile","0.025",0.524652340544634
"2021-06-23","7 day R","2020-06-08","DE","quantile","0.975",1.07816856258688
"2021-06-23","7 day R","2020-06-09","DE","point","NA",0.78739924941431
"2021-06-23","7 day R","2020-06-09","DE","quantile","0.025",0.51148888456941
"2021-06-23","7 day R","2020-06-09","DE","quantile","0.975",1.06279046229959
"2021-06-23","7 day R","2020-06-10","DE","point","NA",0.780269320317665
"2021-06-23","7 day R","2020-06-10","DE","quantile","0.025",0.501614553353663
"2021-06-23","7 day R","2020-06-10","DE","quantile","0.975",1.05590190279528
"2021-06-23","7 day R","2020-06-11","DE","point","NA",0.801661201650793
"2021-06-23","7 day R","2020-06-11","DE","quantile","0.025",0.518204811759628
"2021-06-23","7 day R","2020-06-11","DE","quantile","0.975",1.0739163775263
"2021-06-23","7 day R","2020-06-12","DE","point","NA",0.862589613480437
"2021-06-23","7 day R","2020-06-12","DE","quantile","0.025",0.585958427864612
"2021-06-23","7 day R","2020-06-12","DE","quantile","0.975",1.13490158570812
"2021-06-23","7 day R","2020-06-13","DE","point","NA",0.906849987086312
"2021-06-23","7 day R","2020-06-13","DE","quantile","0.025",0.63210644898324
"2021-06-23","7 day R","2020-06-13","DE","quantile","0.975",1.18011495568621
"2021-06-23","7 day R","2020-06-14","DE","point","NA",0.977614711145402
"2021-06-23","7 day R","2020-06-14","DE","quantile","0.025",0.699965089192122
"2021-06-23","7 day R","2020-06-14","DE","quantile","0.975",1.25174483854884
"2021-06-23","7 day R","2020-06-15","DE","point","NA",1.05213657879626
"2021-06-23","7 day R","2020-06-15","DE","quantile","0.025",0.777991504222266
"2021-06-23","7 day R","2020-06-15","DE","quantile","0.975",1.32803626483518
"2021-06-23","7 day R","2020-06-16","DE","point","NA",1.14238626645377
"2021-06-23","7 day R","2020-06-16","DE","quantile","0.025",0.866396391607357
"2021-06-23","7 day R","2020-06-16","DE","quantile","0.975",1.42301942806258
"2021-06-23","7 day R","2020-06-17","DE","point","NA",1.21160027021269
"2021-06-23","7 day R","2020-06-17","DE","quantile","0.025",0.930452370930797
"2021-06-23","7 day R","2020-06-17","DE","quantile","0.975",1.50229564568058
"2021-06-23","7 day R","2020-06-18","DE","point","NA",1.27314419675276
"2021-06-23","7 day R","2020-06-18","DE","quantile","0.025",0.987829980819238
"2021-06-23","7 day R","2020-06-18","DE","quantile","0.975",1.56739673921992
"2021-06-23","7 day R","2020-06-19","DE","point","NA",1.240881284181
"2021-06-23","7 day R","2020-06-19","DE","quantile","0.025",0.962530278865829
"2021-06-23","7 day R","2020-06-19","DE","quantile","0.975",1.52635263392648
"2021-06-23","7 day R","2020-06-20","DE","point","NA",1.22280245510027
"2021-06-23","7 day R","2020-06-20","DE","quantile","0.025",0.94760671942887
"2021-06-23","7 day R","2020-06-20","DE","quantile","0.975",1.50565650105839
"2021-06-23","7 day R","2020-06-21","DE","point","NA",1.2108113975794
"2021-06-23","7 day R","2020-06-21","DE","quantile","0.025",0.937148564573698
"2021-06-23","7 day R","2020-06-21","DE","quantile","0.975",1.49298111658991
"2021-06-23","7 day R","2020-06-22","DE","point","NA",1.17979608526358
"2021-06-23","7 day R","2020-06-22","DE","quantile","0.025",0.90821980498962
"2021-06-23","7 day R","2020-06-22","DE","quantile","0.975",1.45775857004657
"2021-06-23","7 day R","2020-06-23","DE","point","NA",1.14313687582683
"2021-06-23","7 day R","2020-06-23","DE","quantile","0.025",0.870595510327339
"2021-06-23","7 day R","2020-06-23","DE","quantile","0.975",1.41862045622669
"2021-06-23","7 day R","2020-06-24","DE","point","NA",1.09470033409529
"2021-06-23","7 day R","2020-06-24","DE","quantile","0.025",0.820689508448982
"2021-06-23","7 day R","2020-06-24","DE","quantile","0.975",1.37066165876029
"2021-06-23","7 day R","2020-06-25","DE","point","NA",1.0528634868502
"2021-06-23","7 day R","2020-06-25","DE","quantile","0.025",0.778553493437834
"2021-06-23","7 day R","2020-06-25","DE","quantile","0.975",1.32973680940931
"2021-06-23","7 day R","2020-06-26","DE","point","NA",1.0346404943022
"2021-06-23","7 day R","2020-06-26","DE","quantile","0.025",0.758302188197538
"2021-06-23","7 day R","2020-06-26","DE","quantile","0.975",1.30814761009383
"2021-06-23","7 day R","2020-06-27","DE","point","NA",1.00775092921617
"2021-06-23","7 day R","2020-06-27","DE","quantile","0.025",0.734648107034656
"2021-06-23","7 day R","2020-06-27","DE","quantile","0.975",1.28217091296105
"2021-06-23","7 day R","2020-06-28","DE","point","NA",0.976740293823966
"2021-06-23","7 day R","2020-06-28","DE","quantile","0.025",0.700847264907827
"2021-06-23","7 day R","2020-06-28","DE","quantile","0.975",1.2523775019621
"2021-06-23","7 day R","2020-06-29","DE","point","NA",0.957672631370635
"2021-06-23","7 day R","2020-06-29","DE","quantile","0.025",0.683030746250691
"2021-06-23","7 day R","2020-06-29","DE","quantile","0.975",1.23382063552529
"2021-06-23","7 day R","2020-06-30","DE","point","NA",0.94488410571513
"2021-06-23","7 day R","2020-06-30","DE","quantile","0.025",0.669038998506158
"2021-06-23","7 day R","2020-06-30","DE","quantile","0.975",1.21730632308554
"2021-06-23","7 day R","2020-07-01","DE","point","NA",0.940109610265094
"2021-06-23","7 day R","2020-07-01","DE","quantile","0.025",0.66925651255458
"2021-06-23","7 day R","2020-07-01","DE","quantile","0.975",1.21479266355146
"2021-06-23","7 day R","2020-07-02","DE","point","NA",0.929448155177162
"2021-06-23","7 day R","2020-07-02","DE","quantile","0.025",0.65501897232576
"2021-06-23","7 day R","2020-07-02","DE","quantile","0.975",1.20323664385961
"2021-06-23","7 day R","2020-07-03","DE","point","NA",0.92854537044254
"2021-06-23","7 day R","2020-07-03","DE","quantile","0.025",0.648694690733136
"2021-06-23","7 day R","2020-07-03","DE","quantile","0.975",1.20295436908438
"2021-06-23","7 day R","2020-07-04","DE","point","NA",0.937527320173738
"2021-06-23","7 day R","2020-07-04","DE","quantile","0.025",0.659710573808091
"2021-06-23","7 day R","2020-07-04","DE","quantile","0.975",1.2131726717003
"2021-06-23","7 day R","2020-07-05","DE","point","NA",0.937650359775747
"2021-06-23","7 day R","2020-07-05","DE","quantile","0.025",0.659137255170193
"2021-06-23","7 day R","2020-07-05","DE","quantile","0.975",1.21168536129358
"2021-06-23","7 day R","2020-07-06","DE","point","NA",0.928283370819678
"2021-06-23","7 day R","2020-07-06","DE","quantile","0.025",0.650572204767384
"2021-06-23","7 day R","2020-07-06","DE","quantile","0.975",1.20076102304493
"2021-06-23","7 day R","2020-07-07","DE","point","NA",0.900982972735088
"2021-06-23","7 day R","2020-07-07","DE","quantile","0.025",0.622819252753052
"2021-06-23","7 day R","2020-07-07","DE","quantile","0.975",1.1752669061097
"2021-06-23","7 day R","2020-07-08","DE","point","NA",0.883981261582055
"2021-06-23","7 day R","2020-07-08","DE","quantile","0.025",0.607948476796105
"2021-06-23","7 day R","2020-07-08","DE","quantile","0.975",1.15719764399836
"2021-06-23","7 day R","2020-07-09","DE","point","NA",0.876677572948113
"2021-06-23","7 day R","2020-07-09","DE","quantile","0.025",0.605129000747488
"2021-06-23","7 day R","2020-07-09","DE","quantile","0.975",1.15030797822662
"2021-06-23","7 day R","2020-07-10","DE","point","NA",0.893712303293728
"2021-06-23","7 day R","2020-07-10","DE","quantile","0.025",0.61545538137889
"2021-06-23","7 day R","2020-07-10","DE","quantile","0.975",1.16686133647601
"2021-06-23","7 day R","2020-07-11","DE","point","NA",0.923530497689113
"2021-06-23","7 day R","2020-07-11","DE","quantile","0.025",0.645656313254088
"2021-06-23","7 day R","2020-07-11","DE","quantile","0.975",1.1981372939612
"2021-06-23","7 day R","2020-07-12","DE","point","NA",0.944852973963239
"2021-06-23","7 day R","2020-07-12","DE","quantile","0.025",0.668427564340461
"2021-06-23","7 day R","2020-07-12","DE","quantile","0.975",1.21618420417523
"2021-06-23","7 day R","2020-07-13","DE","point","NA",0.965360183554186
"2021-06-23","7 day R","2020-07-13","DE","quantile","0.025",0.689529192506485
"2021-06-23","7 day R","2020-07-13","DE","quantile","0.975",1.24131944940259
"2021-06-23","7 day R","2020-07-14","DE","point","NA",1.0020948843529
"2021-06-23","7 day R","2020-07-14","DE","quantile","0.025",0.728335522941743
"2021-06-23","7 day R","2020-07-14","DE","quantile","0.975",1.27473438942398
"2021-06-23","7 day R","2020-07-15","DE","point","NA",1.04748013819771
"2021-06-23","7 day R","2020-07-15","DE","quantile","0.025",0.770883866518781
"2021-06-23","7 day R","2020-07-15","DE","quantile","0.975",1.3207666587465
"2021-06-23","7 day R","2020-07-16","DE","point","NA",1.09206642423952
"2021-06-23","7 day R","2020-07-16","DE","quantile","0.025",0.816062949662951
"2021-06-23","7 day R","2020-07-16","DE","quantile","0.975",1.36531206657568
"2021-06-23","7 day R","2020-07-17","DE","point","NA",1.12623498775311
"2021-06-23","7 day R","2020-07-17","DE","quantile","0.025",0.84767367615877
"2021-06-23","7 day R","2020-07-17","DE","quantile","0.975",1.40321109492031
"2021-06-23","7 day R","2020-07-18","DE","point","NA",1.14752973330833
"2021-06-23","7 day R","2020-07-18","DE","quantile","0.025",0.86718725571693
"2021-06-23","7 day R","2020-07-18","DE","quantile","0.975",1.42287310495924
"2021-06-23","7 day R","2020-07-19","DE","point","NA",1.17034985046095
"2021-06-23","7 day R","2020-07-19","DE","quantile","0.025",0.892802646110116
"2021-06-23","7 day R","2020-07-19","DE","quantile","0.975",1.4478632391343
"2021-06-23","7 day R","2020-07-20","DE","point","NA",1.19083444918926
"2021-06-23","7 day R","2020-07-20","DE","quantile","0.025",0.915010151256515
"2021-06-23","7 day R","2020-07-20","DE","quantile","0.975",1.47195181685184
"2021-06-23","7 day R","2020-07-21","DE","point","NA",1.1968233715896
"2021-06-23","7 day R","2020-07-21","DE","quantile","0.025",0.920910932136847
"2021-06-23","7 day R","2020-07-21","DE","quantile","0.975",1.4740864211829
"2021-06-23","7 day R","2020-07-22","DE","point","NA",1.2108054866635
"2021-06-23","7 day R","2020-07-22","DE","quantile","0.025",0.937968596174389
"2021-06-23","7 day R","2020-07-22","DE","quantile","0.975",1.48839079312932
"2021-06-23","7 day R","2020-07-23","DE","point","NA",1.22925121445702
"2021-06-23","7 day R","2020-07-23","DE","quantile","0.025",0.954744059550294
"2021-06-23","7 day R","2020-07-23","DE","quantile","0.975",1.50375209635511
"2021-06-23","7 day R","2020-07-24","DE","point","NA",1.25267473894436
"2021-06-23","7 day R","2020-07-24","DE","quantile","0.025",0.974179840531734
"2021-06-23","7 day R","2020-07-24","DE","quantile","0.975",1.5264532171582
"2021-06-23","7 day R","2020-07-25","DE","point","NA",1.26550829840026
"2021-06-23","7 day R","2020-07-25","DE","quantile","0.025",0.990258733941269
"2021-06-23","7 day R","2020-07-25","DE","quantile","0.975",1.53959578063327
"2021-06-23","7 day R","2020-07-26","DE","point","NA",1.26348169262707
"2021-06-23","7 day R","2020-07-26","DE","quantile","0.025",0.994007301697138
"2021-06-23","7 day R","2020-07-26","DE","quantile","0.975",1.53903366081725
"2021-06-23","7 day R","2020-07-27","DE","point","NA",1.25645696081746
"2021-06-23","7 day R","2020-07-27","DE","quantile","0.025",0.984517862229488
"2021-06-23","7 day R","2020-07-27","DE","quantile","0.975",1.52999443450086
"2021-06-23","7 day R","2020-07-28","DE","point","NA",1.27404226479272
"2021-06-23","7 day R","2020-07-28","DE","quantile","0.025",0.99957542994849
"2021-06-23","7 day R","2020-07-28","DE","quantile","0.975",1.54914023285208
"2021-06-23","7 day R","2020-07-29","DE","point","NA",1.28871173949594
"2021-06-23","7 day R","2020-07-29","DE","quantile","0.025",1.01132061223758
"2021-06-23","7 day R","2020-07-29","DE","quantile","0.975",1.56125505651127
"2021-06-23","7 day R","2020-07-30","DE","point","NA",1.29887401185652
"2021-06-23","7 day R","2020-07-30","DE","quantile","0.025",1.02452163771959
"2021-06-23","7 day R","2020-07-30","DE","quantile","0.975",1.57201381883645
"2021-06-23","7 day R","2020-07-31","DE","point","NA",1.2906178545757
"2021-06-23","7 day R","2020-07-31","DE","quantile","0.025",1.01865300293549
"2021-06-23","7 day R","2020-07-31","DE","quantile","0.975",1.56587296345125
"2021-06-23","7 day R","2020-08-01","DE","point","NA",1.28504004319253
"2021-06-23","7 day R","2020-08-01","DE","quantile","0.025",1.01460649411458
"2021-06-23","7 day R","2020-08-01","DE","quantile","0.975",1.56285797877949
"2021-06-23","7 day R","2020-08-02","DE","point","NA",1.28302550903044
"2021-06-23","7 day R","2020-08-02","DE","quantile","0.025",1.01078933408232
"2021-06-23","7 day R","2020-08-02","DE","quantile","0.975",1.56178364124709
"2021-06-23","7 day R","2020-08-03","DE","point","NA",1.29728377756419
"2021-06-23","7 day R","2020-08-03","DE","quantile","0.025",1.0234936256129
"2021-06-23","7 day R","2020-08-03","DE","quantile","0.975",1.57051042076188
"2021-06-23","7 day R","2020-08-04","DE","point","NA",1.30774990757533
"2021-06-23","7 day R","2020-08-04","DE","quantile","0.025",1.0337897019428
"2021-06-23","7 day R","2020-08-04","DE","quantile","0.975",1.58324118527924
"2021-06-23","7 day R","2020-08-05","DE","point","NA",1.32125401854928
"2021-06-23","7 day R","2020-08-05","DE","quantile","0.025",1.05208662550614
"2021-06-23","7 day R","2020-08-05","DE","quantile","0.975",1.59839395097588
"2021-06-23","7 day R","2020-08-06","DE","point","NA",1.30988714707315
"2021-06-23","7 day R","2020-08-06","DE","quantile","0.025",1.03492110401151
"2021-06-23","7 day R","2020-08-06","DE","quantile","0.975",1.58555989474205
"2021-06-23","7 day R","2020-08-07","DE","point","NA",1.3081809188967
"2021-06-23","7 day R","2020-08-07","DE","quantile","0.025",1.03377084630914
"2021-06-23","7 day R","2020-08-07","DE","quantile","0.975",1.58268280078166
"2021-06-23","7 day R","2020-08-08","DE","point","NA",1.30604274148412
"2021-06-23","7 day R","2020-08-08","DE","quantile","0.025",1.03355779255061
"2021-06-23","7 day R","2020-08-08","DE","quantile","0.975",1.57980411087948
"2021-06-23","7 day R","2020-08-09","DE","point","NA",1.30724307239427
"2021-06-23","7 day R","2020-08-09","DE","quantile","0.025",1.03108682547596
"2021-06-23","7 day R","2020-08-09","DE","quantile","0.975",1.5822440716671
"2021-06-23","7 day R","2020-08-10","DE","point","NA",1.31518642992644
"2021-06-23","7 day R","2020-08-10","DE","quantile","0.025",1.04003586106143
"2021-06-23","7 day R","2020-08-10","DE","quantile","0.975",1.58973632360187
"2021-06-23","7 day R","2020-08-11","DE","point","NA",1.31742868594547
"2021-06-23","7 day R","2020-08-11","DE","quantile","0.025",1.04417441023336
"2021-06-23","7 day R","2020-08-11","DE","quantile","0.975",1.59215339553604
"2021-06-23","7 day R","2020-08-12","DE","point","NA",1.31505523614215
"2021-06-23","7 day R","2020-08-12","DE","quantile","0.025",1.04132451675478
"2021-06-23","7 day R","2020-08-12","DE","quantile","0.975",1.59030830804496
"2021-06-23","7 day R","2020-08-13","DE","point","NA",1.31148155502123
"2021-06-23","7 day R","2020-08-13","DE","quantile","0.025",1.03318691137811
"2021-06-23","7 day R","2020-08-13","DE","quantile","0.975",1.58765016192494
"2021-06-23","7 day R","2020-08-14","DE","point","NA",1.30081480851482
"2021-06-23","7 day R","2020-08-14","DE","quantile","0.025",1.02956514097083
"2021-06-23","7 day R","2020-08-14","DE","quantile","0.975",1.57695197251574
"2021-06-23","7 day R","2020-08-15","DE","point","NA",1.28752835621364
"2021-06-23","7 day R","2020-08-15","DE","quantile","0.025",1.01123915611154
"2021-06-23","7 day R","2020-08-15","DE","quantile","0.975",1.56360383452672
"2021-06-23","7 day R","2020-08-16","DE","point","NA",1.285805597683
"2021-06-23","7 day R","2020-08-16","DE","quantile","0.025",1.00965552529704
"2021-06-23","7 day R","2020-08-16","DE","quantile","0.975",1.56307035736554
"2021-06-23","7 day R","2020-08-17","DE","point","NA",1.28777549057712
"2021-06-23","7 day R","2020-08-17","DE","quantile","0.025",1.01724714587073
"2021-06-23","7 day R","2020-08-17","DE","quantile","0.975",1.56846377656684
"2021-06-23","7 day R","2020-08-18","DE","point","NA",1.27448232283823
"2021-06-23","7 day R","2020-08-18","DE","quantile","0.025",0.999254251199246
"2021-06-23","7 day R","2020-08-18","DE","quantile","0.975",1.55175734001177
"2021-06-23","7 day R","2020-08-19","DE","point","NA",1.25293242827608
"2021-06-23","7 day R","2020-08-19","DE","quantile","0.025",0.979216010256704
"2021-06-23","7 day R","2020-08-19","DE","quantile","0.975",1.53529533470874
"2021-06-23","7 day R","2020-08-20","DE","point","NA",1.22889229092499
"2021-06-23","7 day R","2020-08-20","DE","quantile","0.025",0.952637717641443
"2021-06-23","7 day R","2020-08-20","DE","quantile","0.975",1.50939662063904
"2021-06-23","7 day R","2020-08-21","DE","point","NA",1.20612436538913
"2021-06-23","7 day R","2020-08-21","DE","quantile","0.025",0.934163384736761
"2021-06-23","7 day R","2020-08-21","DE","quantile","0.975",1.48033976672667
"2021-06-23","7 day R","2020-08-22","DE","point","NA",1.1816112963606
"2021-06-23","7 day R","2020-08-22","DE","quantile","0.025",0.90693500349178
"2021-06-23","7 day R","2020-08-22","DE","quantile","0.975",1.45661404882382
"2021-06-23","7 day R","2020-08-23","DE","point","NA",1.16265418308796
"2021-06-23","7 day R","2020-08-23","DE","quantile","0.025",0.886552630687229
"2021-06-23","7 day R","2020-08-23","DE","quantile","0.975",1.43741454150563
"2021-06-23","7 day R","2020-08-24","DE","point","NA",1.14354365461571
"2021-06-23","7 day R","2020-08-24","DE","quantile","0.025",0.868811160223142
"2021-06-23","7 day R","2020-08-24","DE","quantile","0.975",1.41695078765722
"2021-06-23","7 day R","2020-08-25","DE","point","NA",1.123693093956
"2021-06-23","7 day R","2020-08-25","DE","quantile","0.025",0.848250618068774
"2021-06-23","7 day R","2020-08-25","DE","quantile","0.975",1.39727432290823
"2021-06-23","7 day R","2020-08-26","DE","point","NA",1.09736966893591
"2021-06-23","7 day R","2020-08-26","DE","quantile","0.025",0.821012898424285
"2021-06-23","7 day R","2020-08-26","DE","quantile","0.975",1.37188171435732
"2021-06-23","7 day R","2020-08-27","DE","point","NA",1.07729908363366
"2021-06-23","7 day R","2020-08-27","DE","quantile","0.025",0.801301838214209
"2021-06-23","7 day R","2020-08-27","DE","quantile","0.975",1.34735458307178
"2021-06-23","7 day R","2020-08-28","DE","point","NA",1.06093033217856
"2021-06-23","7 day R","2020-08-28","DE","quantile","0.025",0.782671983575114
"2021-06-23","7 day R","2020-08-28","DE","quantile","0.975",1.33436746085073
"2021-06-23","7 day R","2020-08-29","DE","point","NA",1.04869037580443
"2021-06-23","7 day R","2020-08-29","DE","quantile","0.025",0.773058655810598
"2021-06-23","7 day R","2020-08-29","DE","quantile","0.975",1.3214420151167
"2021-06-23","7 day R","2020-08-30","DE","point","NA",1.04177104752806
"2021-06-23","7 day R","2020-08-30","DE","quantile","0.025",0.762550151816365
"2021-06-23","7 day R","2020-08-30","DE","quantile","0.975",1.31500844534647
"2021-06-23","7 day R","2020-08-31","DE","point","NA",1.037830494438
"2021-06-23","7 day R","2020-08-31","DE","quantile","0.025",0.758808173771087
"2021-06-23","7 day R","2020-08-31","DE","quantile","0.975",1.31387862934451
"2021-06-23","7 day R","2020-09-01","DE","point","NA",1.03542880681047
"2021-06-23","7 day R","2020-09-01","DE","quantile","0.025",0.75523943666321
"2021-06-23","7 day R","2020-09-01","DE","quantile","0.975",1.30788545002314
"2021-06-23","7 day R","2020-09-02","DE","point","NA",1.03599874293459
"2021-06-23","7 day R","2020-09-02","DE","quantile","0.025",0.756194065031675
"2021-06-23","7 day R","2020-09-02","DE","quantile","0.975",1.30973491124164
"2021-06-23","7 day R","2020-09-03","DE","point","NA",1.03922643080452
"2021-06-23","7 day R","2020-09-03","DE","quantile","0.025",0.762857964849007
"2021-06-23","7 day R","2020-09-03","DE","quantile","0.975",1.31706216092323
"2021-06-23","7 day R","2020-09-04","DE","point","NA",1.04795196092217
"2021-06-23","7 day R","2020-09-04","DE","quantile","0.025",0.770388306901421
"2021-06-23","7 day R","2020-09-04","DE","quantile","0.975",1.3200430122666
"2021-06-23","7 day R","2020-09-05","DE","point","NA",1.06388226342827
"2021-06-23","7 day R","2020-09-05","DE","quantile","0.025",0.787714767954431
"2021-06-23","7 day R","2020-09-05","DE","quantile","0.975",1.34003353967688
"2021-06-23","7 day R","2020-09-06","DE","point","NA",1.08239171119436
"2021-06-23","7 day R","2020-09-06","DE","quantile","0.025",0.804071713890487
"2021-06-23","7 day R","2020-09-06","DE","quantile","0.975",1.36227215046607
"2021-06-23","7 day R","2020-09-07","DE","point","NA",1.09890509071843
"2021-06-23","7 day R","2020-09-07","DE","quantile","0.025",0.824372896830473
"2021-06-23","7 day R","2020-09-07","DE","quantile","0.975",1.37439484819465
"2021-06-23","7 day R","2020-09-08","DE","point","NA",1.09881243427131
"2021-06-23","7 day R","2020-09-08","DE","quantile","0.025",0.821662072926131
"2021-06-23","7 day R","2020-09-08","DE","quantile","0.975",1.37139795008994
"2021-06-23","7 day R","2020-09-09","DE","point","NA",1.10025016365607
"2021-06-23","7 day R","2020-09-09","DE","quantile","0.025",0.823736085513388
"2021-06-23","7 day R","2020-09-09","DE","quantile","0.975",1.37550353928603
"2021-06-23","7 day R","2020-09-10","DE","point","NA",1.10606746853216
"2021-06-23","7 day R","2020-09-10","DE","quantile","0.025",0.826380590873728
"2021-06-23","7 day R","2020-09-10","DE","quantile","0.975",1.38649381594716
"2021-06-23","7 day R","2020-09-11","DE","point","NA",1.11587181646334
"2021-06-23","7 day R","2020-09-11","DE","quantile","0.025",0.84080837124045
"2021-06-23","7 day R","2020-09-11","DE","quantile","0.975",1.39074532886093
"2021-06-23","7 day R","2020-09-12","DE","point","NA",1.1303882699889
"2021-06-23","7 day R","2020-09-12","DE","quantile","0.025",0.85772252263387
"2021-06-23","7 day R","2020-09-12","DE","quantile","0.975",1.40363768545609
"2021-06-23","7 day R","2020-09-13","DE","point","NA",1.14299615585769
"2021-06-23","7 day R","2020-09-13","DE","quantile","0.025",0.870084865661773
"2021-06-23","7 day R","2020-09-13","DE","quantile","0.975",1.42123177114991
"2021-06-23","7 day R","2020-09-14","DE","point","NA",1.15196536265971
"2021-06-23","7 day R","2020-09-14","DE","quantile","0.025",0.877487987424028
"2021-06-23","7 day R","2020-09-14","DE","quantile","0.975",1.42738675648694
"2021-06-23","7 day R","2020-09-15","DE","point","NA",1.16881935095366
"2021-06-23","7 day R","2020-09-15","DE","quantile","0.025",0.894070421149361
"2021-06-23","7 day R","2020-09-15","DE","quantile","0.975",1.44092780683281
"2021-06-23","7 day R","2020-09-16","DE","point","NA",1.17766246737067
"2021-06-23","7 day R","2020-09-16","DE","quantile","0.025",0.899893386808448
"2021-06-23","7 day R","2020-09-16","DE","quantile","0.975",1.45090141406696
"2021-06-23","7 day R","2020-09-17","DE","point","NA",1.1839666371544
"2021-06-23","7 day R","2020-09-17","DE","quantile","0.025",0.911731245743525
"2021-06-23","7 day R","2020-09-17","DE","quantile","0.975",1.45967651293167
"2021-06-23","7 day R","2020-09-18","DE","point","NA",1.18697381631729
"2021-06-23","7 day R","2020-09-18","DE","quantile","0.025",0.912530370226614
"2021-06-23","7 day R","2020-09-18","DE","quantile","0.975",1.46342919247035
"2021-06-23","7 day R","2020-09-19","DE","point","NA",1.18590751025207
"2021-06-23","7 day R","2020-09-19","DE","quantile","0.025",0.912977353934129
"2021-06-23","7 day R","2020-09-19","DE","quantile","0.975",1.46087270982334
"2021-06-23","7 day R","2020-09-20","DE","point","NA",1.17068817158756
"2021-06-23","7 day R","2020-09-20","DE","quantile","0.025",0.896223645419863
"2021-06-23","7 day R","2020-09-20","DE","quantile","0.975",1.44850429207362
"2021-06-23","7 day R","2020-09-21","DE","point","NA",1.15486837998587
"2021-06-23","7 day R","2020-09-21","DE","quantile","0.025",0.878957266078169
"2021-06-23","7 day R","2020-09-21","DE","quantile","0.975",1.43075928695212
"2021-06-23","7 day R","2020-09-22","DE","point","NA",1.15341197589415
"2021-06-23","7 day R","2020-09-22","DE","quantile","0.025",0.87917852551625
"2021-06-23","7 day R","2020-09-22","DE","quantile","0.975",1.42679501997058
"2021-06-23","7 day R","2020-09-23","DE","point","NA",1.15139584263077
"2021-06-23","7 day R","2020-09-23","DE","quantile","0.025",0.875011083108408
"2021-06-23","7 day R","2020-09-23","DE","quantile","0.975",1.42527240195642
"2021-06-23","7 day R","2020-09-24","DE","point","NA",1.16617955348179
"2021-06-23","7 day R","2020-09-24","DE","quantile","0.025",0.890522679976285
"2021-06-23","7 day R","2020-09-24","DE","quantile","0.975",1.44043098364971
"2021-06-23","7 day R","2020-09-25","DE","point","NA",1.17960875275521
"2021-06-23","7 day R","2020-09-25","DE","quantile","0.025",0.903917661050412
"2021-06-23","7 day R","2020-09-25","DE","quantile","0.975",1.44993316076595
"2021-06-23","7 day R","2020-09-26","DE","point","NA",1.19192600625308
"2021-06-23","7 day R","2020-09-26","DE","quantile","0.025",0.917842919357802
"2021-06-23","7 day R","2020-09-26","DE","quantile","0.975",1.46136748790295
"2021-06-23","7 day R","2020-09-27","DE","point","NA",1.20705335039177
"2021-06-23","7 day R","2020-09-27","DE","quantile","0.025",0.932900335137113
"2021-06-23","7 day R","2020-09-27","DE","quantile","0.975",1.48095100009985
"2021-06-23","7 day R","2020-09-28","DE","point","NA",1.21729217984002
"2021-06-23","7 day R","2020-09-28","DE","quantile","0.025",0.940158997794494
"2021-06-23","7 day R","2020-09-28","DE","quantile","0.975",1.48895271857597
"2021-06-23","7 day R","2020-09-29","DE","point","NA",1.22862208115911
"2021-06-23","7 day R","2020-09-29","DE","quantile","0.025",0.955193961052058
"2021-06-23","7 day R","2020-09-29","DE","quantile","0.975",1.50072965569895
"2021-06-23","7 day R","2020-09-30","DE","point","NA",1.24522131120321
"2021-06-23","7 day R","2020-09-30","DE","quantile","0.025",0.969492810835019
"2021-06-23","7 day R","2020-09-30","DE","quantile","0.975",1.51992847361341
"2021-06-23","7 day R","2020-10-01","DE","point","NA",1.2662506853914
"2021-06-23","7 day R","2020-10-01","DE","quantile","0.025",0.989218110599044
"2021-06-23","7 day R","2020-10-01","DE","quantile","0.975",1.54159118642708
"2021-06-23","7 day R","2020-10-02","DE","point","NA",1.29313286311399
"2021-06-23","7 day R","2020-10-02","DE","quantile","0.025",1.01713018775085
"2021-06-23","7 day R","2020-10-02","DE","quantile","0.975",1.56900634513505
"2021-06-23","7 day R","2020-10-03","DE","point","NA",1.32325883657903
"2021-06-23","7 day R","2020-10-03","DE","quantile","0.025",1.04606209531692
"2021-06-23","7 day R","2020-10-03","DE","quantile","0.975",1.5973299119406
"2021-06-23","7 day R","2020-10-04","DE","point","NA",1.35789180406199
"2021-06-23","7 day R","2020-10-04","DE","quantile","0.025",1.08874095697515
"2021-06-23","7 day R","2020-10-04","DE","quantile","0.975",1.63256881325639
"2021-06-23","7 day R","2020-10-05","DE","point","NA",1.39375723921318
"2021-06-23","7 day R","2020-10-05","DE","quantile","0.025",1.12030796236687
"2021-06-23","7 day R","2020-10-05","DE","quantile","0.975",1.66906811081432
"2021-06-23","7 day R","2020-10-06","DE","point","NA",1.43040561903223
"2021-06-23","7 day R","2020-10-06","DE","quantile","0.025",1.15991262752386
"2021-06-23","7 day R","2020-10-06","DE","quantile","0.975",1.70700963556969
"2021-06-23","7 day R","2020-10-07","DE","point","NA",1.47355432610101
"2021-06-23","7 day R","2020-10-07","DE","quantile","0.025",1.20050811490829
"2021-06-23","7 day R","2020-10-07","DE","quantile","0.975",1.74935074362689
"2021-06-23","7 day R","2020-10-08","DE","point","NA",1.5118188555796
"2021-06-23","7 day R","2020-10-08","DE","quantile","0.025",1.24102798956139
"2021-06-23","7 day R","2020-10-08","DE","quantile","0.975",1.78396465952192
"2021-06-23","7 day R","2020-10-09","DE","point","NA",1.53379419211848
"2021-06-23","7 day R","2020-10-09","DE","quantile","0.025",1.26012861419825
"2021-06-23","7 day R","2020-10-09","DE","quantile","0.975",1.81265570535307
"2021-06-23","7 day R","2020-10-10","DE","point","NA",1.55650602190292
"2021-06-23","7 day R","2020-10-10","DE","quantile","0.025",1.28227218531835
"2021-06-23","7 day R","2020-10-10","DE","quantile","0.975",1.83183469093125
"2021-06-23","7 day R","2020-10-11","DE","point","NA",1.58217556606251
"2021-06-23","7 day R","2020-10-11","DE","quantile","0.025",1.30944348219569
"2021-06-23","7 day R","2020-10-11","DE","quantile","0.975",1.85815608132774
"2021-06-23","7 day R","2020-10-12","DE","point","NA",1.60792957354007
"2021-06-23","7 day R","2020-10-12","DE","quantile","0.025",1.33208227968616
"2021-06-23","7 day R","2020-10-12","DE","quantile","0.975",1.88963153507043
"2021-06-23","7 day R","2020-10-13","DE","point","NA",1.60841917903419
"2021-06-23","7 day R","2020-10-13","DE","quantile","0.025",1.33389316288204
"2021-06-23","7 day R","2020-10-13","DE","quantile","0.975",1.88434172452604
"2021-06-23","7 day R","2020-10-14","DE","point","NA",1.61349062365676
"2021-06-23","7 day R","2020-10-14","DE","quantile","0.025",1.33931393383241
"2021-06-23","7 day R","2020-10-14","DE","quantile","0.975",1.89259197751843
"2021-06-23","7 day R","2020-10-15","DE","point","NA",1.61600968724246
"2021-06-23","7 day R","2020-10-15","DE","quantile","0.025",1.34274194801449
"2021-06-23","7 day R","2020-10-15","DE","quantile","0.975",1.89490357160813
"2021-06-23","7 day R","2020-10-16","DE","point","NA",1.60610089531106
"2021-06-23","7 day R","2020-10-16","DE","quantile","0.025",1.33112455000138
"2021-06-23","7 day R","2020-10-16","DE","quantile","0.975",1.88433298435137
"2021-06-23","7 day R","2020-10-17","DE","point","NA",1.59877320874324
"2021-06-23","7 day R","2020-10-17","DE","quantile","0.025",1.32377812671649
"2021-06-23","7 day R","2020-10-17","DE","quantile","0.975",1.87289387272389
"2021-06-23","7 day R","2020-10-18","DE","point","NA",1.6009096977254
"2021-06-23","7 day R","2020-10-18","DE","quantile","0.025",1.32833742737893
"2021-06-23","7 day R","2020-10-18","DE","quantile","0.975",1.87700549173675
"2021-06-23","7 day R","2020-10-19","DE","point","NA",1.60876520322844
"2021-06-23","7 day R","2020-10-19","DE","quantile","0.025",1.34035264594997
"2021-06-23","7 day R","2020-10-19","DE","quantile","0.975",1.8871585453415
"2021-06-23","7 day R","2020-10-20","DE","point","NA",1.61458360165092
"2021-06-23","7 day R","2020-10-20","DE","quantile","0.025",1.34214772107048
"2021-06-23","7 day R","2020-10-20","DE","quantile","0.975",1.89376468166725
"2021-06-23","7 day R","2020-10-21","DE","point","NA",1.61082681720568
"2021-06-23","7 day R","2020-10-21","DE","quantile","0.025",1.33907337787935
"2021-06-23","7 day R","2020-10-21","DE","quantile","0.975",1.89020542167107
"2021-06-23","7 day R","2020-10-22","DE","point","NA",1.59874367560692
"2021-06-23","7 day R","2020-10-22","DE","quantile","0.025",1.32236336904106
"2021-06-23","7 day R","2020-10-22","DE","quantile","0.975",1.87475378122585
"2021-06-23","7 day R","2020-10-23","DE","point","NA",1.62434912169125
"2021-06-23","7 day R","2020-10-23","DE","quantile","0.025",1.35010288634367
"2021-06-23","7 day R","2020-10-23","DE","quantile","0.975",1.90015128516225
"2021-06-23","7 day R","2020-10-24","DE","point","NA",1.63613157651327
"2021-06-23","7 day R","2020-10-24","DE","quantile","0.025",1.36262389941714
"2021-06-23","7 day R","2020-10-24","DE","quantile","0.975",1.91461740723135
"2021-06-23","7 day R","2020-10-25","DE","point","NA",1.63271514144322
"2021-06-23","7 day R","2020-10-25","DE","quantile","0.025",1.35678015869304
"2021-06-23","7 day R","2020-10-25","DE","quantile","0.975",1.91012869406944
"2021-06-23","7 day R","2020-10-26","DE","point","NA",1.61472866327625
"2021-06-23","7 day R","2020-10-26","DE","quantile","0.025",1.34200640343447
"2021-06-23","7 day R","2020-10-26","DE","quantile","0.975",1.89066808228606
"2021-06-23","7 day R","2020-10-27","DE","point","NA",1.60111986883438
"2021-06-23","7 day R","2020-10-27","DE","quantile","0.025",1.32232905585151
"2021-06-23","7 day R","2020-10-27","DE","quantile","0.975",1.8795341259745
"2021-06-23","7 day R","2020-10-28","DE","point","NA",1.58217252149231
"2021-06-23","7 day R","2020-10-28","DE","quantile","0.025",1.30196119275813
"2021-06-23","7 day R","2020-10-28","DE","quantile","0.975",1.86446802240834
"2021-06-23","7 day R","2020-10-29","DE","point","NA",1.5773854154027
"2021-06-23","7 day R","2020-10-29","DE","quantile","0.025",1.30586314925472
"2021-06-23","7 day R","2020-10-29","DE","quantile","0.975",1.86000047672212
"2021-06-23","7 day R","2020-10-30","DE","point","NA",1.5582535640348
"2021-06-23","7 day R","2020-10-30","DE","quantile","0.025",1.27946518699044
"2021-06-23","7 day R","2020-10-30","DE","quantile","0.975",1.83581299286651
"2021-06-23","7 day R","2020-10-31","DE","point","NA",1.53873151258871
"2021-06-23","7 day R","2020-10-31","DE","quantile","0.025",1.26241579381693
"2021-06-23","7 day R","2020-10-31","DE","quantile","0.975",1.81763043438515
"2021-06-23","7 day R","2020-11-01","DE","point","NA",1.51658132954746
"2021-06-23","7 day R","2020-11-01","DE","quantile","0.025",1.24118333020458
"2021-06-23","7 day R","2020-11-01","DE","quantile","0.975",1.79222227308038
"2021-06-23","7 day R","2020-11-02","DE","point","NA",1.4884172325501
"2021-06-23","7 day R","2020-11-02","DE","quantile","0.025",1.21432295410014
"2021-06-23","7 day R","2020-11-02","DE","quantile","0.975",1.76628092681411
"2021-06-23","7 day R","2020-11-03","DE","point","NA",1.42789930541958
"2021-06-23","7 day R","2020-11-03","DE","quantile","0.025",1.15533753325332
"2021-06-23","7 day R","2020-11-03","DE","quantile","0.975",1.70033064578195
"2021-06-23","7 day R","2020-11-04","DE","point","NA",1.41151750937437
"2021-06-23","7 day R","2020-11-04","DE","quantile","0.025",1.13937516255726
"2021-06-23","7 day R","2020-11-04","DE","quantile","0.975",1.68774418234182
"2021-06-23","7 day R","2020-11-05","DE","point","NA",1.36859436363948
"2021-06-23","7 day R","2020-11-05","DE","quantile","0.025",1.09192331294927
"2021-06-23","7 day R","2020-11-05","DE","quantile","0.975",1.64458923570701
"2021-06-23","7 day R","2020-11-06","DE","point","NA",1.32522016962273
"2021-06-23","7 day R","2020-11-06","DE","quantile","0.025",1.05028627031118
"2021-06-23","7 day R","2020-11-06","DE","quantile","0.975",1.60432557165685
"2021-06-23","7 day R","2020-11-07","DE","point","NA",1.28538767343584
"2021-06-23","7 day R","2020-11-07","DE","quantile","0.025",1.0079545737433
"2021-06-23","7 day R","2020-11-07","DE","quantile","0.975",1.55928384691982
"2021-06-23","7 day R","2020-11-08","DE","point","NA",1.25091467873468
"2021-06-23","7 day R","2020-11-08","DE","quantile","0.025",0.97692053279993
"2021-06-23","7 day R","2020-11-08","DE","quantile","0.975",1.52405708742581
"2021-06-23","7 day R","2020-11-09","DE","point","NA",1.20809517728795
"2021-06-23","7 day R","2020-11-09","DE","quantile","0.025",0.933702942115056
"2021-06-23","7 day R","2020-11-09","DE","quantile","0.975",1.48097916480097
"2021-06-23","7 day R","2020-11-10","DE","point","NA",1.19910092151867
"2021-06-23","7 day R","2020-11-10","DE","quantile","0.025",0.923789796632465
"2021-06-23","7 day R","2020-11-10","DE","quantile","0.975",1.47604766744551
"2021-06-23","7 day R","2020-11-11","DE","point","NA",1.1682193142711
"2021-06-23","7 day R","2020-11-11","DE","quantile","0.025",0.895359716123038
"2021-06-23","7 day R","2020-11-11","DE","quantile","0.975",1.44673668045288
"2021-06-23","7 day R","2020-11-12","DE","point","NA",1.15181003679088
"2021-06-23","7 day R","2020-11-12","DE","quantile","0.025",0.875008809799487
"2021-06-23","7 day R","2020-11-12","DE","quantile","0.975",1.43284565813032
"2021-06-23","7 day R","2020-11-13","DE","point","NA",1.13021879907912
"2021-06-23","7 day R","2020-11-13","DE","quantile","0.025",0.849714386770623
"2021-06-23","7 day R","2020-11-13","DE","quantile","0.975",1.41237970574155
"2021-06-23","7 day R","2020-11-14","DE","point","NA",1.11076165281957
"2021-06-23","7 day R","2020-11-14","DE","quantile","0.025",0.835025195093797
"2021-06-23","7 day R","2020-11-14","DE","quantile","0.975",1.39122792828189
"2021-06-23","7 day R","2020-11-15","DE","point","NA",1.09349814982493
"2021-06-23","7 day R","2020-11-15","DE","quantile","0.025",0.812900070010483
"2021-06-23","7 day R","2020-11-15","DE","quantile","0.975",1.36983800696374
"2021-06-23","7 day R","2020-11-16","DE","point","NA",1.09311286142998
"2021-06-23","7 day R","2020-11-16","DE","quantile","0.025",0.816307696148423
"2021-06-23","7 day R","2020-11-16","DE","quantile","0.975",1.36650852397312
"2021-06-23","7 day R","2020-11-17","DE","point","NA",1.09176811597442
"2021-06-23","7 day R","2020-11-17","DE","quantile","0.025",0.82119247666746
"2021-06-23","7 day R","2020-11-17","DE","quantile","0.975",1.36343955006779
"2021-06-23","7 day R","2020-11-18","DE","point","NA",1.07519777443431
"2021-06-23","7 day R","2020-11-18","DE","quantile","0.025",0.801010879720233
"2021-06-23","7 day R","2020-11-18","DE","quantile","0.975",1.34920459813251
"2021-06-23","7 day R","2020-11-19","DE","point","NA",1.06734209756941
"2021-06-23","7 day R","2020-11-19","DE","quantile","0.025",0.792080050631692
"2021-06-23","7 day R","2020-11-19","DE","quantile","0.975",1.33918647537576
"2021-06-23","7 day R","2020-11-20","DE","point","NA",1.05525731454938
"2021-06-23","7 day R","2020-11-20","DE","quantile","0.025",0.78060709309956
"2021-06-23","7 day R","2020-11-20","DE","quantile","0.975",1.32848399880103
"2021-06-23","7 day R","2020-11-21","DE","point","NA",1.04099102559689
"2021-06-23","7 day R","2020-11-21","DE","quantile","0.025",0.768134158387794
"2021-06-23","7 day R","2020-11-21","DE","quantile","0.975",1.31263343117419
"2021-06-23","7 day R","2020-11-22","DE","point","NA",1.03406745340534
"2021-06-23","7 day R","2020-11-22","DE","quantile","0.025",0.763426900894125
"2021-06-23","7 day R","2020-11-22","DE","quantile","0.975",1.3092646537909
"2021-06-23","7 day R","2020-11-23","DE","point","NA",1.0345048039909
"2021-06-23","7 day R","2020-11-23","DE","quantile","0.025",0.762102035189854
"2021-06-23","7 day R","2020-11-23","DE","quantile","0.975",1.30914112351073
"2021-06-23","7 day R","2020-11-24","DE","point","NA",1.03168108259758
"2021-06-23","7 day R","2020-11-24","DE","quantile","0.025",0.757665978547479
"2021-06-23","7 day R","2020-11-24","DE","quantile","0.975",1.3043572312305
"2021-06-23","7 day R","2020-11-25","DE","point","NA",1.04620942070798
"2021-06-23","7 day R","2020-11-25","DE","quantile","0.025",0.772812249076489
"2021-06-23","7 day R","2020-11-25","DE","quantile","0.975",1.32265517306089
"2021-06-23","7 day R","2020-11-26","DE","point","NA",1.03863016496463
"2021-06-23","7 day R","2020-11-26","DE","quantile","0.025",0.765004056056125
"2021-06-23","7 day R","2020-11-26","DE","quantile","0.975",1.31640464177532
"2021-06-23","7 day R","2020-11-27","DE","point","NA",1.03472962322299
"2021-06-23","7 day R","2020-11-27","DE","quantile","0.025",0.758301046317065
"2021-06-23","7 day R","2020-11-27","DE","quantile","0.975",1.30807669253487
"2021-06-23","7 day R","2020-11-28","DE","point","NA",1.02821655810226
"2021-06-23","7 day R","2020-11-28","DE","quantile","0.025",0.75298806208054
"2021-06-23","7 day R","2020-11-28","DE","quantile","0.975",1.30033422149931
"2021-06-23","7 day R","2020-11-29","DE","point","NA",1.03031601782874
"2021-06-23","7 day R","2020-11-29","DE","quantile","0.025",0.752081409883364
"2021-06-23","7 day R","2020-11-29","DE","quantile","0.975",1.30368302280121
"2021-06-23","7 day R","2020-11-30","DE","point","NA",1.04460088403885
"2021-06-23","7 day R","2020-11-30","DE","quantile","0.025",0.769788855828511
"2021-06-23","7 day R","2020-11-30","DE","quantile","0.975",1.32203939995415
"2021-06-23","7 day R","2020-12-01","DE","point","NA",1.05145115601792
"2021-06-23","7 day R","2020-12-01","DE","quantile","0.025",0.777481464246684
"2021-06-23","7 day R","2020-12-01","DE","quantile","0.975",1.32873071881967
"2021-06-23","7 day R","2020-12-02","DE","point","NA",1.05370985418492
"2021-06-23","7 day R","2020-12-02","DE","quantile","0.025",0.780790596069147
"2021-06-23","7 day R","2020-12-02","DE","quantile","0.975",1.32728859785855
"2021-06-23","7 day R","2020-12-03","DE","point","NA",1.0640025750824
"2021-06-23","7 day R","2020-12-03","DE","quantile","0.025",0.790486412160693
"2021-06-23","7 day R","2020-12-03","DE","quantile","0.975",1.3364649507876
"2021-06-23","7 day R","2020-12-04","DE","point","NA",1.07811044940332
"2021-06-23","7 day R","2020-12-04","DE","quantile","0.025",0.803840380784427
"2021-06-23","7 day R","2020-12-04","DE","quantile","0.975",1.34697453572254
"2021-06-23","7 day R","2020-12-05","DE","point","NA",1.10221036135209
"2021-06-23","7 day R","2020-12-05","DE","quantile","0.025",0.828650249724079
"2021-06-23","7 day R","2020-12-05","DE","quantile","0.975",1.37394221084146
"2021-06-23","7 day R","2020-12-06","DE","point","NA",1.10317420183115
"2021-06-23","7 day R","2020-12-06","DE","quantile","0.025",0.826627137467811
"2021-06-23","7 day R","2020-12-06","DE","quantile","0.975",1.3744956172998
"2021-06-23","7 day R","2020-12-07","DE","point","NA",1.10139579424811
"2021-06-23","7 day R","2020-12-07","DE","quantile","0.025",0.827085990284953
"2021-06-23","7 day R","2020-12-07","DE","quantile","0.975",1.3780455170948
"2021-06-23","7 day R","2020-12-08","DE","point","NA",1.11891067423032
"2021-06-23","7 day R","2020-12-08","DE","quantile","0.025",0.847977957700476
"2021-06-23","7 day R","2020-12-08","DE","quantile","0.975",1.3957023619296
"2021-06-23","7 day R","2020-12-09","DE","point","NA",1.12692199030915
"2021-06-23","7 day R","2020-12-09","DE","quantile","0.025",0.854785746452615
"2021-06-23","7 day R","2020-12-09","DE","quantile","0.975",1.40263146261387
"2021-06-23","7 day R","2020-12-10","DE","point","NA",1.14603856972841
"2021-06-23","7 day R","2020-12-10","DE","quantile","0.025",0.876615441476191
"2021-06-23","7 day R","2020-12-10","DE","quantile","0.975",1.42558204410028
"2021-06-23","7 day R","2020-12-11","DE","point","NA",1.15171044029303
"2021-06-23","7 day R","2020-12-11","DE","quantile","0.025",0.878094380871252
"2021-06-23","7 day R","2020-12-11","DE","quantile","0.975",1.42581795978316
"2021-06-23","7 day R","2020-12-12","DE","point","NA",1.14190284790155
"2021-06-23","7 day R","2020-12-12","DE","quantile","0.025",0.868942882830425
"2021-06-23","7 day R","2020-12-12","DE","quantile","0.975",1.41678494296339
"2021-06-23","7 day R","2020-12-13","DE","point","NA",1.13386758014577
"2021-06-23","7 day R","2020-12-13","DE","quantile","0.025",0.859664121752966
"2021-06-23","7 day R","2020-12-13","DE","quantile","0.975",1.41021087839321
"2021-06-23","7 day R","2020-12-14","DE","point","NA",1.11961750190495
"2021-06-23","7 day R","2020-12-14","DE","quantile","0.025",0.845260744865265
"2021-06-23","7 day R","2020-12-14","DE","quantile","0.975",1.39725727352897
"2021-06-23","7 day R","2020-12-15","DE","point","NA",1.12307001334815
"2021-06-23","7 day R","2020-12-15","DE","quantile","0.025",0.846940787318762
"2021-06-23","7 day R","2020-12-15","DE","quantile","0.975",1.40225736952106
"2021-06-23","7 day R","2020-12-16","DE","point","NA",1.11617367902589
"2021-06-23","7 day R","2020-12-16","DE","quantile","0.025",0.841248010127652
"2021-06-23","7 day R","2020-12-16","DE","quantile","0.975",1.39302108135163
"2021-06-23","7 day R","2020-12-17","DE","point","NA",1.11012057641774
"2021-06-23","7 day R","2020-12-17","DE","quantile","0.025",0.837896454871281
"2021-06-23","7 day R","2020-12-17","DE","quantile","0.975",1.38714668203227
"2021-06-23","7 day R","2020-12-18","DE","point","NA",1.1071732051947
"2021-06-23","7 day R","2020-12-18","DE","quantile","0.025",0.833896228129524
"2021-06-23","7 day R","2020-12-18","DE","quantile","0.975",1.38290768926544
"2021-06-23","7 day R","2020-12-19","DE","point","NA",1.08008941840807
"2021-06-23","7 day R","2020-12-19","DE","quantile","0.025",0.803798439338972
"2021-06-23","7 day R","2020-12-19","DE","quantile","0.975",1.3584546728795
"2021-06-23","7 day R","2020-12-20","DE","point","NA",1.05603587479648
"2021-06-23","7 day R","2020-12-20","DE","quantile","0.025",0.776889785862099
"2021-06-23","7 day R","2020-12-20","DE","quantile","0.975",1.32765408335003
"2021-06-23","7 day R","2020-12-21","DE","point","NA",1.04413874438974
"2021-06-23","7 day R","2020-12-21","DE","quantile","0.025",0.766192594525281
"2021-06-23","7 day R","2020-12-21","DE","quantile","0.975",1.31759661818386
"2021-06-23","7 day R","2020-12-22","DE","point","NA",1.01966183475112
"2021-06-23","7 day R","2020-12-22","DE","quantile","0.025",0.741309840198099
"2021-06-23","7 day R","2020-12-22","DE","quantile","0.975",1.29696346596401
"2021-06-23","7 day R","2020-12-23","DE","point","NA",0.976446085804727
"2021-06-23","7 day R","2020-12-23","DE","quantile","0.025",0.698598673957899
"2021-06-23","7 day R","2020-12-23","DE","quantile","0.975",1.25227813102324
"2021-06-23","7 day R","2020-12-24","DE","point","NA",0.939433309130615
"2021-06-23","7 day R","2020-12-24","DE","quantile","0.025",0.660026291393515
"2021-06-23","7 day R","2020-12-24","DE","quantile","0.975",1.21445693338223
"2021-06-23","7 day R","2020-12-25","DE","point","NA",0.911821392504881
"2021-06-23","7 day R","2020-12-25","DE","quantile","0.025",0.632616175641077
"2021-06-23","7 day R","2020-12-25","DE","quantile","0.975",1.18359209658154
"2021-06-23","7 day R","2020-12-26","DE","point","NA",0.918135959504263
"2021-06-23","7 day R","2020-12-26","DE","quantile","0.025",0.641830494520743
"2021-06-23","7 day R","2020-12-26","DE","quantile","0.975",1.19207153143345
"2021-06-23","7 day R","2020-12-27","DE","point","NA",0.93517614683143
"2021-06-23","7 day R","2020-12-27","DE","quantile","0.025",0.659095103206607
"2021-06-23","7 day R","2020-12-27","DE","quantile","0.975",1.2082248197934
"2021-06-23","7 day R","2020-12-28","DE","point","NA",0.942427657252816
"2021-06-23","7 day R","2020-12-28","DE","quantile","0.025",0.666522247711655
"2021-06-23","7 day R","2020-12-28","DE","quantile","0.975",1.21642792971842
"2021-06-23","7 day R","2020-12-29","DE","point","NA",0.945832222664464
"2021-06-23","7 day R","2020-12-29","DE","quantile","0.025",0.673058953297624
"2021-06-23","7 day R","2020-12-29","DE","quantile","0.975",1.2204254475619
"2021-06-23","7 day R","2020-12-30","DE","point","NA",0.954600924839395
"2021-06-23","7 day R","2020-12-30","DE","quantile","0.025",0.677182685551323
"2021-06-23","7 day R","2020-12-30","DE","quantile","0.975",1.22964956074369
"2021-06-23","7 day R","2020-12-31","DE","point","NA",0.916868759790385
"2021-06-23","7 day R","2020-12-31","DE","quantile","0.025",0.638202327638719
"2021-06-23","7 day R","2020-12-31","DE","quantile","0.975",1.19159712388889
"2021-06-23","7 day R","2021-01-01","DE","point","NA",0.900378646235119
"2021-06-23","7 day R","2021-01-01","DE","quantile","0.025",0.622081661062216
"2021-06-23","7 day R","2021-01-01","DE","quantile","0.975",1.17495755290112
"2021-06-23","7 day R","2021-01-02","DE","point","NA",0.912375771837274
"2021-06-23","7 day R","2021-01-02","DE","quantile","0.025",0.633981304788735
"2021-06-23","7 day R","2021-01-02","DE","quantile","0.975",1.18606811366699
"2021-06-23","7 day R","2021-01-03","DE","point","NA",0.940255064831629
"2021-06-23","7 day R","2021-01-03","DE","quantile","0.025",0.663539023270997
"2021-06-23","7 day R","2021-01-03","DE","quantile","0.975",1.2146123205136
"2021-06-23","7 day R","2021-01-04","DE","point","NA",0.964640010892722
"2021-06-23","7 day R","2021-01-04","DE","quantile","0.025",0.688443447001569
"2021-06-23","7 day R","2021-01-04","DE","quantile","0.975",1.24057006777345
"2021-06-23","7 day R","2021-01-05","DE","point","NA",0.987256053619678
"2021-06-23","7 day R","2021-01-05","DE","quantile","0.025",0.707281126999063
"2021-06-23","7 day R","2021-01-05","DE","quantile","0.975",1.26788712729957
"2021-06-23","7 day R","2021-01-06","DE","point","NA",1.0142272123292
"2021-06-23","7 day R","2021-01-06","DE","quantile","0.025",0.73944765359051
"2021-06-23","7 day R","2021-01-06","DE","quantile","0.975",1.2918278886759
"2021-06-23","7 day R","2021-01-07","DE","point","NA",1.04636820641844
"2021-06-23","7 day R","2021-01-07","DE","quantile","0.025",0.767766082323288
"2021-06-23","7 day R","2021-01-07","DE","quantile","0.975",1.32367427787679
"2021-06-23","7 day R","2021-01-08","DE","point","NA",1.0251586107789
"2021-06-23","7 day R","2021-01-08","DE","quantile","0.025",0.746992498056093
"2021-06-23","7 day R","2021-01-08","DE","quantile","0.975",1.30094492669405
"2021-06-23","7 day R","2021-01-09","DE","point","NA",0.99608055022033
"2021-06-23","7 day R","2021-01-09","DE","quantile","0.025",0.723880890837292
"2021-06-23","7 day R","2021-01-09","DE","quantile","0.975",1.27338197272911
"2021-06-23","7 day R","2021-01-10","DE","point","NA",0.96086285448383
"2021-06-23","7 day R","2021-01-10","DE","quantile","0.025",0.688077908333969
"2021-06-23","7 day R","2021-01-10","DE","quantile","0.975",1.23312303021169
"2021-06-23","7 day R","2021-01-11","DE","point","NA",0.94839162382045
"2021-06-23","7 day R","2021-01-11","DE","quantile","0.025",0.675613081865294
"2021-06-23","7 day R","2021-01-11","DE","quantile","0.975",1.22170504462053
"2021-06-23","7 day R","2021-01-12","DE","point","NA",0.936460833140122
"2021-06-23","7 day R","2021-01-12","DE","quantile","0.025",0.662212730266607
"2021-06-23","7 day R","2021-01-12","DE","quantile","0.975",1.20913084512227
"2021-06-23","7 day R","2021-01-13","DE","point","NA",0.902553367619404
"2021-06-23","7 day R","2021-01-13","DE","quantile","0.025",0.628665134961072
"2021-06-23","7 day R","2021-01-13","DE","quantile","0.975",1.17837130537372
"2021-06-23","7 day R","2021-01-14","DE","point","NA",0.879340906807872
"2021-06-23","7 day R","2021-01-14","DE","quantile","0.025",0.604536823347221
"2021-06-23","7 day R","2021-01-14","DE","quantile","0.975",1.15607604982446
"2021-06-23","7 day R","2021-01-15","DE","point","NA",0.863667621757555
"2021-06-23","7 day R","2021-01-15","DE","quantile","0.025",0.586638258106028
"2021-06-23","7 day R","2021-01-15","DE","quantile","0.975",1.14231637166673
"2021-06-23","7 day R","2021-01-16","DE","point","NA",0.861584052948263
"2021-06-23","7 day R","2021-01-16","DE","quantile","0.025",0.584953689746809
"2021-06-23","7 day R","2021-01-16","DE","quantile","0.975",1.13805715995638
"2021-06-23","7 day R","2021-01-17","DE","point","NA",0.861042962102722
"2021-06-23","7 day R","2021-01-17","DE","quantile","0.025",0.583381334001445
"2021-06-23","7 day R","2021-01-17","DE","quantile","0.975",1.14228693949365
"2021-06-23","7 day R","2021-01-18","DE","point","NA",0.849338133689717
"2021-06-23","7 day R","2021-01-18","DE","quantile","0.025",0.572198069036905
"2021-06-23","7 day R","2021-01-18","DE","quantile","0.975",1.12560086531994
"2021-06-23","7 day R","2021-01-19","DE","point","NA",0.83809106884587
"2021-06-23","7 day R","2021-01-19","DE","quantile","0.025",0.557293294587379
"2021-06-23","7 day R","2021-01-19","DE","quantile","0.975",1.11476276244491
"2021-06-23","7 day R","2021-01-20","DE","point","NA",0.834892253927409
"2021-06-23","7 day R","2021-01-20","DE","quantile","0.025",0.555598030659344
"2021-06-23","7 day R","2021-01-20","DE","quantile","0.975",1.1089878796769
"2021-06-23","7 day R","2021-01-21","DE","point","NA",0.813999104093167
"2021-06-23","7 day R","2021-01-21","DE","quantile","0.025",0.53916101199225
"2021-06-23","7 day R","2021-01-21","DE","quantile","0.975",1.08722636885367
"2021-06-23","7 day R","2021-01-22","DE","point","NA",0.82288784500307
"2021-06-23","7 day R","2021-01-22","DE","quantile","0.025",0.54534216682751
"2021-06-23","7 day R","2021-01-22","DE","quantile","0.975",1.09831423804782
"2021-06-23","7 day R","2021-01-23","DE","point","NA",0.820090658368477
"2021-06-23","7 day R","2021-01-23","DE","quantile","0.025",0.542890610757067
"2021-06-23","7 day R","2021-01-23","DE","quantile","0.975",1.09843821979755
"2021-06-23","7 day R","2021-01-24","DE","point","NA",0.818860425379281
"2021-06-23","7 day R","2021-01-24","DE","quantile","0.025",0.543755442042699
"2021-06-23","7 day R","2021-01-24","DE","quantile","0.975",1.09203508699427
"2021-06-23","7 day R","2021-01-25","DE","point","NA",0.80529524199305
"2021-06-23","7 day R","2021-01-25","DE","quantile","0.025",0.528494138769202
"2021-06-23","7 day R","2021-01-25","DE","quantile","0.975",1.07969023003725
"2021-06-23","7 day R","2021-01-26","DE","point","NA",0.792544536562855
"2021-06-23","7 day R","2021-01-26","DE","quantile","0.025",0.513034200105041
"2021-06-23","7 day R","2021-01-26","DE","quantile","0.975",1.07011017349391
"2021-06-23","7 day R","2021-01-27","DE","point","NA",0.788991910667887
"2021-06-23","7 day R","2021-01-27","DE","quantile","0.025",0.510997023836768
"2021-06-23","7 day R","2021-01-27","DE","quantile","0.975",1.06520869078677
"2021-06-23","7 day R","2021-01-28","DE","point","NA",0.797891793330338
"2021-06-23","7 day R","2021-01-28","DE","quantile","0.025",0.523208328024248
"2021-06-23","7 day R","2021-01-28","DE","quantile","0.975",1.07685651644984
"2021-06-23","7 day R","2021-01-29","DE","point","NA",0.805905913900075
"2021-06-23","7 day R","2021-01-29","DE","quantile","0.025",0.53098190829191
"2021-06-23","7 day R","2021-01-29","DE","quantile","0.975",1.08343709164946
"2021-06-23","7 day R","2021-01-30","DE","point","NA",0.807930276901001
"2021-06-23","7 day R","2021-01-30","DE","quantile","0.025",0.532077008460486
"2021-06-23","7 day R","2021-01-30","DE","quantile","0.975",1.08550433096942
"2021-06-23","7 day R","2021-01-31","DE","point","NA",0.786288642434652
"2021-06-23","7 day R","2021-01-31","DE","quantile","0.025",0.50727960623196
"2021-06-23","7 day R","2021-01-31","DE","quantile","0.975",1.06538968793549
"2021-06-23","7 day R","2021-02-01","DE","point","NA",0.777852377942317
"2021-06-23","7 day R","2021-02-01","DE","quantile","0.025",0.502809929235151
"2021-06-23","7 day R","2021-02-01","DE","quantile","0.975",1.05289167858038
"2021-06-23","7 day R","2021-02-02","DE","point","NA",0.769175090472682
"2021-06-23","7 day R","2021-02-02","DE","quantile","0.025",0.493042722017824
"2021-06-23","7 day R","2021-02-02","DE","quantile","0.975",1.04288450617807
"2021-06-23","7 day R","2021-02-03","DE","point","NA",0.766869661482605
"2021-06-23","7 day R","2021-02-03","DE","quantile","0.025",0.494007875629618
"2021-06-23","7 day R","2021-02-03","DE","quantile","0.975",1.04120855010425
"2021-06-23","7 day R","2021-02-04","DE","point","NA",0.774393435175861
"2021-06-23","7 day R","2021-02-04","DE","quantile","0.025",0.499458830074692
"2021-06-23","7 day R","2021-02-04","DE","quantile","0.975",1.04538369745908
"2021-06-23","7 day R","2021-02-05","DE","point","NA",0.779507554375599
"2021-06-23","7 day R","2021-02-05","DE","quantile","0.025",0.503330522903606
"2021-06-23","7 day R","2021-02-05","DE","quantile","0.975",1.05663470220294
"2021-06-23","7 day R","2021-02-06","DE","point","NA",0.780824108093569
"2021-06-23","7 day R","2021-02-06","DE","quantile","0.025",0.505734249939227
"2021-06-23","7 day R","2021-02-06","DE","quantile","0.975",1.05473401750483
"2021-06-23","7 day R","2021-02-07","DE","point","NA",0.781581233864021
"2021-06-23","7 day R","2021-02-07","DE","quantile","0.025",0.508801224699622
"2021-06-23","7 day R","2021-02-07","DE","quantile","0.975",1.05693156867691
"2021-06-23","7 day R","2021-02-08","DE","point","NA",0.770196348170312
"2021-06-23","7 day R","2021-02-08","DE","quantile","0.025",0.496626965767791
"2021-06-23","7 day R","2021-02-08","DE","quantile","0.975",1.04216651107234
"2021-06-23","7 day R","2021-02-09","DE","point","NA",0.762149051089404
"2021-06-23","7 day R","2021-02-09","DE","quantile","0.025",0.48794509162495
"2021-06-23","7 day R","2021-02-09","DE","quantile","0.975",1.03582838122854
"2021-06-23","7 day R","2021-02-10","DE","point","NA",0.761530218107522
"2021-06-23","7 day R","2021-02-10","DE","quantile","0.025",0.484953349158683
"2021-06-23","7 day R","2021-02-10","DE","quantile","0.975",1.0332832399485
"2021-06-23","7 day R","2021-02-11","DE","point","NA",0.776297912101948
"2021-06-23","7 day R","2021-02-11","DE","quantile","0.025",0.499738779994333
"2021-06-23","7 day R","2021-02-11","DE","quantile","0.975",1.04799904157794
"2021-06-23","7 day R","2021-02-12","DE","point","NA",0.7959327240971
"2021-06-23","7 day R","2021-02-12","DE","quantile","0.025",0.520933013686178
"2021-06-23","7 day R","2021-02-12","DE","quantile","0.975",1.07011849950195
"2021-06-23","7 day R","2021-02-13","DE","point","NA",0.810456138526231
"2021-06-23","7 day R","2021-02-13","DE","quantile","0.025",0.539618815195842
"2021-06-23","7 day R","2021-02-13","DE","quantile","0.975",1.08310654288453
"2021-06-23","7 day R","2021-02-14","DE","point","NA",0.826864200899958
"2021-06-23","7 day R","2021-02-14","DE","quantile","0.025",0.555409260783275
"2021-06-23","7 day R","2021-02-14","DE","quantile","0.975",1.09727962757303
"2021-06-23","7 day R","2021-02-15","DE","point","NA",0.83897560847109
"2021-06-23","7 day R","2021-02-15","DE","quantile","0.025",0.562096164612878
"2021-06-23","7 day R","2021-02-15","DE","quantile","0.975",1.10798432327382
"2021-06-23","7 day R","2021-02-16","DE","point","NA",0.847056138627941
"2021-06-23","7 day R","2021-02-16","DE","quantile","0.025",0.56979435888081
"2021-06-23","7 day R","2021-02-16","DE","quantile","0.975",1.11850685135733
"2021-06-23","7 day R","2021-02-17","DE","point","NA",0.860920453732853
"2021-06-23","7 day R","2021-02-17","DE","quantile","0.025",0.582225817070855
"2021-06-23","7 day R","2021-02-17","DE","quantile","0.975",1.13534163900995
"2021-06-23","7 day R","2021-02-18","DE","point","NA",0.88220944293144
"2021-06-23","7 day R","2021-02-18","DE","quantile","0.025",0.604767881485129
"2021-06-23","7 day R","2021-02-18","DE","quantile","0.975",1.15526509567168
"2021-06-23","7 day R","2021-02-19","DE","point","NA",0.905000772785866
"2021-06-23","7 day R","2021-02-19","DE","quantile","0.025",0.627084000634387
"2021-06-23","7 day R","2021-02-19","DE","quantile","0.975",1.18281750645788
"2021-06-23","7 day R","2021-02-20","DE","point","NA",0.924241244588063
"2021-06-23","7 day R","2021-02-20","DE","quantile","0.025",0.649698745959603
"2021-06-23","7 day R","2021-02-20","DE","quantile","0.975",1.19949007878367
"2021-06-23","7 day R","2021-02-21","DE","point","NA",0.941344767909984
"2021-06-23","7 day R","2021-02-21","DE","quantile","0.025",0.668211090072764
"2021-06-23","7 day R","2021-02-21","DE","quantile","0.975",1.2185669338159
"2021-06-23","7 day R","2021-02-22","DE","point","NA",0.949105498241057
"2021-06-23","7 day R","2021-02-22","DE","quantile","0.025",0.67929022624647
"2021-06-23","7 day R","2021-02-22","DE","quantile","0.975",1.22391508863029
"2021-06-23","7 day R","2021-02-23","DE","point","NA",0.955211225694017
"2021-06-23","7 day R","2021-02-23","DE","quantile","0.025",0.678108688878215
"2021-06-23","7 day R","2021-02-23","DE","quantile","0.975",1.23077049903507
"2021-06-23","7 day R","2021-02-24","DE","point","NA",0.97021179678923
"2021-06-23","7 day R","2021-02-24","DE","quantile","0.025",0.696393258437857
"2021-06-23","7 day R","2021-02-24","DE","quantile","0.975",1.24390744353539
"2021-06-23","7 day R","2021-02-25","DE","point","NA",0.988253738583225
"2021-06-23","7 day R","2021-02-25","DE","quantile","0.025",0.713229055894153
"2021-06-23","7 day R","2021-02-25","DE","quantile","0.975",1.26579645832024
"2021-06-23","7 day R","2021-02-26","DE","point","NA",1.00285265440882
"2021-06-23","7 day R","2021-02-26","DE","quantile","0.025",0.7244324981558
"2021-06-23","7 day R","2021-02-26","DE","quantile","0.975",1.27928307548612
"2021-06-23","7 day R","2021-02-27","DE","point","NA",1.01403112758773
"2021-06-23","7 day R","2021-02-27","DE","quantile","0.025",0.740979065866084
"2021-06-23","7 day R","2021-02-27","DE","quantile","0.975",1.29282775849131
"2021-06-23","7 day R","2021-02-28","DE","point","NA",1.02346878891889
"2021-06-23","7 day R","2021-02-28","DE","quantile","0.025",0.746358637413441
"2021-06-23","7 day R","2021-02-28","DE","quantile","0.975",1.30549527127189
"2021-06-23","7 day R","2021-03-01","DE","point","NA",1.02582001776487
"2021-06-23","7 day R","2021-03-01","DE","quantile","0.025",0.746425010612831
"2021-06-23","7 day R","2021-03-01","DE","quantile","0.975",1.30171491299954
"2021-06-23","7 day R","2021-03-02","DE","point","NA",1.02766799995698
"2021-06-23","7 day R","2021-03-02","DE","quantile","0.025",0.751874622727697
"2021-06-23","7 day R","2021-03-02","DE","quantile","0.975",1.30215085175594
"2021-06-23","7 day R","2021-03-03","DE","point","NA",1.03907346145023
"2021-06-23","7 day R","2021-03-03","DE","quantile","0.025",0.763561542073513
"2021-06-23","7 day R","2021-03-03","DE","quantile","0.975",1.31129674558041
"2021-06-23","7 day R","2021-03-04","DE","point","NA",1.0602324596294
"2021-06-23","7 day R","2021-03-04","DE","quantile","0.025",0.784191578631781
"2021-06-23","7 day R","2021-03-04","DE","quantile","0.975",1.33483657808644
"2021-06-23","7 day R","2021-03-05","DE","point","NA",1.07789145568887
"2021-06-23","7 day R","2021-03-05","DE","quantile","0.025",0.806682735109341
"2021-06-23","7 day R","2021-03-05","DE","quantile","0.975",1.35079851278646
"2021-06-23","7 day R","2021-03-06","DE","point","NA",1.09699351879287
"2021-06-23","7 day R","2021-03-06","DE","quantile","0.025",0.823812632663173
"2021-06-23","7 day R","2021-03-06","DE","quantile","0.975",1.37049837269709
"2021-06-23","7 day R","2021-03-07","DE","point","NA",1.11618823585927
"2021-06-23","7 day R","2021-03-07","DE","quantile","0.025",0.8432795450078
"2021-06-23","7 day R","2021-03-07","DE","quantile","0.975",1.38628364304283
"2021-06-23","7 day R","2021-03-08","DE","point","NA",1.12990144805661
"2021-06-23","7 day R","2021-03-08","DE","quantile","0.025",0.856525150218878
"2021-06-23","7 day R","2021-03-08","DE","quantile","0.975",1.40196988549487
"2021-06-23","7 day R","2021-03-09","DE","point","NA",1.14655801557088
"2021-06-23","7 day R","2021-03-09","DE","quantile","0.025",0.871768353761387
"2021-06-23","7 day R","2021-03-09","DE","quantile","0.975",1.41774084644273
"2021-06-23","7 day R","2021-03-10","DE","point","NA",1.18053914753718
"2021-06-23","7 day R","2021-03-10","DE","quantile","0.025",0.907829345369335
"2021-06-23","7 day R","2021-03-10","DE","quantile","0.975",1.45351971443546
"2021-06-23","7 day R","2021-03-11","DE","point","NA",1.16557935248834
"2021-06-23","7 day R","2021-03-11","DE","quantile","0.025",0.896548235377654
"2021-06-23","7 day R","2021-03-11","DE","quantile","0.975",1.43583932945469
"2021-06-23","7 day R","2021-03-12","DE","point","NA",1.20117435452978
"2021-06-23","7 day R","2021-03-12","DE","quantile","0.025",0.930588873189588
"2021-06-23","7 day R","2021-03-12","DE","quantile","0.975",1.47574225953666
"2021-06-23","7 day R","2021-03-13","DE","point","NA",1.22878040749422
"2021-06-23","7 day R","2021-03-13","DE","quantile","0.025",0.958634396400932
"2021-06-23","7 day R","2021-03-13","DE","quantile","0.975",1.50488989062937
"2021-06-23","7 day R","2021-03-14","DE","point","NA",1.25493083935184
"2021-06-23","7 day R","2021-03-14","DE","quantile","0.025",0.983785394305497
"2021-06-23","7 day R","2021-03-14","DE","quantile","0.975",1.53300752121999
"2021-06-23","7 day R","2021-03-15","DE","point","NA",1.26570369421445
"2021-06-23","7 day R","2021-03-15","DE","quantile","0.025",0.9937987371612
"2021-06-23","7 day R","2021-03-15","DE","quantile","0.975",1.54353920044278
"2021-06-23","7 day R","2021-03-16","DE","point","NA",1.2812289824783
"2021-06-23","7 day R","2021-03-16","DE","quantile","0.025",1.00933546104935
"2021-06-23","7 day R","2021-03-16","DE","quantile","0.975",1.55388439813277
"2021-06-23","7 day R","2021-03-17","DE","point","NA",1.2749337490422
"2021-06-23","7 day R","2021-03-17","DE","quantile","0.025",1.00050540648139
"2021-06-23","7 day R","2021-03-17","DE","quantile","0.975",1.54694558908892
"2021-06-23","7 day R","2021-03-18","DE","point","NA",1.31575777940541
"2021-06-23","7 day R","2021-03-18","DE","quantile","0.025",1.04250239316372
"2021-06-23","7 day R","2021-03-18","DE","quantile","0.975",1.59329135646502
"2021-06-23","7 day R","2021-03-19","DE","point","NA",1.29506130509264
"2021-06-23","7 day R","2021-03-19","DE","quantile","0.025",1.02672990834551
"2021-06-23","7 day R","2021-03-19","DE","quantile","0.975",1.57067407321517
"2021-06-23","7 day R","2021-03-20","DE","point","NA",1.27653602632116
"2021-06-23","7 day R","2021-03-20","DE","quantile","0.025",1.00235828523666
"2021-06-23","7 day R","2021-03-20","DE","quantile","0.975",1.55334846660885
"2021-06-23","7 day R","2021-03-21","DE","point","NA",1.25802957941951
"2021-06-23","7 day R","2021-03-21","DE","quantile","0.025",0.984832350703269
"2021-06-23","7 day R","2021-03-21","DE","quantile","0.975",1.53448749970213
"2021-06-23","7 day R","2021-03-22","DE","point","NA",1.26705512086413
"2021-06-23","7 day R","2021-03-22","DE","quantile","0.025",0.991434080973959
"2021-06-23","7 day R","2021-03-22","DE","quantile","0.975",1.54109338187611
"2021-06-23","7 day R","2021-03-23","DE","point","NA",1.27970253500063
"2021-06-23","7 day R","2021-03-23","DE","quantile","0.025",1.00946664357132
"2021-06-23","7 day R","2021-03-23","DE","quantile","0.975",1.55527029197466
"2021-06-23","7 day R","2021-03-24","DE","point","NA",1.27420853187468
"2021-06-23","7 day R","2021-03-24","DE","quantile","0.025",1.00448300232922
"2021-06-23","7 day R","2021-03-24","DE","quantile","0.975",1.55474160248087
"2021-06-23","7 day R","2021-03-25","DE","point","NA",1.25461980772708
"2021-06-23","7 day R","2021-03-25","DE","quantile","0.025",0.981914867156183
"2021-06-23","7 day R","2021-03-25","DE","quantile","0.975",1.52932887310235
"2021-06-23","7 day R","2021-03-26","DE","point","NA",1.23836394817582
"2021-06-23","7 day R","2021-03-26","DE","quantile","0.025",0.967811889003294
"2021-06-23","7 day R","2021-03-26","DE","quantile","0.975",1.51350282732639
"2021-06-23","7 day R","2021-03-27","DE","point","NA",1.21401178882951
"2021-06-23","7 day R","2021-03-27","DE","quantile","0.025",0.942363658150212
"2021-06-23","7 day R","2021-03-27","DE","quantile","0.975",1.48975432383677
"2021-06-23","7 day R","2021-03-28","DE","point","NA",1.18442423164952
"2021-06-23","7 day R","2021-03-28","DE","quantile","0.025",0.911689921521446
"2021-06-23","7 day R","2021-03-28","DE","quantile","0.975",1.45755657554512
"2021-06-23","7 day R","2021-03-29","DE","point","NA",1.17622346834824
"2021-06-23","7 day R","2021-03-29","DE","quantile","0.025",0.903699510842321
"2021-06-23","7 day R","2021-03-29","DE","quantile","0.975",1.4507096117115
"2021-06-23","7 day R","2021-03-30","DE","point","NA",1.16424889850864
"2021-06-23","7 day R","2021-03-30","DE","quantile","0.025",0.890475494992822
"2021-06-23","7 day R","2021-03-30","DE","quantile","0.975",1.43804788062512
"2021-06-23","7 day R","2021-03-31","DE","point","NA",1.13514547844517
"2021-06-23","7 day R","2021-03-31","DE","quantile","0.025",0.861935243047891
"2021-06-23","7 day R","2021-03-31","DE","quantile","0.975",1.41114683232405
"2021-06-23","7 day R","2021-04-01","DE","point","NA",1.10483111948345
"2021-06-23","7 day R","2021-04-01","DE","quantile","0.025",0.832862364868003
"2021-06-23","7 day R","2021-04-01","DE","quantile","0.975",1.37958964174252
"2021-06-23","7 day R","2021-04-02","DE","point","NA",1.07557208258375
"2021-06-23","7 day R","2021-04-02","DE","quantile","0.025",0.79765499129738
"2021-06-23","7 day R","2021-04-02","DE","quantile","0.975",1.34834201896038
"2021-06-23","7 day R","2021-04-03","DE","point","NA",1.05808112443718
"2021-06-23","7 day R","2021-04-03","DE","quantile","0.025",0.77964757654951
"2021-06-23","7 day R","2021-04-03","DE","quantile","0.975",1.33329790088328
"2021-06-23","7 day R","2021-04-04","DE","point","NA",1.07476699092237
"2021-06-23","7 day R","2021-04-04","DE","quantile","0.025",0.795486522070386
"2021-06-23","7 day R","2021-04-04","DE","quantile","0.975",1.3516808419701
"2021-06-23","7 day R","2021-04-05","DE","point","NA",1.07829128182397
"2021-06-23","7 day R","2021-04-05","DE","quantile","0.025",0.800112044362448
"2021-06-23","7 day R","2021-04-05","DE","quantile","0.975",1.35327258534
"2021-06-23","7 day R","2021-04-06","DE","point","NA",1.09290199593279
"2021-06-23","7 day R","2021-04-06","DE","quantile","0.025",0.811608064387314
"2021-06-23","7 day R","2021-04-06","DE","quantile","0.975",1.36560782874579
"2021-06-23","7 day R","2021-04-07","DE","point","NA",1.15056965381467
"2021-06-23","7 day R","2021-04-07","DE","quantile","0.025",0.872914641195579
"2021-06-23","7 day R","2021-04-07","DE","quantile","0.975",1.42488722952009
"2021-06-23","7 day R","2021-04-08","DE","point","NA",1.17515409467155
"2021-06-23","7 day R","2021-04-08","DE","quantile","0.025",0.902397827610895
"2021-06-23","7 day R","2021-04-08","DE","quantile","0.975",1.44995540932805
"2021-06-23","7 day R","2021-04-09","DE","point","NA",1.18320576461012
"2021-06-23","7 day R","2021-04-09","DE","quantile","0.025",0.912613235823295
"2021-06-23","7 day R","2021-04-09","DE","quantile","0.975",1.45878420061094
"2021-06-23","7 day R","2021-04-10","DE","point","NA",1.1814662879264
"2021-06-23","7 day R","2021-04-10","DE","quantile","0.025",0.910079551901933
"2021-06-23","7 day R","2021-04-10","DE","quantile","0.975",1.46058023876492
"2021-06-23","7 day R","2021-04-11","DE","point","NA",1.17406930584707
"2021-06-23","7 day R","2021-04-11","DE","quantile","0.025",0.901069133054383
"2021-06-23","7 day R","2021-04-11","DE","quantile","0.975",1.45038529499429
"2021-06-23","7 day R","2021-04-12","DE","point","NA",1.18556542314127
"2021-06-23","7 day R","2021-04-12","DE","quantile","0.025",0.910963019667806
"2021-06-23","7 day R","2021-04-12","DE","quantile","0.975",1.46067936501939
"2021-06-23","7 day R","2021-04-13","DE","point","NA",1.19349511068935
"2021-06-23","7 day R","2021-04-13","DE","quantile","0.025",0.92154227028359
"2021-06-23","7 day R","2021-04-13","DE","quantile","0.975",1.46903031693005
"2021-06-23","7 day R","2021-04-14","DE","point","NA",1.17911235170262
"2021-06-23","7 day R","2021-04-14","DE","quantile","0.025",0.906170473355922
"2021-06-23","7 day R","2021-04-14","DE","quantile","0.975",1.45574297242718
"2021-06-23","7 day R","2021-04-15","DE","point","NA",1.15655200904611
"2021-06-23","7 day R","2021-04-15","DE","quantile","0.025",0.880545895409208
"2021-06-23","7 day R","2021-04-15","DE","quantile","0.975",1.43288944509536
"2021-06-23","7 day R","2021-04-16","DE","point","NA",1.14015442888222
"2021-06-23","7 day R","2021-04-16","DE","quantile","0.025",0.862459354501383
"2021-06-23","7 day R","2021-04-16","DE","quantile","0.975",1.417442253699
"2021-06-23","7 day R","2021-04-17","DE","point","NA",1.12166425098549
"2021-06-23","7 day R","2021-04-17","DE","quantile","0.025",0.843723161644267
"2021-06-23","7 day R","2021-04-17","DE","quantile","0.975",1.3984626554746
"2021-06-23","7 day R","2021-04-18","DE","point","NA",1.10153346687808
"2021-06-23","7 day R","2021-04-18","DE","quantile","0.025",0.826199318098192
"2021-06-23","7 day R","2021-04-18","DE","quantile","0.975",1.37289444036351
"2021-06-23","7 day R","2021-04-19","DE","point","NA",1.10308216642187
"2021-06-23","7 day R","2021-04-19","DE","quantile","0.025",0.831295839908309
"2021-06-23","7 day R","2021-04-19","DE","quantile","0.975",1.37669736618906
"2021-06-23","7 day R","2021-04-20","DE","point","NA",1.10250132630747
"2021-06-23","7 day R","2021-04-20","DE","quantile","0.025",0.829478576064579
"2021-06-23","7 day R","2021-04-20","DE","quantile","0.975",1.37439843392233
"2021-06-23","7 day R","2021-04-21","DE","point","NA",1.08418452390695
"2021-06-23","7 day R","2021-04-21","DE","quantile","0.025",0.807874861598069
"2021-06-23","7 day R","2021-04-21","DE","quantile","0.975",1.35773230760056
"2021-06-23","7 day R","2021-04-22","DE","point","NA",1.07493683227548
"2021-06-23","7 day R","2021-04-22","DE","quantile","0.025",0.799041440263409
"2021-06-23","7 day R","2021-04-22","DE","quantile","0.975",1.35069963074618
"2021-06-23","7 day R","2021-04-23","DE","point","NA",1.05349068166072
"2021-06-23","7 day R","2021-04-23","DE","quantile","0.025",0.778121681071305
"2021-06-23","7 day R","2021-04-23","DE","quantile","0.975",1.32385389506055
"2021-06-23","7 day R","2021-04-24","DE","point","NA",1.03285417251428
"2021-06-23","7 day R","2021-04-24","DE","quantile","0.025",0.757151578474441
"2021-06-23","7 day R","2021-04-24","DE","quantile","0.975",1.3040870745513
"2021-06-23","7 day R","2021-04-25","DE","point","NA",1.02286769321768
"2021-06-23","7 day R","2021-04-25","DE","quantile","0.025",0.749386900317141
"2021-06-23","7 day R","2021-04-25","DE","quantile","0.975",1.29298489751722
"2021-06-23","7 day R","2021-04-26","DE","point","NA",0.997639654300942
"2021-06-23","7 day R","2021-04-26","DE","quantile","0.025",0.718449902250836
"2021-06-23","7 day R","2021-04-26","DE","quantile","0.975",1.27126206731428
"2021-06-23","7 day R","2021-04-27","DE","point","NA",0.983078352865026
"2021-06-23","7 day R","2021-04-27","DE","quantile","0.025",0.702786161878673
"2021-06-23","7 day R","2021-04-27","DE","quantile","0.975",1.2579195499843
"2021-06-23","7 day R","2021-04-28","DE","point","NA",0.96843587142932
"2021-06-23","7 day R","2021-04-28","DE","quantile","0.025",0.693478448422136
"2021-06-23","7 day R","2021-04-28","DE","quantile","0.975",1.24030137636392
"2021-06-23","7 day R","2021-04-29","DE","point","NA",0.942768042627833
"2021-06-23","7 day R","2021-04-29","DE","quantile","0.025",0.66673278015212
"2021-06-23","7 day R","2021-04-29","DE","quantile","0.975",1.21626748445077
"2021-06-23","7 day R","2021-04-30","DE","point","NA",0.91979324630838
"2021-06-23","7 day R","2021-04-30","DE","quantile","0.025",0.643322412549245
"2021-06-23","7 day R","2021-04-30","DE","quantile","0.975",1.19463711729486
"2021-06-23","7 day R","2021-05-01","DE","point","NA",0.911045321278856
"2021-06-23","7 day R","2021-05-01","DE","quantile","0.025",0.63473900553175
"2021-06-23","7 day R","2021-05-01","DE","quantile","0.975",1.18738397626655
"2021-06-23","7 day R","2021-05-02","DE","point","NA",0.895058128865524
"2021-06-23","7 day R","2021-05-02","DE","quantile","0.025",0.617307116843201
"2021-06-23","7 day R","2021-05-02","DE","quantile","0.975",1.17011144526902
"2021-06-23","7 day R","2021-05-03","DE","point","NA",0.877260912374682
"2021-06-23","7 day R","2021-05-03","DE","quantile","0.025",0.599110976798193
"2021-06-23","7 day R","2021-05-03","DE","quantile","0.975",1.15312306757768
"2021-06-23","7 day R","2021-05-04","DE","point","NA",0.864080109498138
"2021-06-23","7 day R","2021-05-04","DE","quantile","0.025",0.585906036357593
"2021-06-23","7 day R","2021-05-04","DE","quantile","0.975",1.13687114317333
"2021-06-23","7 day R","2021-05-05","DE","point","NA",0.843486752293457
"2021-06-23","7 day R","2021-05-05","DE","quantile","0.025",0.570499189682592
"2021-06-23","7 day R","2021-05-05","DE","quantile","0.975",1.11724523885242
"2021-06-23","7 day R","2021-05-06","DE","point","NA",0.813973633282737
"2021-06-23","7 day R","2021-05-06","DE","quantile","0.025",0.538930667892465
"2021-06-23","7 day R","2021-05-06","DE","quantile","0.975",1.09046346208753
"2021-06-23","7 day R","2021-05-07","DE","point","NA",0.793902416269421
"2021-06-23","7 day R","2021-05-07","DE","quantile","0.025",0.520300853768774
"2021-06-23","7 day R","2021-05-07","DE","quantile","0.975",1.07000567553518
"2021-06-23","7 day R","2021-05-08","DE","point","NA",0.772156814771414
"2021-06-23","7 day R","2021-05-08","DE","quantile","0.025",0.493578584576294
"2021-06-23","7 day R","2021-05-08","DE","quantile","0.975",1.04804363173985
"2021-06-23","7 day R","2021-05-09","DE","point","NA",0.750029212242404
"2021-06-23","7 day R","2021-05-09","DE","quantile","0.025",0.471317739360205
"2021-06-23","7 day R","2021-05-09","DE","quantile","0.975",1.0253413307468
"2021-06-23","7 day R","2021-05-10","DE","point","NA",0.743811099300031
"2021-06-23","7 day R","2021-05-10","DE","quantile","0.025",0.466893173702686
"2021-06-23","7 day R","2021-05-10","DE","quantile","0.975",1.01956877749155
"2021-06-23","7 day R","2021-05-11","DE","point","NA",0.729215627098383
"2021-06-23","7 day R","2021-05-11","DE","quantile","0.025",0.451609175031589
"2021-06-23","7 day R","2021-05-11","DE","quantile","0.975",1.00612925738823
"2021-06-23","7 day R","2021-05-12","DE","point","NA",0.699212292581531
"2021-06-23","7 day R","2021-05-12","DE","quantile","0.025",0.424123814935664
"2021-06-23","7 day R","2021-05-12","DE","quantile","0.975",0.97399065415692
"2021-06-23","7 day R","2021-05-13","DE","point","NA",0.696448488130518
"2021-06-23","7 day R","2021-05-13","DE","quantile","0.025",0.425763281693596
"2021-06-23","7 day R","2021-05-13","DE","quantile","0.975",0.97067984786087
"2021-06-23","7 day R","2021-05-14","DE","point","NA",0.695402326619522
"2021-06-23","7 day R","2021-05-14","DE","quantile","0.025",0.42183546905445
"2021-06-23","7 day R","2021-05-14","DE","quantile","0.975",0.972502950287103
"2021-06-23","7 day R","2021-05-15","DE","point","NA",0.693882438113596
"2021-06-23","7 day R","2021-05-15","DE","quantile","0.025",0.418597477242414
"2021-06-23","7 day R","2021-05-15","DE","quantile","0.975",0.97408572329625
"2021-06-23","7 day R","2021-05-16","DE","point","NA",0.696381381513592
"2021-06-23","7 day R","2021-05-16","DE","quantile","0.025",0.420451658509945
"2021-06-23","7 day R","2021-05-16","DE","quantile","0.975",0.974163885257391
"2021-06-23","7 day R","2021-05-17","DE","point","NA",0.687205247426309
"2021-06-23","7 day R","2021-05-17","DE","quantile","0.025",0.414678720299944
"2021-06-23","7 day R","2021-05-17","DE","quantile","0.975",0.964344255309255
"2021-06-23","7 day R","2021-05-18","DE","point","NA",0.673264930733908
"2021-06-23","7 day R","2021-05-18","DE","quantile","0.025",0.399239291526761
"2021-06-23","7 day R","2021-05-18","DE","quantile","0.975",0.946831941745923
"2021-06-23","7 day R","2021-05-19","DE","point","NA",0.669540980734668
"2021-06-23","7 day R","2021-05-19","DE","quantile","0.025",0.394601611100423
"2021-06-23","7 day R","2021-05-19","DE","quantile","0.975",0.945322450994123
"2021-06-23","7 day R","2021-05-20","DE","point","NA",0.657485158573339
"2021-06-23","7 day R","2021-05-20","DE","quantile","0.025",0.383800441737129
"2021-06-23","7 day R","2021-05-20","DE","quantile","0.975",0.933555739561386
"2021-06-23","7 day R","2021-05-21","DE","point","NA",0.645129052828173
"2021-06-23","7 day R","2021-05-21","DE","quantile","0.025",0.372275719485518
"2021-06-23","7 day R","2021-05-21","DE","quantile","0.975",0.91971543455443
"2021-06-23","7 day R","2021-05-22","DE","point","NA",0.631189790101716
"2021-06-23","7 day R","2021-05-22","DE","quantile","0.025",0.357391457133914
"2021-06-23","7 day R","2021-05-22","DE","quantile","0.975",0.903491067776923
"2021-06-23","7 day R","2021-05-23","DE","point","NA",0.613467088351266
"2021-06-23","7 day R","2021-05-23","DE","quantile","0.025",0.339089745860338
"2021-06-23","7 day R","2021-05-23","DE","quantile","0.975",0.88247421367507
"2021-06-23","7 day R","2021-05-24","DE","point","NA",0.587918172851043
"2021-06-23","7 day R","2021-05-24","DE","quantile","0.025",0.314504913374648
"2021-06-23","7 day R","2021-05-24","DE","quantile","0.975",0.858925374322967
"2021-06-23","7 day R","2021-05-25","DE","point","NA",0.565014720758754
"2021-06-23","7 day R","2021-05-25","DE","quantile","0.025",0.288819715809787
"2021-06-23","7 day R","2021-05-25","DE","quantile","0.975",0.836918343024074
"2021-06-23","7 day R","2021-05-26","DE","point","NA",0.561861524876079
"2021-06-23","7 day R","2021-05-26","DE","quantile","0.025",0.281578385690943
"2021-06-23","7 day R","2021-05-26","DE","quantile","0.975",0.837148173689747
"2021-06-23","7 day R","2021-05-27","DE","point","NA",0.574416710488483
"2021-06-23","7 day R","2021-05-27","DE","quantile","0.025",0.29900143571198
"2021-06-23","7 day R","2021-05-27","DE","quantile","0.975",0.844311703005461
"2021-06-23","7 day R","2021-05-28","DE","point","NA",0.583676580992613
"2021-06-23","7 day R","2021-05-28","DE","quantile","0.025",0.311547269945147
"2021-06-23","7 day R","2021-05-28","DE","quantile","0.975",0.860739126491058
"2021-06-23","7 day R","2021-05-29","DE","point","NA",0.583276288308448
"2021-06-23","7 day R","2021-05-29","DE","quantile","0.025",0.311826904343404
"2021-06-23","7 day R","2021-05-29","DE","quantile","0.975",0.860494944728495
"2021-06-23","7 day R","2021-05-30","DE","point","NA",0.576845349756698
"2021-06-23","7 day R","2021-05-30","DE","quantile","0.025",0.306843717981975
"2021-06-23","7 day R","2021-05-30","DE","quantile","0.975",0.851649024816538
"2021-06-23","7 day R","2021-05-31","DE","point","NA",0.565963279160997
"2021-06-23","7 day R","2021-05-31","DE","quantile","0.025",0.293881403026382
"2021-06-23","7 day R","2021-05-31","DE","quantile","0.975",0.840473093660641
"2021-06-23","7 day R","2021-06-01","DE","point","NA",0.553926436320054
"2021-06-23","7 day R","2021-06-01","DE","quantile","0.025",0.280016082274369
"2021-06-23","7 day R","2021-06-01","DE","quantile","0.975",0.830534540596697
"2021-06-23","7 day R","2021-06-02","DE","point","NA",0.546086434946909
"2021-06-23","7 day R","2021-06-02","DE","quantile","0.025",0.270377167097218
"2021-06-23","7 day R","2021-06-02","DE","quantile","0.975",0.821046391975309
"2021-06-23","7 day R","2021-06-03","DE","point","NA",0.53570147482536
"2021-06-23","7 day R","2021-06-03","DE","quantile","0.025",0.258718856281782
"2021-06-23","7 day R","2021-06-03","DE","quantile","0.975",0.813933244923599
"2021-06-23","7 day R","2021-06-04","DE","point","NA",0.532002582626186
"2021-06-23","7 day R","2021-06-04","DE","quantile","0.025",0.252000397462507
"2021-06-23","7 day R","2021-06-04","DE","quantile","0.975",0.810487339206858
"2021-06-23","7 day R","2021-06-05","DE","point","NA",0.530493636991221
"2021-06-23","7 day R","2021-06-05","DE","quantile","0.025",0.250701115795154
"2021-06-23","7 day R","2021-06-05","DE","quantile","0.975",0.810431474579671
"2021-06-23","7 day R","2021-06-06","DE","point","NA",0.529878641461417
"2021-06-23","7 day R","2021-06-06","DE","quantile","0.025",0.250851433793226
"2021-06-23","7 day R","2021-06-06","DE","quantile","0.975",0.808388429554691
"2021-06-23","7 day R","2021-06-07","DE","point","NA",0.524072051508426
"2021-06-23","7 day R","2021-06-07","DE","quantile","0.025",0.248928527194707
"2021-06-23","7 day R","2021-06-07","DE","quantile","0.975",0.800571604438208
"2021-06-23","7 day R","2021-06-08","DE","point","NA",0.517057697498713
"2021-06-23","7 day R","2021-06-08","DE","quantile","0.025",0.240870512586349
"2021-06-23","7 day R","2021-06-08","DE","quantile","0.975",0.791268612250323
"2021-06-23","7 day R","2021-06-09","DE","point","NA",0.509203354650578
"2021-06-23","7 day R","2021-06-09","DE","quantile","0.025",0.232877105023667
"2021-06-23","7 day R","2021-06-09","DE","quantile","0.975",0.783118838246797
"2021-06-23","7 day R","2021-06-10","DE","point","NA",0.49982165762492
"2021-06-23","7 day R","2021-06-10","DE","quantile","0.025",0.225418901079221
"2021-06-23","7 day R","2021-06-10","DE","quantile","0.975",0.775924647557079
"2021-06-23","7 day R","2021-06-11","DE","point","NA",0.490441123854545
"2021-06-23","7 day R","2021-06-11","DE","quantile","0.025",0.213376268139832
"2021-06-23","7 day R","2021-06-11","DE","quantile","0.975",0.766253790434823
"2021-06-23","7 day R","2021-06-12","DE","point","NA",0.48004276271789
"2021-06-23","7 day R","2021-06-12","DE","quantile","0.025",0.202376842465744
"2021-06-23","7 day R","2021-06-12","DE","quantile","0.975",0.758900822349844
"2021-06-23","7 day R","2021-06-13","DE","point","NA",0.468046039832222
"2021-06-23","7 day R","2021-06-13","DE","quantile","0.025",0.18751759676218
"2021-06-23","7 day R","2021-06-13","DE","quantile","0.975",0.747408049996056
"2021-06-23","7 day R","2021-06-14","DE","point","NA",0.453771500310025
"2021-06-23","7 day R","2021-06-14","DE","quantile","0.025",0.175189120965186
"2021-06-23","7 day R","2021-06-14","DE","quantile","0.975",0.732750740201359
"2021-06-23","7 day R","2021-06-15","DE","point","NA",0.435610141874792
"2021-06-23","7 day R","2021-06-15","DE","quantile","0.025",0.150530388435863
"2021-06-23","7 day R","2021-06-15","DE","quantile","0.975",0.71605152417355
"2021-06-23","7 day R","2021-06-16","DE","point","NA",0.419980966029228
"2021-06-23","7 day R","2021-06-16","DE","quantile","0.025",0.132982074436917
"2021-06-23","7 day R","2021-06-16","DE","quantile","0.975",0.704928144622498
"2021-06-23","7 day R","2021-06-17","DE","point","NA",0.412605671091859
"2021-06-23","7 day R","2021-06-17","DE","quantile","0.025",0.121595138582726
"2021-06-23","7 day R","2021-06-17","DE","quantile","0.975",0.706810864764289
"2021-06-23","7 day R","2021-06-18","DE","point","NA",0.417474659023303
"2021-06-23","7 day R","2021-06-18","DE","quantile","0.025",0.114043031691573
"2021-06-23","7 day R","2021-06-18","DE","quantile","0.975",0.722662692877161
"2021-06-23","7 day R","2021-06-19","DE","point","NA",0.427571008068024
"2021-06-23","7 day R","2021-06-19","DE","quantile","0.025",0.106999349827562
"2021-06-23","7 day R","2021-06-19","DE","quantile","0.975",0.750594043761349
"2021-06-23","7 day R","2021-06-20","DE","point","NA",0.432275792790985
"2021-06-23","7 day R","2021-06-20","DE","quantile","0.025",0.0883072725661348
"2021-06-23","7 day R","2021-06-20","DE","quantile","0.975",0.779094864052814
"2021-06-23","7 day R","2021-06-21","DE","point","NA",0.434445291466939
"2021-06-23","7 day R","2021-06-21","DE","quantile","0.025",0.0526069384500274
"2021-06-23","7 day R","2021-06-21","DE","quantile","0.975",0.815051953656308
"2021-06-23","7 day R","2020-03-02","DE","point","NA",2.96309227425168
"2021-06-23","7 day R","2020-03-02","DE","quantile","0.025",2.62364085568062
"2021-06-23","7 day R","2020-03-02","DE","quantile","0.975",3.29660852593156
"2021-06-23","7 day R","2020-03-03","DE","point","NA",2.95970495163569
"2021-06-23","7 day R","2020-03-03","DE","quantile","0.025",2.65082513238428
"2021-06-23","7 day R","2020-03-03","DE","quantile","0.975",3.26663737798618
"2021-06-23","7 day R","2020-03-04","DE","point","NA",2.98386522192544
"2021-06-23","7 day R","2020-03-04","DE","quantile","0.025",2.68876706410538
"2021-06-23","7 day R","2020-03-04","DE","quantile","0.975",3.27304062833666
"2021-06-23","7 day R","2020-03-05","DE","point","NA",3.01441614946702
"2021-06-23","7 day R","2020-03-05","DE","quantile","0.025",2.72770460078786
"2021-06-23","7 day R","2020-03-05","DE","quantile","0.975",3.29903954381625
"2021-06-23","7 day R","2020-03-06","DE","point","NA",3.04552654245219
"2021-06-23","7 day R","2020-03-06","DE","quantile","0.025",2.78137731325264
"2021-06-23","7 day R","2020-03-06","DE","quantile","0.975",3.30951372551639
"2021-06-23","7 day R","2020-03-07","DE","point","NA",3.0543426225831
"2021-06-23","7 day R","2020-03-07","DE","quantile","0.025",2.80009816849048
"2021-06-23","7 day R","2020-03-07","DE","quantile","0.975",3.30994960469798
"2021-06-23","7 day R","2020-03-08","DE","point","NA",3.07078912788216
"2021-06-23","7 day R","2020-03-08","DE","quantile","0.025",2.8252428289234
"2021-06-23","7 day R","2020-03-08","DE","quantile","0.975",3.31645221281419
"2021-06-23","7 day R","2020-03-09","DE","point","NA",3.04554028633314
"2021-06-23","7 day R","2020-03-09","DE","quantile","0.025",2.80271276665333
"2021-06-23","7 day R","2020-03-09","DE","quantile","0.975",3.28785878057027
"2021-06-23","7 day R","2020-03-10","DE","point","NA",3.07588764452594
"2021-06-23","7 day R","2020-03-10","DE","quantile","0.025",2.83368480096788
"2021-06-23","7 day R","2020-03-10","DE","quantile","0.975",3.31835809291647
"2021-06-23","7 day R","2020-03-11","DE","point","NA",3.08718109070628
"2021-06-23","7 day R","2020-03-11","DE","quantile","0.025",2.84541377538021
"2021-06-23","7 day R","2020-03-11","DE","quantile","0.975",3.33165513007019
"2021-06-23","7 day R","2020-03-12","DE","point","NA",3.07907737045687
"2021-06-23","7 day R","2020-03-12","DE","quantile","0.025",2.83151475483664
"2021-06-23","7 day R","2020-03-12","DE","quantile","0.975",3.33022431962124
"2021-06-23","7 day R","2020-03-13","DE","point","NA",3.16440643200695
"2021-06-23","7 day R","2020-03-13","DE","quantile","0.025",2.90895964205379
"2021-06-23","7 day R","2020-03-13","DE","quantile","0.975",3.42627295019713
"2021-06-23","7 day R","2020-03-14","DE","point","NA",3.24985972142166
"2021-06-23","7 day R","2020-03-14","DE","quantile","0.025",2.9951966774288
"2021-06-23","7 day R","2020-03-14","DE","quantile","0.975",3.51254781008051
"2021-06-23","7 day R","2020-03-15","DE","point","NA",3.29587088349863
"2021-06-23","7 day R","2020-03-15","DE","quantile","0.025",3.03703134479976
"2021-06-23","7 day R","2020-03-15","DE","quantile","0.975",3.5598995168079
"2021-06-23","7 day R","2020-03-16","DE","point","NA",3.31990694708496
"2021-06-23","7 day R","2020-03-16","DE","quantile","0.025",3.05810759071019
"2021-06-23","7 day R","2020-03-16","DE","quantile","0.975",3.58201012773544
"2021-06-23","7 day R","2020-03-17","DE","point","NA",3.29301784935525
"2021-06-23","7 day R","2020-03-17","DE","quantile","0.025",3.03607581655425
"2021-06-23","7 day R","2020-03-17","DE","quantile","0.975",3.55599495874365
"2021-06-23","7 day R","2020-03-18","DE","point","NA",3.21975327577057
"2021-06-23","7 day R","2020-03-18","DE","quantile","0.025",2.96792039352403
"2021-06-23","7 day R","2020-03-18","DE","quantile","0.975",3.48323035535328
"2021-06-23","7 day R","2020-03-19","DE","point","NA",3.08537549032953
"2021-06-23","7 day R","2020-03-19","DE","quantile","0.025",2.84073192292296
"2021-06-23","7 day R","2020-03-19","DE","quantile","0.975",3.33716731046583
"2021-06-23","7 day R","2020-03-20","DE","point","NA",2.89752138017094
"2021-06-23","7 day R","2020-03-20","DE","quantile","0.025",2.66358936243915
"2021-06-23","7 day R","2020-03-20","DE","quantile","0.975",3.13919256979243
"2021-06-23","7 day R","2020-03-21","DE","point","NA",2.68558860699101
"2021-06-23","7 day R","2020-03-21","DE","quantile","0.025",2.45357089407477
"2021-06-23","7 day R","2020-03-21","DE","quantile","0.975",2.92036013004152
"2021-06-23","7 day R","2020-03-22","DE","point","NA",2.53718534132281
"2021-06-23","7 day R","2020-03-22","DE","quantile","0.025",2.30386580607933
"2021-06-23","7 day R","2020-03-22","DE","quantile","0.975",2.76614121990342
"2021-06-23","7 day R","2020-03-23","DE","point","NA",2.44351315222922
"2021-06-23","7 day R","2020-03-23","DE","quantile","0.025",2.2129318818263
"2021-06-23","7 day R","2020-03-23","DE","quantile","0.975",2.67405546901767
"2021-06-23","7 day R","2020-03-24","DE","point","NA",2.32444805719382
"2021-06-23","7 day R","2020-03-24","DE","quantile","0.025",2.09480257778964
"2021-06-23","7 day R","2020-03-24","DE","quantile","0.975",2.55737016822057
"2021-06-23","7 day R","2020-03-25","DE","point","NA",2.2226125702736
"2021-06-23","7 day R","2020-03-25","DE","quantile","0.025",1.98856602364112
"2021-06-23","7 day R","2020-03-25","DE","quantile","0.975",2.45418456060059
"2021-06-23","7 day R","2020-03-26","DE","point","NA",2.16693917177439
"2021-06-23","7 day R","2020-03-26","DE","quantile","0.025",1.93370288294939
"2021-06-23","7 day R","2020-03-26","DE","quantile","0.975",2.4000565961177
"2021-06-23","7 day R","2020-03-27","DE","point","NA",2.05694914168592
"2021-06-23","7 day R","2020-03-27","DE","quantile","0.025",1.82353310913058
"2021-06-23","7 day R","2020-03-27","DE","quantile","0.975",2.28927423396234
"2021-06-23","7 day R","2020-03-28","DE","point","NA",1.9487662949365
"2021-06-23","7 day R","2020-03-28","DE","quantile","0.025",1.71632748037642
"2021-06-23","7 day R","2020-03-28","DE","quantile","0.975",2.17836575173901
"2021-06-23","7 day R","2020-03-29","DE","point","NA",1.80322186975867
"2021-06-23","7 day R","2020-03-29","DE","quantile","0.025",1.56693137625845
"2021-06-23","7 day R","2020-03-29","DE","quantile","0.975",2.03455506875483
"2021-06-23","7 day R","2020-03-30","DE","point","NA",1.67809606480559
"2021-06-23","7 day R","2020-03-30","DE","quantile","0.025",1.44654356111544
"2021-06-23","7 day R","2020-03-30","DE","quantile","0.975",1.90859238937608
"2021-06-23","7 day R","2020-03-31","DE","point","NA",1.56923599944603
"2021-06-23","7 day R","2020-03-31","DE","quantile","0.025",1.33582836189642
"2021-06-23","7 day R","2020-03-31","DE","quantile","0.975",1.80344986689071
"2021-06-23","7 day R","2020-04-01","DE","point","NA",1.47473200361823
"2021-06-23","7 day R","2020-04-01","DE","quantile","0.025",1.2416466341878
"2021-06-23","7 day R","2020-04-01","DE","quantile","0.975",1.70589842771016
"2021-06-23","7 day R","2020-04-02","DE","point","NA",1.3943064845286
"2021-06-23","7 day R","2020-04-02","DE","quantile","0.025",1.16145059038433
"2021-06-23","7 day R","2020-04-02","DE","quantile","0.975",1.62641223037253
"2021-06-23","7 day R","2020-04-03","DE","point","NA",1.30648188148836
"2021-06-23","7 day R","2020-04-03","DE","quantile","0.025",1.07166566522764
"2021-06-23","7 day R","2020-04-03","DE","quantile","0.975",1.53909150799963
"2021-06-23","7 day R","2020-04-04","DE","point","NA",1.23479586124685
"2021-06-23","7 day R","2020-04-04","DE","quantile","0.025",1.00142810120195
"2021-06-23","7 day R","2020-04-04","DE","quantile","0.975",1.46710408145458
"2021-06-23","7 day R","2020-04-05","DE","point","NA",1.1628927139726
"2021-06-23","7 day R","2020-04-05","DE","quantile","0.025",0.92771429341454
"2021-06-23","7 day R","2020-04-05","DE","quantile","0.975",1.39539708030773
"2021-06-23","7 day R","2020-04-06","DE","point","NA",1.09311341662727
"2021-06-23","7 day R","2020-04-06","DE","quantile","0.025",0.859825747973772
"2021-06-23","7 day R","2020-04-06","DE","quantile","0.975",1.32326584849466
"2021-06-23","7 day R","2020-04-07","DE","point","NA",1.03939468147717
"2021-06-23","7 day R","2020-04-07","DE","quantile","0.025",0.807522734565769
"2021-06-23","7 day R","2020-04-07","DE","quantile","0.975",1.27389835754507
"2021-06-23","7 day R","2020-04-08","DE","point","NA",0.979504885467978
"2021-06-23","7 day R","2020-04-08","DE","quantile","0.025",0.746123128259299
"2021-06-23","7 day R","2020-04-08","DE","quantile","0.975",1.20913603518964
"2021-06-23","7 day R","2020-04-09","DE","point","NA",0.915627178124877
"2021-06-23","7 day R","2020-04-09","DE","quantile","0.025",0.681452236249527
"2021-06-23","7 day R","2020-04-09","DE","quantile","0.975",1.14663412383791
"2021-06-23","7 day R","2020-04-10","DE","point","NA",0.857082861185597
"2021-06-23","7 day R","2020-04-10","DE","quantile","0.025",0.620963562398367
"2021-06-23","7 day R","2020-04-10","DE","quantile","0.975",1.08842752892279
"2021-06-23","7 day R","2020-04-11","DE","point","NA",0.819929861894077
"2021-06-23","7 day R","2020-04-11","DE","quantile","0.025",0.583792293100166
"2021-06-23","7 day R","2020-04-11","DE","quantile","0.975",1.05418601439765
"2021-06-23","7 day R","2020-04-12","DE","point","NA",0.789422633623174
"2021-06-23","7 day R","2020-04-12","DE","quantile","0.025",0.554980211774539
"2021-06-23","7 day R","2020-04-12","DE","quantile","0.975",1.02382272250228
"2021-06-23","7 day R","2020-04-13","DE","point","NA",0.751654978674798
"2021-06-23","7 day R","2020-04-13","DE","quantile","0.025",0.518496341701078
"2021-06-23","7 day R","2020-04-13","DE","quantile","0.975",0.986620949126212
"2021-06-23","7 day R","2020-04-14","DE","point","NA",0.716137159842764
"2021-06-23","7 day R","2020-04-14","DE","quantile","0.025",0.481066604298275
"2021-06-23","7 day R","2020-04-14","DE","quantile","0.975",0.949301443760796
"2021-06-23","7 day R","2020-04-15","DE","point","NA",0.70214589966196
"2021-06-23","7 day R","2020-04-15","DE","quantile","0.025",0.469805704609153
"2021-06-23","7 day R","2020-04-15","DE","quantile","0.975",0.940426957264743
"2021-06-23","7 day R","2020-04-16","DE","point","NA",0.693543214133922
"2021-06-23","7 day R","2020-04-16","DE","quantile","0.025",0.460566245250766
"2021-06-23","7 day R","2020-04-16","DE","quantile","0.975",0.923706396304644
"2021-06-23","7 day R","2020-04-17","DE","point","NA",0.693776853134117
"2021-06-23","7 day R","2020-04-17","DE","quantile","0.025",0.460012917836745
"2021-06-23","7 day R","2020-04-17","DE","quantile","0.975",0.92333563736763
"2021-06-23","7 day R","2020-04-18","DE","point","NA",0.68279180151835
"2021-06-23","7 day R","2020-04-18","DE","quantile","0.025",0.448491432710391
"2021-06-23","7 day R","2020-04-18","DE","quantile","0.975",0.915759704027131
"2021-06-23","7 day R","2020-04-19","DE","point","NA",0.672502197293797
"2021-06-23","7 day R","2020-04-19","DE","quantile","0.025",0.439204976719367
"2021-06-23","7 day R","2020-04-19","DE","quantile","0.975",0.90620918308315
"2021-06-23","7 day R","2020-04-20","DE","point","NA",0.657768524537303
"2021-06-23","7 day R","2020-04-20","DE","quantile","0.025",0.426313766536318
"2021-06-23","7 day R","2020-04-20","DE","quantile","0.975",0.888471667055247
"2021-06-23","7 day R","2020-04-21","DE","point","NA",0.63617313535784
"2021-06-23","7 day R","2020-04-21","DE","quantile","0.025",0.404565984953419
"2021-06-23","7 day R","2020-04-21","DE","quantile","0.975",0.864107519985196
"2021-06-23","7 day R","2020-04-22","DE","point","NA",0.62233003406726
"2021-06-23","7 day R","2020-04-22","DE","quantile","0.025",0.391059343499947
"2021-06-23","7 day R","2020-04-22","DE","quantile","0.975",0.851900603529926
"2021-06-23","7 day R","2020-04-23","DE","point","NA",0.613623603274208
"2021-06-23","7 day R","2020-04-23","DE","quantile","0.025",0.383573615271897
"2021-06-23","7 day R","2020-04-23","DE","quantile","0.975",0.84420557772372
"2021-06-23","7 day R","2020-04-24","DE","point","NA",0.601219337087839
"2021-06-23","7 day R","2020-04-24","DE","quantile","0.025",0.36942922937409
"2021-06-23","7 day R","2020-04-24","DE","quantile","0.975",0.832082167434389
"2021-06-23","7 day R","2020-04-25","DE","point","NA",0.598278334012458
"2021-06-23","7 day R","2020-04-25","DE","quantile","0.025",0.363616490879299
"2021-06-23","7 day R","2020-04-25","DE","quantile","0.975",0.831409339460287
"2021-06-23","7 day R","2020-04-26","DE","point","NA",0.590314438085596
"2021-06-23","7 day R","2020-04-26","DE","quantile","0.025",0.356280171207033
"2021-06-23","7 day R","2020-04-26","DE","quantile","0.975",0.822357869065165
"2021-06-23","7 day R","2020-04-27","DE","point","NA",0.578123384805208
"2021-06-23","7 day R","2020-04-27","DE","quantile","0.025",0.343998732883132
"2021-06-23","7 day R","2020-04-27","DE","quantile","0.975",0.812788754885809
"2021-06-23","7 day R","2020-04-28","DE","point","NA",0.563551470094952
"2021-06-23","7 day R","2020-04-28","DE","quantile","0.025",0.327125708175725
"2021-06-23","7 day R","2020-04-28","DE","quantile","0.975",0.796326690407589
"2021-06-23","7 day R","2020-04-29","DE","point","NA",0.549426768381994
"2021-06-23","7 day R","2020-04-29","DE","quantile","0.025",0.314453420700143
"2021-06-23","7 day R","2020-04-29","DE","quantile","0.975",0.781561102424503
"2021-06-23","7 day R","2020-04-30","DE","point","NA",0.536443066941858
"2021-06-23","7 day R","2020-04-30","DE","quantile","0.025",0.300467621651362
"2021-06-23","7 day R","2020-04-30","DE","quantile","0.975",0.767610233474981
"2021-06-23","7 day R","2020-05-01","DE","point","NA",0.526238537648216
"2021-06-23","7 day R","2020-05-01","DE","quantile","0.025",0.29190749600777
"2021-06-23","7 day R","2020-05-01","DE","quantile","0.975",0.762726066214725
"2021-06-23","7 day R","2020-05-02","DE","point","NA",0.531603681256072
"2021-06-23","7 day R","2020-05-02","DE","quantile","0.025",0.300400839601849
"2021-06-23","7 day R","2020-05-02","DE","quantile","0.975",0.766832070917764
"2021-06-23","7 day R","2020-05-03","DE","point","NA",0.537773233314496
"2021-06-23","7 day R","2020-05-03","DE","quantile","0.025",0.307150818006308
"2021-06-23","7 day R","2020-05-03","DE","quantile","0.975",0.772360368224653
"2021-06-23","7 day R","2020-05-04","DE","point","NA",0.544167908893569
"2021-06-23","7 day R","2020-05-04","DE","quantile","0.025",0.312038016328357
"2021-06-23","7 day R","2020-05-04","DE","quantile","0.975",0.776352055866754
"2021-06-23","7 day R","2020-05-05","DE","point","NA",0.556062579544513
"2021-06-23","7 day R","2020-05-05","DE","quantile","0.025",0.322696610100142
"2021-06-23","7 day R","2020-05-05","DE","quantile","0.975",0.785726968203549
"2021-06-23","7 day R","2020-05-06","DE","point","NA",0.569533149473701
"2021-06-23","7 day R","2020-05-06","DE","quantile","0.025",0.335518412408475
"2021-06-23","7 day R","2020-05-06","DE","quantile","0.975",0.802024896591299
"2021-06-23","7 day R","2020-05-07","DE","point","NA",0.583396102425487
"2021-06-23","7 day R","2020-05-07","DE","quantile","0.025",0.35047732081727
"2021-06-23","7 day R","2020-05-07","DE","quantile","0.975",0.814064611571148
"2021-06-23","7 day R","2020-05-08","DE","point","NA",0.585870457162483
"2021-06-23","7 day R","2020-05-08","DE","quantile","0.025",0.351206108132994
"2021-06-23","7 day R","2020-05-08","DE","quantile","0.975",0.816807441809017
"2021-06-23","7 day R","2020-05-09","DE","point","NA",0.585784405180915
"2021-06-23","7 day R","2020-05-09","DE","quantile","0.025",0.350840351797062
"2021-06-23","7 day R","2020-05-09","DE","quantile","0.975",0.820398850195589
"2021-06-23","7 day R","2020-05-10","DE","point","NA",0.584289729854799
"2021-06-23","7 day R","2020-05-10","DE","quantile","0.025",0.353360948858763
"2021-06-23","7 day R","2020-05-10","DE","quantile","0.975",0.818848362108572
"2021-06-23","7 day R","2020-05-11","DE","point","NA",0.584412594534262
"2021-06-23","7 day R","2020-05-11","DE","quantile","0.025",0.352915147778228
"2021-06-23","7 day R","2020-05-11","DE","quantile","0.975",0.818105123074831
"2021-06-23","7 day R","2020-05-12","DE","point","NA",0.56799329713581
"2021-06-23","7 day R","2020-05-12","DE","quantile","0.025",0.336623247882176
"2021-06-23","7 day R","2020-05-12","DE","quantile","0.975",0.801711604008535
"2021-06-23","7 day R","2020-05-13","DE","point","NA",0.566499481155987
"2021-06-23","7 day R","2020-05-13","DE","quantile","0.025",0.33881456390719
"2021-06-23","7 day R","2020-05-13","DE","quantile","0.975",0.798028386561301
"2021-06-23","7 day R","2020-05-14","DE","point","NA",0.558784365998337
"2021-06-23","7 day R","2020-05-14","DE","quantile","0.025",0.328193103459531
"2021-06-23","7 day R","2020-05-14","DE","quantile","0.975",0.790239702875724
"2021-06-23","7 day R","2020-05-15","DE","point","NA",0.577330921604304
"2021-06-23","7 day R","2020-05-15","DE","quantile","0.025",0.342779952965269
"2021-06-23","7 day R","2020-05-15","DE","quantile","0.975",0.808536933264717
"2021-06-23","7 day R","2020-05-16","DE","point","NA",0.608246227358265
"2021-06-23","7 day R","2020-05-16","DE","quantile","0.025",0.375042369457315
"2021-06-23","7 day R","2020-05-16","DE","quantile","0.975",0.840552516709255
"2021-06-23","7 day R","2020-05-17","DE","point","NA",0.635444726081129
"2021-06-23","7 day R","2020-05-17","DE","quantile","0.025",0.402602807258846
"2021-06-23","7 day R","2020-05-17","DE","quantile","0.975",0.86951073198157
"2021-06-23","7 day R","2020-05-18","DE","point","NA",0.653685155255844
"2021-06-23","7 day R","2020-05-18","DE","quantile","0.025",0.422395038747527
"2021-06-23","7 day R","2020-05-18","DE","quantile","0.975",0.886831821721766
"2021-06-23","7 day R","2020-05-19","DE","point","NA",0.682075353712664
"2021-06-23","7 day R","2020-05-19","DE","quantile","0.025",0.451637156446123
"2021-06-23","7 day R","2020-05-19","DE","quantile","0.975",0.918720703599881
"2021-06-23","7 day R","2020-05-20","DE","point","NA",0.664656723267303
"2021-06-23","7 day R","2020-05-20","DE","quantile","0.025",0.432293374545013
"2021-06-23","7 day R","2020-05-20","DE","quantile","0.975",0.897300578272211
"2021-06-23","7 day R","2020-05-21","DE","point","NA",0.638467739644294
"2021-06-23","7 day R","2020-05-21","DE","quantile","0.025",0.40629353402645
"2021-06-23","7 day R","2020-05-21","DE","quantile","0.975",0.866770821736772
"2021-06-23","7 day R","2020-05-22","DE","point","NA",0.622491040299043
"2021-06-23","7 day R","2020-05-22","DE","quantile","0.025",0.390464375869766
"2021-06-23","7 day R","2020-05-22","DE","quantile","0.975",0.853722819261413
"2021-06-23","7 day R","2020-05-23","DE","point","NA",0.616537858441007
"2021-06-23","7 day R","2020-05-23","DE","quantile","0.025",0.386076189629017
"2021-06-23","7 day R","2020-05-23","DE","quantile","0.975",0.848107583043887
"2021-06-23","7 day R","2020-05-24","DE","point","NA",0.621180508110902
"2021-06-23","7 day R","2020-05-24","DE","quantile","0.025",0.39333570194803
"2021-06-23","7 day R","2020-05-24","DE","quantile","0.975",0.853654306495089
"2021-06-23","7 day R","2020-05-25","DE","point","NA",0.629305032353245
"2021-06-23","7 day R","2020-05-25","DE","quantile","0.025",0.398452825727717
"2021-06-23","7 day R","2020-05-25","DE","quantile","0.975",0.863301645465527
"2021-06-23","7 day R","2020-05-26","DE","point","NA",0.637676129218409
"2021-06-23","7 day R","2020-05-26","DE","quantile","0.025",0.402758178970436
"2021-06-23","7 day R","2020-05-26","DE","quantile","0.975",0.868605162637575
"2021-06-23","7 day R","2020-05-27","DE","point","NA",0.646092252215532
"2021-06-23","7 day R","2020-05-27","DE","quantile","0.025",0.412478667289153
"2021-06-23","7 day R","2020-05-27","DE","quantile","0.975",0.88047261359281
"2021-06-23","7 day R","2020-05-28","DE","point","NA",0.65985799520525
"2021-06-23","7 day R","2020-05-28","DE","quantile","0.025",0.4268415539101
"2021-06-23","7 day R","2020-05-28","DE","quantile","0.975",0.896833570400355
"2021-06-23","7 day R","2020-05-29","DE","point","NA",0.655954700454729
"2021-06-23","7 day R","2020-05-29","DE","quantile","0.025",0.424260067612271
"2021-06-23","7 day R","2020-05-29","DE","quantile","0.975",0.889643171053897
"2021-06-23","7 day R","2020-05-30","DE","point","NA",0.634177554416599
"2021-06-23","7 day R","2020-05-30","DE","quantile","0.025",0.4011759127308
"2021-06-23","7 day R","2020-05-30","DE","quantile","0.975",0.87167709145402
"2021-06-23","7 day R","2020-05-31","DE","point","NA",0.618673315395943
"2021-06-23","7 day R","2020-05-31","DE","quantile","0.025",0.387016026260734
"2021-06-23","7 day R","2020-05-31","DE","quantile","0.975",0.852125519928727
"2021-06-23","7 day R","2020-06-01","DE","point","NA",0.610079153767408
"2021-06-23","7 day R","2020-06-01","DE","quantile","0.025",0.377572668897693
"2021-06-23","7 day R","2020-06-01","DE","quantile","0.975",0.845108945283274
"2021-06-23","7 day R","2020-06-02","DE","point","NA",0.610592856906598
"2021-06-23","7 day R","2020-06-02","DE","quantile","0.025",0.37467663414061
"2021-06-23","7 day R","2020-06-02","DE","quantile","0.975",0.8454899740667
"2021-06-23","7 day R","2020-06-03","DE","point","NA",0.63746435613365
"2021-06-23","7 day R","2020-06-03","DE","quantile","0.025",0.40186749593952
"2021-06-23","7 day R","2020-06-03","DE","quantile","0.975",0.86837614904552
"2021-06-23","7 day R","2020-06-04","DE","point","NA",0.665798611191943
"2021-06-23","7 day R","2020-06-04","DE","quantile","0.025",0.428292114958904
"2021-06-23","7 day R","2020-06-04","DE","quantile","0.975",0.89831069430961
"2021-06-23","7 day R","2020-06-05","DE","point","NA",0.711966072213507
"2021-06-23","7 day R","2020-06-05","DE","quantile","0.025",0.47586521759177
"2021-06-23","7 day R","2020-06-05","DE","quantile","0.975",0.942637856375106
"2021-06-23","7 day R","2020-06-06","DE","point","NA",0.760927020660972
"2021-06-23","7 day R","2020-06-06","DE","quantile","0.025",0.529520611175745
"2021-06-23","7 day R","2020-06-06","DE","quantile","0.975",0.993537825759336
"2021-06-23","7 day R","2020-06-07","DE","point","NA",0.76192798808339
"2021-06-23","7 day R","2020-06-07","DE","quantile","0.025",0.529321826637531
"2021-06-23","7 day R","2020-06-07","DE","quantile","0.975",0.995693197067069
"2021-06-23","7 day R","2020-06-08","DE","point","NA",0.75235527743546
"2021-06-23","7 day R","2020-06-08","DE","quantile","0.025",0.520457953575608
"2021-06-23","7 day R","2020-06-08","DE","quantile","0.975",0.987310058682144
"2021-06-23","7 day R","2020-06-09","DE","point","NA",0.720387383226808
"2021-06-23","7 day R","2020-06-09","DE","quantile","0.025",0.485988330834156
"2021-06-23","7 day R","2020-06-09","DE","quantile","0.975",0.955650822256367
"2021-06-23","7 day R","2020-06-10","DE","point","NA",0.697186991565656
"2021-06-23","7 day R","2020-06-10","DE","quantile","0.025",0.459433100102832
"2021-06-23","7 day R","2020-06-10","DE","quantile","0.975",0.930669901730381
"2021-06-23","7 day R","2020-06-11","DE","point","NA",0.710044332900782
"2021-06-23","7 day R","2020-06-11","DE","quantile","0.025",0.472068475217928
"2021-06-23","7 day R","2020-06-11","DE","quantile","0.975",0.946380711682678
"2021-06-23","7 day R","2020-06-12","DE","point","NA",0.786563711865307
"2021-06-23","7 day R","2020-06-12","DE","quantile","0.025",0.55470254591779
"2021-06-23","7 day R","2020-06-12","DE","quantile","0.975",1.02013070255989
"2021-06-23","7 day R","2020-06-13","DE","point","NA",0.836226883494847
"2021-06-23","7 day R","2020-06-13","DE","quantile","0.025",0.600392277800711
"2021-06-23","7 day R","2020-06-13","DE","quantile","0.975",1.06850305920722
"2021-06-23","7 day R","2020-06-14","DE","point","NA",0.925348498467304
"2021-06-23","7 day R","2020-06-14","DE","quantile","0.025",0.690392494224463
"2021-06-23","7 day R","2020-06-14","DE","quantile","0.975",1.15804630747095
"2021-06-23","7 day R","2020-06-15","DE","point","NA",1.02609471952215
"2021-06-23","7 day R","2020-06-15","DE","quantile","0.025",0.789096102348274
"2021-06-23","7 day R","2020-06-15","DE","quantile","0.975",1.25903296546388
"2021-06-23","7 day R","2020-06-16","DE","point","NA",1.15306484637854
"2021-06-23","7 day R","2020-06-16","DE","quantile","0.025",0.917973488076064
"2021-06-23","7 day R","2020-06-16","DE","quantile","0.975",1.39245751074184
"2021-06-23","7 day R","2020-06-17","DE","point","NA",1.25366335528493
"2021-06-23","7 day R","2020-06-17","DE","quantile","0.025",1.01560666993767
"2021-06-23","7 day R","2020-06-17","DE","quantile","0.975",1.49977844368021
"2021-06-23","7 day R","2020-06-18","DE","point","NA",1.33976845287397
"2021-06-23","7 day R","2020-06-18","DE","quantile","0.025",1.09377727754808
"2021-06-23","7 day R","2020-06-18","DE","quantile","0.975",1.59821944917036
"2021-06-23","7 day R","2020-06-19","DE","point","NA",1.28803899754891
"2021-06-23","7 day R","2020-06-19","DE","quantile","0.025",1.04835915779625
"2021-06-23","7 day R","2020-06-19","DE","quantile","0.975",1.53378817999738
"2021-06-23","7 day R","2020-06-20","DE","point","NA",1.26193846342544
"2021-06-23","7 day R","2020-06-20","DE","quantile","0.025",1.02552850256216
"2021-06-23","7 day R","2020-06-20","DE","quantile","0.975",1.5020329345977
"2021-06-23","7 day R","2020-06-21","DE","point","NA",1.24933702904164
"2021-06-23","7 day R","2020-06-21","DE","quantile","0.025",1.0126473634397
"2021-06-23","7 day R","2020-06-21","DE","quantile","0.975",1.48789272685989
"2021-06-23","7 day R","2020-06-22","DE","point","NA",1.21149894798308
"2021-06-23","7 day R","2020-06-22","DE","quantile","0.025",0.974617368896369
"2021-06-23","7 day R","2020-06-22","DE","quantile","0.975",1.45038788094077
"2021-06-23","7 day R","2020-06-23","DE","point","NA",1.16321771358345
"2021-06-23","7 day R","2020-06-23","DE","quantile","0.025",0.927887229762216
"2021-06-23","7 day R","2020-06-23","DE","quantile","0.975",1.39896111413798
"2021-06-23","7 day R","2020-06-24","DE","point","NA",1.09768573390591
"2021-06-23","7 day R","2020-06-24","DE","quantile","0.025",0.867956711034937
"2021-06-23","7 day R","2020-06-24","DE","quantile","0.975",1.33114682760832
"2021-06-23","7 day R","2020-06-25","DE","point","NA",1.04251843363527
"2021-06-23","7 day R","2020-06-25","DE","quantile","0.025",0.812768526725175
"2021-06-23","7 day R","2020-06-25","DE","quantile","0.975",1.27526635045104
"2021-06-23","7 day R","2020-06-26","DE","point","NA",1.02595918727008
"2021-06-23","7 day R","2020-06-26","DE","quantile","0.025",0.796165928397742
"2021-06-23","7 day R","2020-06-26","DE","quantile","0.975",1.25944869410337
"2021-06-23","7 day R","2020-06-27","DE","point","NA",0.992099165745692
"2021-06-23","7 day R","2020-06-27","DE","quantile","0.025",0.760087812302729
"2021-06-23","7 day R","2020-06-27","DE","quantile","0.975",1.22751085483314
"2021-06-23","7 day R","2020-06-28","DE","point","NA",0.95214750320273
"2021-06-23","7 day R","2020-06-28","DE","quantile","0.025",0.717426856291483
"2021-06-23","7 day R","2020-06-28","DE","quantile","0.975",1.1883024046813
"2021-06-23","7 day R","2020-06-29","DE","point","NA",0.930670327941461
"2021-06-23","7 day R","2020-06-29","DE","quantile","0.025",0.698383568564089
"2021-06-23","7 day R","2020-06-29","DE","quantile","0.975",1.16763814267498
"2021-06-23","7 day R","2020-06-30","DE","point","NA",0.919481542184353
"2021-06-23","7 day R","2020-06-30","DE","quantile","0.025",0.687423774129408
"2021-06-23","7 day R","2020-06-30","DE","quantile","0.975",1.15335814337657
"2021-06-23","7 day R","2020-07-01","DE","point","NA",0.919833423395488
"2021-06-23","7 day R","2020-07-01","DE","quantile","0.025",0.687266305282239
"2021-06-23","7 day R","2020-07-01","DE","quantile","0.975",1.15190136225928
"2021-06-23","7 day R","2020-07-02","DE","point","NA",0.908689062607512
"2021-06-23","7 day R","2020-07-02","DE","quantile","0.025",0.677186787907792
"2021-06-23","7 day R","2020-07-02","DE","quantile","0.975",1.13784994626134
"2021-06-23","7 day R","2020-07-03","DE","point","NA",0.909404357615664
"2021-06-23","7 day R","2020-07-03","DE","quantile","0.025",0.678211452991351
"2021-06-23","7 day R","2020-07-03","DE","quantile","0.975",1.13938202945212
"2021-06-23","7 day R","2020-07-04","DE","point","NA",0.924360719161719
"2021-06-23","7 day R","2020-07-04","DE","quantile","0.025",0.692353157200189
"2021-06-23","7 day R","2020-07-04","DE","quantile","0.975",1.15390811333451
"2021-06-23","7 day R","2020-07-05","DE","point","NA",0.927507485782084
"2021-06-23","7 day R","2020-07-05","DE","quantile","0.025",0.696428206846389
"2021-06-23","7 day R","2020-07-05","DE","quantile","0.975",1.15859175224816
"2021-06-23","7 day R","2020-07-06","DE","point","NA",0.915300008409659
"2021-06-23","7 day R","2020-07-06","DE","quantile","0.025",0.68411033870319
"2021-06-23","7 day R","2020-07-06","DE","quantile","0.975",1.14700902739911
"2021-06-23","7 day R","2020-07-07","DE","point","NA",0.872880299233914
"2021-06-23","7 day R","2020-07-07","DE","quantile","0.025",0.640219461908204
"2021-06-23","7 day R","2020-07-07","DE","quantile","0.975",1.1033498707323
"2021-06-23","7 day R","2020-07-08","DE","point","NA",0.844565023380722
"2021-06-23","7 day R","2020-07-08","DE","quantile","0.025",0.609067172599894
"2021-06-23","7 day R","2020-07-08","DE","quantile","0.975",1.07910100482563
"2021-06-23","7 day R","2020-07-09","DE","point","NA",0.829106571470932
"2021-06-23","7 day R","2020-07-09","DE","quantile","0.025",0.594619217945155
"2021-06-23","7 day R","2020-07-09","DE","quantile","0.975",1.06058726814667
"2021-06-23","7 day R","2020-07-10","DE","point","NA",0.847191292146531
"2021-06-23","7 day R","2020-07-10","DE","quantile","0.025",0.612527659947883
"2021-06-23","7 day R","2020-07-10","DE","quantile","0.975",1.08705347431551
"2021-06-23","7 day R","2020-07-11","DE","point","NA",0.88551079662897
"2021-06-23","7 day R","2020-07-11","DE","quantile","0.025",0.653036590307191
"2021-06-23","7 day R","2020-07-11","DE","quantile","0.975",1.11756599901419
"2021-06-23","7 day R","2020-07-12","DE","point","NA",0.909426028978522
"2021-06-23","7 day R","2020-07-12","DE","quantile","0.025",0.675854115393559
"2021-06-23","7 day R","2020-07-12","DE","quantile","0.975",1.14124833158658
"2021-06-23","7 day R","2020-07-13","DE","point","NA",0.932376431629796
"2021-06-23","7 day R","2020-07-13","DE","quantile","0.025",0.700431539822438
"2021-06-23","7 day R","2020-07-13","DE","quantile","0.975",1.16618483499506
"2021-06-23","7 day R","2020-07-14","DE","point","NA",0.979834714540299
"2021-06-23","7 day R","2020-07-14","DE","quantile","0.025",0.749463197102981
"2021-06-23","7 day R","2020-07-14","DE","quantile","0.975",1.21044423558753
"2021-06-23","7 day R","2020-07-15","DE","point","NA",1.03775831872538
"2021-06-23","7 day R","2020-07-15","DE","quantile","0.025",0.807685021952354
"2021-06-23","7 day R","2020-07-15","DE","quantile","0.975",1.27023138426112
"2021-06-23","7 day R","2020-07-16","DE","point","NA",1.09472990510019
"2021-06-23","7 day R","2020-07-16","DE","quantile","0.025",0.865884701757439
"2021-06-23","7 day R","2020-07-16","DE","quantile","0.975",1.33029452675096
"2021-06-23","7 day R","2020-07-17","DE","point","NA",1.13395734546266
"2021-06-23","7 day R","2020-07-17","DE","quantile","0.025",0.899054192518849
"2021-06-23","7 day R","2020-07-17","DE","quantile","0.975",1.36818737124497
"2021-06-23","7 day R","2020-07-18","DE","point","NA",1.15613786727426
"2021-06-23","7 day R","2020-07-18","DE","quantile","0.025",0.922520034614761
"2021-06-23","7 day R","2020-07-18","DE","quantile","0.975",1.39180264306822
"2021-06-23","7 day R","2020-07-19","DE","point","NA",1.18455727205616
"2021-06-23","7 day R","2020-07-19","DE","quantile","0.025",0.952632443382676
"2021-06-23","7 day R","2020-07-19","DE","quantile","0.975",1.41793257747104
"2021-06-23","7 day R","2020-07-20","DE","point","NA",1.20776137972545
"2021-06-23","7 day R","2020-07-20","DE","quantile","0.025",0.97496564219549
"2021-06-23","7 day R","2020-07-20","DE","quantile","0.975",1.44154303173814
"2021-06-23","7 day R","2020-07-21","DE","point","NA",1.2093406101424
"2021-06-23","7 day R","2020-07-21","DE","quantile","0.025",0.978134240508041
"2021-06-23","7 day R","2020-07-21","DE","quantile","0.975",1.44182956710547
"2021-06-23","7 day R","2020-07-22","DE","point","NA",1.22280242115248
"2021-06-23","7 day R","2020-07-22","DE","quantile","0.025",0.993873833148934
"2021-06-23","7 day R","2020-07-22","DE","quantile","0.975",1.45500232097186
"2021-06-23","7 day R","2020-07-23","DE","point","NA",1.24674770950211
"2021-06-23","7 day R","2020-07-23","DE","quantile","0.025",1.01686158079191
"2021-06-23","7 day R","2020-07-23","DE","quantile","0.975",1.47997143420105
"2021-06-23","7 day R","2020-07-24","DE","point","NA",1.27706673665989
"2021-06-23","7 day R","2020-07-24","DE","quantile","0.025",1.04647995676988
"2021-06-23","7 day R","2020-07-24","DE","quantile","0.975",1.50882770858766
"2021-06-23","7 day R","2020-07-25","DE","point","NA",1.29427203083721
"2021-06-23","7 day R","2020-07-25","DE","quantile","0.025",1.06280301699804
"2021-06-23","7 day R","2020-07-25","DE","quantile","0.975",1.52818246609264
"2021-06-23","7 day R","2020-07-26","DE","point","NA",1.28680720986351
"2021-06-23","7 day R","2020-07-26","DE","quantile","0.025",1.05643647767277
"2021-06-23","7 day R","2020-07-26","DE","quantile","0.975",1.51751463085824
"2021-06-23","7 day R","2020-07-27","DE","point","NA",1.27324649961573
"2021-06-23","7 day R","2020-07-27","DE","quantile","0.025",1.04322921522389
"2021-06-23","7 day R","2020-07-27","DE","quantile","0.975",1.50426806800792
"2021-06-23","7 day R","2020-07-28","DE","point","NA",1.29777984415642
"2021-06-23","7 day R","2020-07-28","DE","quantile","0.025",1.06470154653929
"2021-06-23","7 day R","2020-07-28","DE","quantile","0.975",1.53118714188762
"2021-06-23","7 day R","2020-07-29","DE","point","NA",1.31956590940888
"2021-06-23","7 day R","2020-07-29","DE","quantile","0.025",1.08508113632815
"2021-06-23","7 day R","2020-07-29","DE","quantile","0.975",1.55228209206798
"2021-06-23","7 day R","2020-07-30","DE","point","NA",1.33268012492497
"2021-06-23","7 day R","2020-07-30","DE","quantile","0.025",1.09974841012946
"2021-06-23","7 day R","2020-07-30","DE","quantile","0.975",1.56323051733032
"2021-06-23","7 day R","2020-07-31","DE","point","NA",1.31700202455332
"2021-06-23","7 day R","2020-07-31","DE","quantile","0.025",1.08568043230498
"2021-06-23","7 day R","2020-07-31","DE","quantile","0.975",1.54974742432694
"2021-06-23","7 day R","2020-08-01","DE","point","NA",1.3057408176478
"2021-06-23","7 day R","2020-08-01","DE","quantile","0.025",1.06870584234641
"2021-06-23","7 day R","2020-08-01","DE","quantile","0.975",1.54140236780654
"2021-06-23","7 day R","2020-08-02","DE","point","NA",1.30289835228316
"2021-06-23","7 day R","2020-08-02","DE","quantile","0.025",1.07037656086748
"2021-06-23","7 day R","2020-08-02","DE","quantile","0.975",1.53472584420783
"2021-06-23","7 day R","2020-08-03","DE","point","NA",1.32402626975798
"2021-06-23","7 day R","2020-08-03","DE","quantile","0.025",1.09167812533966
"2021-06-23","7 day R","2020-08-03","DE","quantile","0.975",1.5599337511114
"2021-06-23","7 day R","2020-08-04","DE","point","NA",1.3402464363951
"2021-06-23","7 day R","2020-08-04","DE","quantile","0.025",1.10743517378509
"2021-06-23","7 day R","2020-08-04","DE","quantile","0.975",1.57526656252096
"2021-06-23","7 day R","2020-08-05","DE","point","NA",1.35861167740007
"2021-06-23","7 day R","2020-08-05","DE","quantile","0.025",1.12133258205258
"2021-06-23","7 day R","2020-08-05","DE","quantile","0.975",1.59269567785514
"2021-06-23","7 day R","2020-08-06","DE","point","NA",1.34260615478436
"2021-06-23","7 day R","2020-08-06","DE","quantile","0.025",1.10709863939757
"2021-06-23","7 day R","2020-08-06","DE","quantile","0.975",1.57651380750979
"2021-06-23","7 day R","2020-08-07","DE","point","NA",1.34002869470059
"2021-06-23","7 day R","2020-08-07","DE","quantile","0.025",1.10543200319306
"2021-06-23","7 day R","2020-08-07","DE","quantile","0.975",1.57131364940945
"2021-06-23","7 day R","2020-08-08","DE","point","NA",1.33777334118542
"2021-06-23","7 day R","2020-08-08","DE","quantile","0.025",1.10430109665342
"2021-06-23","7 day R","2020-08-08","DE","quantile","0.975",1.56914732657137
"2021-06-23","7 day R","2020-08-09","DE","point","NA",1.34080190676293
"2021-06-23","7 day R","2020-08-09","DE","quantile","0.025",1.10764374142703
"2021-06-23","7 day R","2020-08-09","DE","quantile","0.975",1.56903018238029
"2021-06-23","7 day R","2020-08-10","DE","point","NA",1.35241818369986
"2021-06-23","7 day R","2020-08-10","DE","quantile","0.025",1.12091352052757
"2021-06-23","7 day R","2020-08-10","DE","quantile","0.975",1.58788271542082
"2021-06-23","7 day R","2020-08-11","DE","point","NA",1.35791065837952
"2021-06-23","7 day R","2020-08-11","DE","quantile","0.025",1.12555967640226
"2021-06-23","7 day R","2020-08-11","DE","quantile","0.975",1.59441603401472
"2021-06-23","7 day R","2020-08-12","DE","point","NA",1.3572951349409
"2021-06-23","7 day R","2020-08-12","DE","quantile","0.025",1.12725633616308
"2021-06-23","7 day R","2020-08-12","DE","quantile","0.975",1.5935636789985
"2021-06-23","7 day R","2020-08-13","DE","point","NA",1.355161974169
"2021-06-23","7 day R","2020-08-13","DE","quantile","0.025",1.12312442723739
"2021-06-23","7 day R","2020-08-13","DE","quantile","0.975",1.5895367562972
"2021-06-23","7 day R","2020-08-14","DE","point","NA",1.34238803817601
"2021-06-23","7 day R","2020-08-14","DE","quantile","0.025",1.11009784764821
"2021-06-23","7 day R","2020-08-14","DE","quantile","0.975",1.57360720469021
"2021-06-23","7 day R","2020-08-15","DE","point","NA",1.32609129690198
"2021-06-23","7 day R","2020-08-15","DE","quantile","0.025",1.09445645442262
"2021-06-23","7 day R","2020-08-15","DE","quantile","0.975",1.55700360246695
"2021-06-23","7 day R","2020-08-16","DE","point","NA",1.32766879409853
"2021-06-23","7 day R","2020-08-16","DE","quantile","0.025",1.0975931236658
"2021-06-23","7 day R","2020-08-16","DE","quantile","0.975",1.56059919303056
"2021-06-23","7 day R","2020-08-17","DE","point","NA",1.33467214611308
"2021-06-23","7 day R","2020-08-17","DE","quantile","0.025",1.10389711726274
"2021-06-23","7 day R","2020-08-17","DE","quantile","0.975",1.56973552187753
"2021-06-23","7 day R","2020-08-18","DE","point","NA",1.32208245465814
"2021-06-23","7 day R","2020-08-18","DE","quantile","0.025",1.08899863772092
"2021-06-23","7 day R","2020-08-18","DE","quantile","0.975",1.55570232287771
"2021-06-23","7 day R","2020-08-19","DE","point","NA",1.29504100534613
"2021-06-23","7 day R","2020-08-19","DE","quantile","0.025",1.06393322344245
"2021-06-23","7 day R","2020-08-19","DE","quantile","0.975",1.5293190939479
"2021-06-23","7 day R","2020-08-20","DE","point","NA",1.26535118810709
"2021-06-23","7 day R","2020-08-20","DE","quantile","0.025",1.03341243276658
"2021-06-23","7 day R","2020-08-20","DE","quantile","0.975",1.49672603760017
"2021-06-23","7 day R","2020-08-21","DE","point","NA",1.23710079103839
"2021-06-23","7 day R","2020-08-21","DE","quantile","0.025",1.00319987286537
"2021-06-23","7 day R","2020-08-21","DE","quantile","0.975",1.4707145606115
"2021-06-23","7 day R","2020-08-22","DE","point","NA",1.20798320440916
"2021-06-23","7 day R","2020-08-22","DE","quantile","0.025",0.975140883254485
"2021-06-23","7 day R","2020-08-22","DE","quantile","0.975",1.43993579310157
"2021-06-23","7 day R","2020-08-23","DE","point","NA",1.18496857176593
"2021-06-23","7 day R","2020-08-23","DE","quantile","0.025",0.953829162354144
"2021-06-23","7 day R","2020-08-23","DE","quantile","0.975",1.42057530663692
"2021-06-23","7 day R","2020-08-24","DE","point","NA",1.16036491266408
"2021-06-23","7 day R","2020-08-24","DE","quantile","0.025",0.928803031574885
"2021-06-23","7 day R","2020-08-24","DE","quantile","0.975",1.39234416043512
"2021-06-23","7 day R","2020-08-25","DE","point","NA",1.13605185270325
"2021-06-23","7 day R","2020-08-25","DE","quantile","0.025",0.903090358903088
"2021-06-23","7 day R","2020-08-25","DE","quantile","0.975",1.37328258246182
"2021-06-23","7 day R","2020-08-26","DE","point","NA",1.10367977263332
"2021-06-23","7 day R","2020-08-26","DE","quantile","0.025",0.873360831006895
"2021-06-23","7 day R","2020-08-26","DE","quantile","0.975",1.33928374567112
"2021-06-23","7 day R","2020-08-27","DE","point","NA",1.07971226961288
"2021-06-23","7 day R","2020-08-27","DE","quantile","0.025",0.844039095272993
"2021-06-23","7 day R","2020-08-27","DE","quantile","0.975",1.31394970089266
"2021-06-23","7 day R","2020-08-28","DE","point","NA",1.05736011056737
"2021-06-23","7 day R","2020-08-28","DE","quantile","0.025",0.821237202728471
"2021-06-23","7 day R","2020-08-28","DE","quantile","0.975",1.29215023622896
"2021-06-23","7 day R","2020-08-29","DE","point","NA",1.04282710876557
"2021-06-23","7 day R","2020-08-29","DE","quantile","0.025",0.807925608332725
"2021-06-23","7 day R","2020-08-29","DE","quantile","0.975",1.27404448705287
"2021-06-23","7 day R","2020-08-30","DE","point","NA",1.03312275845876
"2021-06-23","7 day R","2020-08-30","DE","quantile","0.025",0.800792224122269
"2021-06-23","7 day R","2020-08-30","DE","quantile","0.975",1.26606794004447
"2021-06-23","7 day R","2020-08-31","DE","point","NA",1.0270085696784
"2021-06-23","7 day R","2020-08-31","DE","quantile","0.025",0.795601904309072
"2021-06-23","7 day R","2020-08-31","DE","quantile","0.975",1.26013696651002
"2021-06-23","7 day R","2020-09-01","DE","point","NA",1.02446474480924
"2021-06-23","7 day R","2020-09-01","DE","quantile","0.025",0.792774770713198
"2021-06-23","7 day R","2020-09-01","DE","quantile","0.975",1.25793714305391
"2021-06-23","7 day R","2020-09-02","DE","point","NA",1.02523759011315
"2021-06-23","7 day R","2020-09-02","DE","quantile","0.025",0.792673347151267
"2021-06-23","7 day R","2020-09-02","DE","quantile","0.975",1.26043863753243
"2021-06-23","7 day R","2020-09-03","DE","point","NA",1.02852307120961
"2021-06-23","7 day R","2020-09-03","DE","quantile","0.025",0.797147371639355
"2021-06-23","7 day R","2020-09-03","DE","quantile","0.975",1.25795981681668
"2021-06-23","7 day R","2020-09-04","DE","point","NA",1.04101495442288
"2021-06-23","7 day R","2020-09-04","DE","quantile","0.025",0.809282601772253
"2021-06-23","7 day R","2020-09-04","DE","quantile","0.975",1.27102052368498
"2021-06-23","7 day R","2020-09-05","DE","point","NA",1.06282991385125
"2021-06-23","7 day R","2020-09-05","DE","quantile","0.025",0.831222164067917
"2021-06-23","7 day R","2020-09-05","DE","quantile","0.975",1.29208415480985
"2021-06-23","7 day R","2020-09-06","DE","point","NA",1.08822873357806
"2021-06-23","7 day R","2020-09-06","DE","quantile","0.025",0.861131009512983
"2021-06-23","7 day R","2020-09-06","DE","quantile","0.975",1.31756259960411
"2021-06-23","7 day R","2020-09-07","DE","point","NA",1.10959180407618
"2021-06-23","7 day R","2020-09-07","DE","quantile","0.025",0.878321992413094
"2021-06-23","7 day R","2020-09-07","DE","quantile","0.975",1.34231138853714
"2021-06-23","7 day R","2020-09-08","DE","point","NA",1.10510191917218
"2021-06-23","7 day R","2020-09-08","DE","quantile","0.025",0.87357182696304
"2021-06-23","7 day R","2020-09-08","DE","quantile","0.975",1.33552323281773
"2021-06-23","7 day R","2020-09-09","DE","point","NA",1.10499167077914
"2021-06-23","7 day R","2020-09-09","DE","quantile","0.025",0.876211996873583
"2021-06-23","7 day R","2020-09-09","DE","quantile","0.975",1.33586616172414
"2021-06-23","7 day R","2020-09-10","DE","point","NA",1.11078898530002
"2021-06-23","7 day R","2020-09-10","DE","quantile","0.025",0.878558308093822
"2021-06-23","7 day R","2020-09-10","DE","quantile","0.975",1.34083573877664
"2021-06-23","7 day R","2020-09-11","DE","point","NA",1.12110217518504
"2021-06-23","7 day R","2020-09-11","DE","quantile","0.025",0.890296092760435
"2021-06-23","7 day R","2020-09-11","DE","quantile","0.975",1.35405043319179
"2021-06-23","7 day R","2020-09-12","DE","point","NA",1.14016421283281
"2021-06-23","7 day R","2020-09-12","DE","quantile","0.025",0.908948940903043
"2021-06-23","7 day R","2020-09-12","DE","quantile","0.975",1.36980257040733
"2021-06-23","7 day R","2020-09-13","DE","point","NA",1.15549960039478
"2021-06-23","7 day R","2020-09-13","DE","quantile","0.025",0.92582120011703
"2021-06-23","7 day R","2020-09-13","DE","quantile","0.975",1.38508801329631
"2021-06-23","7 day R","2020-09-14","DE","point","NA",1.16477254701193
"2021-06-23","7 day R","2020-09-14","DE","quantile","0.025",0.932298095134208
"2021-06-23","7 day R","2020-09-14","DE","quantile","0.975",1.39225991688764
"2021-06-23","7 day R","2020-09-15","DE","point","NA",1.18898952898326
"2021-06-23","7 day R","2020-09-15","DE","quantile","0.025",0.954760608882149
"2021-06-23","7 day R","2020-09-15","DE","quantile","0.975",1.42092680600177
"2021-06-23","7 day R","2020-09-16","DE","point","NA",1.20144565350579
"2021-06-23","7 day R","2020-09-16","DE","quantile","0.025",0.966677170575029
"2021-06-23","7 day R","2020-09-16","DE","quantile","0.975",1.43392796304795
"2021-06-23","7 day R","2020-09-17","DE","point","NA",1.20891639727944
"2021-06-23","7 day R","2020-09-17","DE","quantile","0.025",0.980715124542266
"2021-06-23","7 day R","2020-09-17","DE","quantile","0.975",1.44148544473486
"2021-06-23","7 day R","2020-09-18","DE","point","NA",1.2125175442202
"2021-06-23","7 day R","2020-09-18","DE","quantile","0.025",0.982172455413425
"2021-06-23","7 day R","2020-09-18","DE","quantile","0.975",1.44501374526204
"2021-06-23","7 day R","2020-09-19","DE","point","NA",1.20773298196389
"2021-06-23","7 day R","2020-09-19","DE","quantile","0.025",0.978282426201528
"2021-06-23","7 day R","2020-09-19","DE","quantile","0.975",1.43599066630357
"2021-06-23","7 day R","2020-09-20","DE","point","NA",1.18058163112026
"2021-06-23","7 day R","2020-09-20","DE","quantile","0.025",0.950762868105514
"2021-06-23","7 day R","2020-09-20","DE","quantile","0.975",1.41315948093554
"2021-06-23","7 day R","2020-09-21","DE","point","NA",1.15412970931015
"2021-06-23","7 day R","2020-09-21","DE","quantile","0.025",0.922356080789517
"2021-06-23","7 day R","2020-09-21","DE","quantile","0.975",1.38705376436996
"2021-06-23","7 day R","2020-09-22","DE","point","NA",1.14988075424449
"2021-06-23","7 day R","2020-09-22","DE","quantile","0.025",0.917586032664457
"2021-06-23","7 day R","2020-09-22","DE","quantile","0.975",1.38120233400721
"2021-06-23","7 day R","2020-09-23","DE","point","NA",1.14342465220398
"2021-06-23","7 day R","2020-09-23","DE","quantile","0.025",0.90941019839194
"2021-06-23","7 day R","2020-09-23","DE","quantile","0.975",1.37417406305632
"2021-06-23","7 day R","2020-09-24","DE","point","NA",1.16212508832009
"2021-06-23","7 day R","2020-09-24","DE","quantile","0.025",0.9316274382197
"2021-06-23","7 day R","2020-09-24","DE","quantile","0.975",1.39344677028629
"2021-06-23","7 day R","2020-09-25","DE","point","NA",1.1806405683003
"2021-06-23","7 day R","2020-09-25","DE","quantile","0.025",0.945443313635676
"2021-06-23","7 day R","2020-09-25","DE","quantile","0.975",1.41074957869545
"2021-06-23","7 day R","2020-09-26","DE","point","NA",1.19439867193784
"2021-06-23","7 day R","2020-09-26","DE","quantile","0.025",0.961634038941066
"2021-06-23","7 day R","2020-09-26","DE","quantile","0.975",1.42461409738128
"2021-06-23","7 day R","2020-09-27","DE","point","NA",1.21053443914926
"2021-06-23","7 day R","2020-09-27","DE","quantile","0.025",0.978847621301639
"2021-06-23","7 day R","2020-09-27","DE","quantile","0.975",1.44232189419897
"2021-06-23","7 day R","2020-09-28","DE","point","NA",1.21799434913237
"2021-06-23","7 day R","2020-09-28","DE","quantile","0.025",0.985240599412432
"2021-06-23","7 day R","2020-09-28","DE","quantile","0.975",1.45021681391641
"2021-06-23","7 day R","2020-09-29","DE","point","NA",1.22621812342701
"2021-06-23","7 day R","2020-09-29","DE","quantile","0.025",0.994932623924899
"2021-06-23","7 day R","2020-09-29","DE","quantile","0.975",1.46299411570095
"2021-06-23","7 day R","2020-09-30","DE","point","NA",1.24249347000163
"2021-06-23","7 day R","2020-09-30","DE","quantile","0.025",1.00772860787664
"2021-06-23","7 day R","2020-09-30","DE","quantile","0.975",1.47186314506932
"2021-06-23","7 day R","2020-10-01","DE","point","NA",1.26548930905902
"2021-06-23","7 day R","2020-10-01","DE","quantile","0.025",1.02836117515892
"2021-06-23","7 day R","2020-10-01","DE","quantile","0.975",1.49819916776013
"2021-06-23","7 day R","2020-10-02","DE","point","NA",1.29796006678007
"2021-06-23","7 day R","2020-10-02","DE","quantile","0.025",1.06415470382071
"2021-06-23","7 day R","2020-10-02","DE","quantile","0.975",1.52952374343935
"2021-06-23","7 day R","2020-10-03","DE","point","NA",1.33316530635482
"2021-06-23","7 day R","2020-10-03","DE","quantile","0.025",1.10240066854362
"2021-06-23","7 day R","2020-10-03","DE","quantile","0.975",1.56560909056128
"2021-06-23","7 day R","2020-10-04","DE","point","NA",1.37346691857601
"2021-06-23","7 day R","2020-10-04","DE","quantile","0.025",1.14239661493414
"2021-06-23","7 day R","2020-10-04","DE","quantile","0.975",1.60402816225731
"2021-06-23","7 day R","2020-10-05","DE","point","NA",1.41607666763762
"2021-06-23","7 day R","2020-10-05","DE","quantile","0.025",1.18615095969475
"2021-06-23","7 day R","2020-10-05","DE","quantile","0.975",1.64454175895836
"2021-06-23","7 day R","2020-10-06","DE","point","NA",1.46440117309945
"2021-06-23","7 day R","2020-10-06","DE","quantile","0.025",1.23222357154178
"2021-06-23","7 day R","2020-10-06","DE","quantile","0.975",1.69563941392915
"2021-06-23","7 day R","2020-10-07","DE","point","NA",1.5212813267811
"2021-06-23","7 day R","2020-10-07","DE","quantile","0.025",1.28923079213236
"2021-06-23","7 day R","2020-10-07","DE","quantile","0.975",1.75165196580072
"2021-06-23","7 day R","2020-10-08","DE","point","NA",1.57015266678417
"2021-06-23","7 day R","2020-10-08","DE","quantile","0.025",1.3376007020283
"2021-06-23","7 day R","2020-10-08","DE","quantile","0.975",1.80100066209365
"2021-06-23","7 day R","2020-10-09","DE","point","NA",1.59472465548618
"2021-06-23","7 day R","2020-10-09","DE","quantile","0.025",1.36193112049801
"2021-06-23","7 day R","2020-10-09","DE","quantile","0.975",1.8267148125622
"2021-06-23","7 day R","2020-10-10","DE","point","NA",1.62052442073784
"2021-06-23","7 day R","2020-10-10","DE","quantile","0.025",1.39072971192846
"2021-06-23","7 day R","2020-10-10","DE","quantile","0.975",1.85367451029414
"2021-06-23","7 day R","2020-10-11","DE","point","NA",1.65461935782599
"2021-06-23","7 day R","2020-10-11","DE","quantile","0.025",1.42520487940684
"2021-06-23","7 day R","2020-10-11","DE","quantile","0.975",1.88387368058254
"2021-06-23","7 day R","2020-10-12","DE","point","NA",1.68882183472825
"2021-06-23","7 day R","2020-10-12","DE","quantile","0.025",1.45663464479458
"2021-06-23","7 day R","2020-10-12","DE","quantile","0.975",1.92255687158989
"2021-06-23","7 day R","2020-10-13","DE","point","NA",1.6872098261084
"2021-06-23","7 day R","2020-10-13","DE","quantile","0.025",1.45520912348628
"2021-06-23","7 day R","2020-10-13","DE","quantile","0.975",1.91940711944181
"2021-06-23","7 day R","2020-10-14","DE","point","NA",1.69279424643518
"2021-06-23","7 day R","2020-10-14","DE","quantile","0.025",1.46246336561572
"2021-06-23","7 day R","2020-10-14","DE","quantile","0.975",1.92722853266682
"2021-06-23","7 day R","2020-10-15","DE","point","NA",1.69431891404501
"2021-06-23","7 day R","2020-10-15","DE","quantile","0.025",1.46084003521356
"2021-06-23","7 day R","2020-10-15","DE","quantile","0.975",1.92394684761532
"2021-06-23","7 day R","2020-10-16","DE","point","NA",1.67378615920304
"2021-06-23","7 day R","2020-10-16","DE","quantile","0.025",1.4408496995104
"2021-06-23","7 day R","2020-10-16","DE","quantile","0.975",1.90807094237331
"2021-06-23","7 day R","2020-10-17","DE","point","NA",1.65950862456543
"2021-06-23","7 day R","2020-10-17","DE","quantile","0.025",1.42851686201134
"2021-06-23","7 day R","2020-10-17","DE","quantile","0.975",1.89204011166271
"2021-06-23","7 day R","2020-10-18","DE","point","NA",1.65824731235565
"2021-06-23","7 day R","2020-10-18","DE","quantile","0.025",1.42632078704292
"2021-06-23","7 day R","2020-10-18","DE","quantile","0.975",1.89031843452616
"2021-06-23","7 day R","2020-10-19","DE","point","NA",1.67210533633868
"2021-06-23","7 day R","2020-10-19","DE","quantile","0.025",1.44413374564457
"2021-06-23","7 day R","2020-10-19","DE","quantile","0.975",1.90462986672791
"2021-06-23","7 day R","2020-10-20","DE","point","NA",1.68553331756626
"2021-06-23","7 day R","2020-10-20","DE","quantile","0.025",1.45179609955837
"2021-06-23","7 day R","2020-10-20","DE","quantile","0.975",1.91969206434785
"2021-06-23","7 day R","2020-10-21","DE","point","NA",1.67986642915594
"2021-06-23","7 day R","2020-10-21","DE","quantile","0.025",1.45090123761899
"2021-06-23","7 day R","2020-10-21","DE","quantile","0.975",1.91155831081796
"2021-06-23","7 day R","2020-10-22","DE","point","NA",1.66138440111513
"2021-06-23","7 day R","2020-10-22","DE","quantile","0.025",1.42723647004981
"2021-06-23","7 day R","2020-10-22","DE","quantile","0.975",1.89520101997828
"2021-06-23","7 day R","2020-10-23","DE","point","NA",1.70515671479203
"2021-06-23","7 day R","2020-10-23","DE","quantile","0.025",1.47431702334147
"2021-06-23","7 day R","2020-10-23","DE","quantile","0.975",1.93975684135033
"2021-06-23","7 day R","2020-10-24","DE","point","NA",1.72880063108045
"2021-06-23","7 day R","2020-10-24","DE","quantile","0.025",1.49590538078723
"2021-06-23","7 day R","2020-10-24","DE","quantile","0.975",1.96455992506848
"2021-06-23","7 day R","2020-10-25","DE","point","NA",1.72715173543028
"2021-06-23","7 day R","2020-10-25","DE","quantile","0.025",1.49330252036586
"2021-06-23","7 day R","2020-10-25","DE","quantile","0.975",1.96053198364478
"2021-06-23","7 day R","2020-10-26","DE","point","NA",1.70307936408892
"2021-06-23","7 day R","2020-10-26","DE","quantile","0.025",1.46944813169521
"2021-06-23","7 day R","2020-10-26","DE","quantile","0.975",1.9364957576722
"2021-06-23","7 day R","2020-10-27","DE","point","NA",1.68868189853801
"2021-06-23","7 day R","2020-10-27","DE","quantile","0.025",1.45670281746056
"2021-06-23","7 day R","2020-10-27","DE","quantile","0.975",1.9233366078856
"2021-06-23","7 day R","2020-10-28","DE","point","NA",1.66493508964844
"2021-06-23","7 day R","2020-10-28","DE","quantile","0.025",1.42914261455037
"2021-06-23","7 day R","2020-10-28","DE","quantile","0.975",1.90439554766233
"2021-06-23","7 day R","2020-10-29","DE","point","NA",1.66687146380047
"2021-06-23","7 day R","2020-10-29","DE","quantile","0.025",1.42968474734372
"2021-06-23","7 day R","2020-10-29","DE","quantile","0.975",1.90334514354009
"2021-06-23","7 day R","2020-10-30","DE","point","NA",1.6466857577697
"2021-06-23","7 day R","2020-10-30","DE","quantile","0.025",1.4100328348007
"2021-06-23","7 day R","2020-10-30","DE","quantile","0.975",1.88321521607905
"2021-06-23","7 day R","2020-10-31","DE","point","NA",1.625874352605
"2021-06-23","7 day R","2020-10-31","DE","quantile","0.025",1.38774326806866
"2021-06-23","7 day R","2020-10-31","DE","quantile","0.975",1.85937320839493
"2021-06-23","7 day R","2020-11-01","DE","point","NA",1.60230531496884
"2021-06-23","7 day R","2020-11-01","DE","quantile","0.025",1.36498106067647
"2021-06-23","7 day R","2020-11-01","DE","quantile","0.975",1.83691813594661
"2021-06-23","7 day R","2020-11-02","DE","point","NA",1.57059923596296
"2021-06-23","7 day R","2020-11-02","DE","quantile","0.025",1.33552086170124
"2021-06-23","7 day R","2020-11-02","DE","quantile","0.975",1.80314283855837
"2021-06-23","7 day R","2020-11-03","DE","point","NA",1.48845844831658
"2021-06-23","7 day R","2020-11-03","DE","quantile","0.025",1.25271001371053
"2021-06-23","7 day R","2020-11-03","DE","quantile","0.975",1.7216664063264
"2021-06-23","7 day R","2020-11-04","DE","point","NA",1.47425413234172
"2021-06-23","7 day R","2020-11-04","DE","quantile","0.025",1.24108951511467
"2021-06-23","7 day R","2020-11-04","DE","quantile","0.975",1.70417366174691
"2021-06-23","7 day R","2020-11-05","DE","point","NA",1.41968691997293
"2021-06-23","7 day R","2020-11-05","DE","quantile","0.025",1.18685725057525
"2021-06-23","7 day R","2020-11-05","DE","quantile","0.975",1.64940539306761
"2021-06-23","7 day R","2020-11-06","DE","point","NA",1.36487317298953
"2021-06-23","7 day R","2020-11-06","DE","quantile","0.025",1.13227275995986
"2021-06-23","7 day R","2020-11-06","DE","quantile","0.975",1.59695432967253
"2021-06-23","7 day R","2020-11-07","DE","point","NA",1.31570293143273
"2021-06-23","7 day R","2020-11-07","DE","quantile","0.025",1.08323184219776
"2021-06-23","7 day R","2020-11-07","DE","quantile","0.975",1.54977766185213
"2021-06-23","7 day R","2020-11-08","DE","point","NA",1.27467570182942
"2021-06-23","7 day R","2020-11-08","DE","quantile","0.025",1.04192517563866
"2021-06-23","7 day R","2020-11-08","DE","quantile","0.975",1.50391122107058
"2021-06-23","7 day R","2020-11-09","DE","point","NA",1.21847513065387
"2021-06-23","7 day R","2020-11-09","DE","quantile","0.025",0.985947084385995
"2021-06-23","7 day R","2020-11-09","DE","quantile","0.975",1.45385237163999
"2021-06-23","7 day R","2020-11-10","DE","point","NA",1.21779919443213
"2021-06-23","7 day R","2020-11-10","DE","quantile","0.025",0.984426795632985
"2021-06-23","7 day R","2020-11-10","DE","quantile","0.975",1.4498466986072
"2021-06-23","7 day R","2020-11-11","DE","point","NA",1.17968614687186
"2021-06-23","7 day R","2020-11-11","DE","quantile","0.025",0.944986843887656
"2021-06-23","7 day R","2020-11-11","DE","quantile","0.975",1.41412373588737
"2021-06-23","7 day R","2020-11-12","DE","point","NA",1.16238757694886
"2021-06-23","7 day R","2020-11-12","DE","quantile","0.025",0.928980596375536
"2021-06-23","7 day R","2020-11-12","DE","quantile","0.975",1.39416052222358
"2021-06-23","7 day R","2020-11-13","DE","point","NA",1.13812131797032
"2021-06-23","7 day R","2020-11-13","DE","quantile","0.025",0.901679744088406
"2021-06-23","7 day R","2020-11-13","DE","quantile","0.975",1.36726830832232
"2021-06-23","7 day R","2020-11-14","DE","point","NA",1.1154277968658
"2021-06-23","7 day R","2020-11-14","DE","quantile","0.025",0.879680480568646
"2021-06-23","7 day R","2020-11-14","DE","quantile","0.975",1.346577414781
"2021-06-23","7 day R","2020-11-15","DE","point","NA",1.09605464776277
"2021-06-23","7 day R","2020-11-15","DE","quantile","0.025",0.86295652825835
"2021-06-23","7 day R","2020-11-15","DE","quantile","0.975",1.32886435215721
"2021-06-23","7 day R","2020-11-16","DE","point","NA",1.1009107155028
"2021-06-23","7 day R","2020-11-16","DE","quantile","0.025",0.86933179653468
"2021-06-23","7 day R","2020-11-16","DE","quantile","0.975",1.3359940134316
"2021-06-23","7 day R","2020-11-17","DE","point","NA",1.10339310845743
"2021-06-23","7 day R","2020-11-17","DE","quantile","0.025",0.872756260082926
"2021-06-23","7 day R","2020-11-17","DE","quantile","0.975",1.33355188884408
"2021-06-23","7 day R","2020-11-18","DE","point","NA",1.08159512683515
"2021-06-23","7 day R","2020-11-18","DE","quantile","0.025",0.847347006621896
"2021-06-23","7 day R","2020-11-18","DE","quantile","0.975",1.3136429152821
"2021-06-23","7 day R","2020-11-19","DE","point","NA",1.07221780675057
"2021-06-23","7 day R","2020-11-19","DE","quantile","0.025",0.83855461029667
"2021-06-23","7 day R","2020-11-19","DE","quantile","0.975",1.30511558171715
"2021-06-23","7 day R","2020-11-20","DE","point","NA",1.0598090806719
"2021-06-23","7 day R","2020-11-20","DE","quantile","0.025",0.822116649018147
"2021-06-23","7 day R","2020-11-20","DE","quantile","0.975",1.29366701825187
"2021-06-23","7 day R","2020-11-21","DE","point","NA",1.04114721386436
"2021-06-23","7 day R","2020-11-21","DE","quantile","0.025",0.805960761977301
"2021-06-23","7 day R","2020-11-21","DE","quantile","0.975",1.27280277785381
"2021-06-23","7 day R","2020-11-22","DE","point","NA",1.0311984748595
"2021-06-23","7 day R","2020-11-22","DE","quantile","0.025",0.796348362398636
"2021-06-23","7 day R","2020-11-22","DE","quantile","0.975",1.2617142584986
"2021-06-23","7 day R","2020-11-23","DE","point","NA",1.03132828463469
"2021-06-23","7 day R","2020-11-23","DE","quantile","0.025",0.798297084654201
"2021-06-23","7 day R","2020-11-23","DE","quantile","0.975",1.26119535168019
"2021-06-23","7 day R","2020-11-24","DE","point","NA",1.0269684143496
"2021-06-23","7 day R","2020-11-24","DE","quantile","0.025",0.790474894908634
"2021-06-23","7 day R","2020-11-24","DE","quantile","0.975",1.25797126731008
"2021-06-23","7 day R","2020-11-25","DE","point","NA",1.04904469151225
"2021-06-23","7 day R","2020-11-25","DE","quantile","0.025",0.815370617063352
"2021-06-23","7 day R","2020-11-25","DE","quantile","0.975",1.27928594157298
"2021-06-23","7 day R","2020-11-26","DE","point","NA",1.03672866138369
"2021-06-23","7 day R","2020-11-26","DE","quantile","0.025",0.801403066677588
"2021-06-23","7 day R","2020-11-26","DE","quantile","0.975",1.2666916019295
"2021-06-23","7 day R","2020-11-27","DE","point","NA",1.0294700160288
"2021-06-23","7 day R","2020-11-27","DE","quantile","0.025",0.800149574799889
"2021-06-23","7 day R","2020-11-27","DE","quantile","0.975",1.25728969706668
"2021-06-23","7 day R","2020-11-28","DE","point","NA",1.01982571304719
"2021-06-23","7 day R","2020-11-28","DE","quantile","0.025",0.786885453394161
"2021-06-23","7 day R","2020-11-28","DE","quantile","0.975",1.24918121224254
"2021-06-23","7 day R","2020-11-29","DE","point","NA",1.02251752375044
"2021-06-23","7 day R","2020-11-29","DE","quantile","0.025",0.789967929228095
"2021-06-23","7 day R","2020-11-29","DE","quantile","0.975",1.25203340270469
"2021-06-23","7 day R","2020-11-30","DE","point","NA",1.04173999138493
"2021-06-23","7 day R","2020-11-30","DE","quantile","0.025",0.811481936420011
"2021-06-23","7 day R","2020-11-30","DE","quantile","0.975",1.27368571362654
"2021-06-23","7 day R","2020-12-01","DE","point","NA",1.04608448761372
"2021-06-23","7 day R","2020-12-01","DE","quantile","0.025",0.814148591381615
"2021-06-23","7 day R","2020-12-01","DE","quantile","0.975",1.27908790033282
"2021-06-23","7 day R","2020-12-02","DE","point","NA",1.04572315442172
"2021-06-23","7 day R","2020-12-02","DE","quantile","0.025",0.81592089466895
"2021-06-23","7 day R","2020-12-02","DE","quantile","0.975",1.27856157051923
"2021-06-23","7 day R","2020-12-03","DE","point","NA",1.06086596861412
"2021-06-23","7 day R","2020-12-03","DE","quantile","0.025",0.826685566525377
"2021-06-23","7 day R","2020-12-03","DE","quantile","0.975",1.29597103170915
"2021-06-23","7 day R","2020-12-04","DE","point","NA",1.08091032738565
"2021-06-23","7 day R","2020-12-04","DE","quantile","0.025",0.847908165418447
"2021-06-23","7 day R","2020-12-04","DE","quantile","0.975",1.31900053102217
"2021-06-23","7 day R","2020-12-05","DE","point","NA",1.11684204753647
"2021-06-23","7 day R","2020-12-05","DE","quantile","0.025",0.885571293862649
"2021-06-23","7 day R","2020-12-05","DE","quantile","0.975",1.353428322382
"2021-06-23","7 day R","2020-12-06","DE","point","NA",1.11675512229617
"2021-06-23","7 day R","2020-12-06","DE","quantile","0.025",0.882720010639618
"2021-06-23","7 day R","2020-12-06","DE","quantile","0.975",1.35061638993536
"2021-06-23","7 day R","2020-12-07","DE","point","NA",1.10917921015591
"2021-06-23","7 day R","2020-12-07","DE","quantile","0.025",0.875305754493706
"2021-06-23","7 day R","2020-12-07","DE","quantile","0.975",1.34345068670423
"2021-06-23","7 day R","2020-12-08","DE","point","NA",1.12935988123895
"2021-06-23","7 day R","2020-12-08","DE","quantile","0.025",0.896957045143221
"2021-06-23","7 day R","2020-12-08","DE","quantile","0.975",1.36271964843929
"2021-06-23","7 day R","2020-12-09","DE","point","NA",1.14315751437903
"2021-06-23","7 day R","2020-12-09","DE","quantile","0.025",0.909994352288516
"2021-06-23","7 day R","2020-12-09","DE","quantile","0.975",1.3761714071417
"2021-06-23","7 day R","2020-12-10","DE","point","NA",1.17382463086352
"2021-06-23","7 day R","2020-12-10","DE","quantile","0.025",0.940791194193034
"2021-06-23","7 day R","2020-12-10","DE","quantile","0.975",1.40689668853979
"2021-06-23","7 day R","2020-12-11","DE","point","NA",1.18283085087147
"2021-06-23","7 day R","2020-12-11","DE","quantile","0.025",0.94940883772441
"2021-06-23","7 day R","2020-12-11","DE","quantile","0.975",1.41919952544495
"2021-06-23","7 day R","2020-12-12","DE","point","NA",1.17168788512228
"2021-06-23","7 day R","2020-12-12","DE","quantile","0.025",0.939692576758466
"2021-06-23","7 day R","2020-12-12","DE","quantile","0.975",1.40454393805527
"2021-06-23","7 day R","2020-12-13","DE","point","NA",1.16009489619704
"2021-06-23","7 day R","2020-12-13","DE","quantile","0.025",0.926402290445404
"2021-06-23","7 day R","2020-12-13","DE","quantile","0.975",1.39163895960151
"2021-06-23","7 day R","2020-12-14","DE","point","NA",1.1400168626336
"2021-06-23","7 day R","2020-12-14","DE","quantile","0.025",0.9098229917161
"2021-06-23","7 day R","2020-12-14","DE","quantile","0.975",1.37043525377597
"2021-06-23","7 day R","2020-12-15","DE","point","NA",1.14639023355357
"2021-06-23","7 day R","2020-12-15","DE","quantile","0.025",0.913317353020344
"2021-06-23","7 day R","2020-12-15","DE","quantile","0.975",1.38134606154506
"2021-06-23","7 day R","2020-12-16","DE","point","NA",1.14177131730077
"2021-06-23","7 day R","2020-12-16","DE","quantile","0.025",0.911110164719614
"2021-06-23","7 day R","2020-12-16","DE","quantile","0.975",1.37346202122871
"2021-06-23","7 day R","2020-12-17","DE","point","NA",1.14082889386467
"2021-06-23","7 day R","2020-12-17","DE","quantile","0.025",0.908904357811945
"2021-06-23","7 day R","2020-12-17","DE","quantile","0.975",1.37775868645176
"2021-06-23","7 day R","2020-12-18","DE","point","NA",1.14267242007753
"2021-06-23","7 day R","2020-12-18","DE","quantile","0.025",0.908832431513679
"2021-06-23","7 day R","2020-12-18","DE","quantile","0.975",1.3776816409777
"2021-06-23","7 day R","2020-12-19","DE","point","NA",1.10799746752594
"2021-06-23","7 day R","2020-12-19","DE","quantile","0.025",0.874284365564106
"2021-06-23","7 day R","2020-12-19","DE","quantile","0.975",1.34446745494817
"2021-06-23","7 day R","2020-12-20","DE","point","NA",1.0741510705341
"2021-06-23","7 day R","2020-12-20","DE","quantile","0.025",0.841156034572274
"2021-06-23","7 day R","2020-12-20","DE","quantile","0.975",1.30774826446208
"2021-06-23","7 day R","2020-12-21","DE","point","NA",1.06320015223913
"2021-06-23","7 day R","2020-12-21","DE","quantile","0.025",0.830207472373528
"2021-06-23","7 day R","2020-12-21","DE","quantile","0.975",1.29437820673913
"2021-06-23","7 day R","2020-12-22","DE","point","NA",1.02902397492162
"2021-06-23","7 day R","2020-12-22","DE","quantile","0.025",0.796981392575489
"2021-06-23","7 day R","2020-12-22","DE","quantile","0.975",1.26291385748311
"2021-06-23","7 day R","2020-12-23","DE","point","NA",0.966658419046226
"2021-06-23","7 day R","2020-12-23","DE","quantile","0.025",0.73395449092476
"2021-06-23","7 day R","2020-12-23","DE","quantile","0.975",1.19890236350604
"2021-06-23","7 day R","2020-12-24","DE","point","NA",0.915308153013252
"2021-06-23","7 day R","2020-12-24","DE","quantile","0.025",0.681718926351012
"2021-06-23","7 day R","2020-12-24","DE","quantile","0.975",1.14915954569478
"2021-06-23","7 day R","2020-12-25","DE","point","NA",0.879296971803932
"2021-06-23","7 day R","2020-12-25","DE","quantile","0.025",0.640808935520581
"2021-06-23","7 day R","2020-12-25","DE","quantile","0.975",1.11163171656041
"2021-06-23","7 day R","2020-12-26","DE","point","NA",0.892550220498293
"2021-06-23","7 day R","2020-12-26","DE","quantile","0.025",0.654857318274674
"2021-06-23","7 day R","2020-12-26","DE","quantile","0.975",1.12507782807429
"2021-06-23","7 day R","2020-12-27","DE","point","NA",0.920516741314957
"2021-06-23","7 day R","2020-12-27","DE","quantile","0.025",0.685271764151788
"2021-06-23","7 day R","2020-12-27","DE","quantile","0.975",1.15250887319264
"2021-06-23","7 day R","2020-12-28","DE","point","NA",0.934394897071408
"2021-06-23","7 day R","2020-12-28","DE","quantile","0.025",0.698651384299858
"2021-06-23","7 day R","2020-12-28","DE","quantile","0.975",1.16468327329955
"2021-06-23","7 day R","2020-12-29","DE","point","NA",0.93766882284028
"2021-06-23","7 day R","2020-12-29","DE","quantile","0.025",0.706340615283902
"2021-06-23","7 day R","2020-12-29","DE","quantile","0.975",1.16908672424942
"2021-06-23","7 day R","2020-12-30","DE","point","NA",0.950613102335568
"2021-06-23","7 day R","2020-12-30","DE","quantile","0.025",0.719124552960339
"2021-06-23","7 day R","2020-12-30","DE","quantile","0.975",1.18277452373845
"2021-06-23","7 day R","2020-12-31","DE","point","NA",0.891330209491221
"2021-06-23","7 day R","2020-12-31","DE","quantile","0.025",0.656082112830778
"2021-06-23","7 day R","2020-12-31","DE","quantile","0.975",1.12055576321577
"2021-06-23","7 day R","2021-01-01","DE","point","NA",0.865014915036201
"2021-06-23","7 day R","2021-01-01","DE","quantile","0.025",0.633411226799026
"2021-06-23","7 day R","2021-01-01","DE","quantile","0.975",1.099048006493
"2021-06-23","7 day R","2021-01-02","DE","point","NA",0.881879623706059
"2021-06-23","7 day R","2021-01-02","DE","quantile","0.025",0.649434174867473
"2021-06-23","7 day R","2021-01-02","DE","quantile","0.975",1.11553522326159
"2021-06-23","7 day R","2021-01-03","DE","point","NA",0.924656776095924
"2021-06-23","7 day R","2021-01-03","DE","quantile","0.025",0.693581797665969
"2021-06-23","7 day R","2021-01-03","DE","quantile","0.975",1.1554830865612
"2021-06-23","7 day R","2021-01-04","DE","point","NA",0.960353073441036
"2021-06-23","7 day R","2021-01-04","DE","quantile","0.025",0.731659534807986
"2021-06-23","7 day R","2021-01-04","DE","quantile","0.975",1.19083126938694
"2021-06-23","7 day R","2021-01-05","DE","point","NA",0.991406306695893
"2021-06-23","7 day R","2021-01-05","DE","quantile","0.025",0.758208533464608
"2021-06-23","7 day R","2021-01-05","DE","quantile","0.975",1.22387480743515
"2021-06-23","7 day R","2021-01-06","DE","point","NA",1.03444156632083
"2021-06-23","7 day R","2021-01-06","DE","quantile","0.025",0.803986580123179
"2021-06-23","7 day R","2021-01-06","DE","quantile","0.975",1.26836080439123
"2021-06-23","7 day R","2021-01-07","DE","point","NA",1.09051463675678
"2021-06-23","7 day R","2021-01-07","DE","quantile","0.025",0.858751209307481
"2021-06-23","7 day R","2021-01-07","DE","quantile","0.975",1.32761607896535
"2021-06-23","7 day R","2021-01-08","DE","point","NA",1.06394163314858
"2021-06-23","7 day R","2021-01-08","DE","quantile","0.025",0.831939942419464
"2021-06-23","7 day R","2021-01-08","DE","quantile","0.975",1.29783757773718
"2021-06-23","7 day R","2021-01-09","DE","point","NA",1.01872385258076
"2021-06-23","7 day R","2021-01-09","DE","quantile","0.025",0.787763255667941
"2021-06-23","7 day R","2021-01-09","DE","quantile","0.975",1.24958347945773
"2021-06-23","7 day R","2021-01-10","DE","point","NA",0.966185036179879
"2021-06-23","7 day R","2021-01-10","DE","quantile","0.025",0.735652130071455
"2021-06-23","7 day R","2021-01-10","DE","quantile","0.975",1.19870652489975
"2021-06-23","7 day R","2021-01-11","DE","point","NA",0.952453395948718
"2021-06-23","7 day R","2021-01-11","DE","quantile","0.025",0.718597594648042
"2021-06-23","7 day R","2021-01-11","DE","quantile","0.975",1.18586805061441
"2021-06-23","7 day R","2021-01-12","DE","point","NA",0.939688716346549
"2021-06-23","7 day R","2021-01-12","DE","quantile","0.025",0.70712026017231
"2021-06-23","7 day R","2021-01-12","DE","quantile","0.975",1.17452711537528
"2021-06-23","7 day R","2021-01-13","DE","point","NA",0.893842123340288
"2021-06-23","7 day R","2021-01-13","DE","quantile","0.025",0.661306855617177
"2021-06-23","7 day R","2021-01-13","DE","quantile","0.975",1.12506362561488
"2021-06-23","7 day R","2021-01-14","DE","point","NA",0.862406635756155
"2021-06-23","7 day R","2021-01-14","DE","quantile","0.025",0.627560573310882
"2021-06-23","7 day R","2021-01-14","DE","quantile","0.975",1.0966200582903
"2021-06-23","7 day R","2021-01-15","DE","point","NA",0.842655653959206
"2021-06-23","7 day R","2021-01-15","DE","quantile","0.025",0.607284013334453
"2021-06-23","7 day R","2021-01-15","DE","quantile","0.975",1.08040172375111
"2021-06-23","7 day R","2021-01-16","DE","point","NA",0.84474614997405
"2021-06-23","7 day R","2021-01-16","DE","quantile","0.025",0.609997614707389
"2021-06-23","7 day R","2021-01-16","DE","quantile","0.975",1.07774484950848
"2021-06-23","7 day R","2021-01-17","DE","point","NA",0.849791345618736
"2021-06-23","7 day R","2021-01-17","DE","quantile","0.025",0.612856518920761
"2021-06-23","7 day R","2021-01-17","DE","quantile","0.975",1.08890943638793
"2021-06-23","7 day R","2021-01-18","DE","point","NA",0.836044376033916
"2021-06-23","7 day R","2021-01-18","DE","quantile","0.025",0.602158840217901
"2021-06-23","7 day R","2021-01-18","DE","quantile","0.975",1.06940879842692
"2021-06-23","7 day R","2021-01-19","DE","point","NA",0.821708506137055
"2021-06-23","7 day R","2021-01-19","DE","quantile","0.025",0.588472165697558
"2021-06-23","7 day R","2021-01-19","DE","quantile","0.975",1.05375029018653
"2021-06-23","7 day R","2021-01-20","DE","point","NA",0.820160198973193
"2021-06-23","7 day R","2021-01-20","DE","quantile","0.025",0.584527516371962
"2021-06-23","7 day R","2021-01-20","DE","quantile","0.975",1.05192243494784
"2021-06-23","7 day R","2021-01-21","DE","point","NA",0.790860273845956
"2021-06-23","7 day R","2021-01-21","DE","quantile","0.025",0.556062841385724
"2021-06-23","7 day R","2021-01-21","DE","quantile","0.975",1.02718270771579
"2021-06-23","7 day R","2021-01-22","DE","point","NA",0.805374218523853
"2021-06-23","7 day R","2021-01-22","DE","quantile","0.025",0.57180663807758
"2021-06-23","7 day R","2021-01-22","DE","quantile","0.975",1.04136402985159
"2021-06-23","7 day R","2021-01-23","DE","point","NA",0.804219115504195
"2021-06-23","7 day R","2021-01-23","DE","quantile","0.025",0.569709290787239
"2021-06-23","7 day R","2021-01-23","DE","quantile","0.975",1.03784800546829
"2021-06-23","7 day R","2021-01-24","DE","point","NA",0.805920098916629
"2021-06-23","7 day R","2021-01-24","DE","quantile","0.025",0.573490001539493
"2021-06-23","7 day R","2021-01-24","DE","quantile","0.975",1.03954596196377
"2021-06-23","7 day R","2021-01-25","DE","point","NA",0.78609994955264
"2021-06-23","7 day R","2021-01-25","DE","quantile","0.025",0.555316836702785
"2021-06-23","7 day R","2021-01-25","DE","quantile","0.975",1.01644667093996
"2021-06-23","7 day R","2021-01-26","DE","point","NA",0.770415703325602
"2021-06-23","7 day R","2021-01-26","DE","quantile","0.025",0.53566649840253
"2021-06-23","7 day R","2021-01-26","DE","quantile","0.975",1.00680689794794
"2021-06-23","7 day R","2021-01-27","DE","point","NA",0.766754395851559
"2021-06-23","7 day R","2021-01-27","DE","quantile","0.025",0.533879820375729
"2021-06-23","7 day R","2021-01-27","DE","quantile","0.975",0.997546377712544
"2021-06-23","7 day R","2021-01-28","DE","point","NA",0.782524457737878
"2021-06-23","7 day R","2021-01-28","DE","quantile","0.025",0.549450176419838
"2021-06-23","7 day R","2021-01-28","DE","quantile","0.975",1.01552186409255
"2021-06-23","7 day R","2021-01-29","DE","point","NA",0.794260386724974
"2021-06-23","7 day R","2021-01-29","DE","quantile","0.025",0.564451961747097
"2021-06-23","7 day R","2021-01-29","DE","quantile","0.975",1.02314050221499
"2021-06-23","7 day R","2021-01-30","DE","point","NA",0.796964118951035
"2021-06-23","7 day R","2021-01-30","DE","quantile","0.025",0.56833667483405
"2021-06-23","7 day R","2021-01-30","DE","quantile","0.975",1.03184889697025
"2021-06-23","7 day R","2021-01-31","DE","point","NA",0.764268600780201
"2021-06-23","7 day R","2021-01-31","DE","quantile","0.025",0.533561709938039
"2021-06-23","7 day R","2021-01-31","DE","quantile","0.975",0.994423601802195
"2021-06-23","7 day R","2021-02-01","DE","point","NA",0.754461399192446
"2021-06-23","7 day R","2021-02-01","DE","quantile","0.025",0.523394871512502
"2021-06-23","7 day R","2021-02-01","DE","quantile","0.975",0.986691119096914
"2021-06-23","7 day R","2021-02-02","DE","point","NA",0.743179765270265
"2021-06-23","7 day R","2021-02-02","DE","quantile","0.025",0.510642160229504
"2021-06-23","7 day R","2021-02-02","DE","quantile","0.975",0.9761561883861
"2021-06-23","7 day R","2021-02-03","DE","point","NA",0.740930035596478
"2021-06-23","7 day R","2021-02-03","DE","quantile","0.025",0.508300592014777
"2021-06-23","7 day R","2021-02-03","DE","quantile","0.975",0.974480407959478
"2021-06-23","7 day R","2021-02-04","DE","point","NA",0.751749034002878
"2021-06-23","7 day R","2021-02-04","DE","quantile","0.025",0.518303806488086
"2021-06-23","7 day R","2021-02-04","DE","quantile","0.975",0.982869556432579
"2021-06-23","7 day R","2021-02-05","DE","point","NA",0.757945414263588
"2021-06-23","7 day R","2021-02-05","DE","quantile","0.025",0.525985244690139
"2021-06-23","7 day R","2021-02-05","DE","quantile","0.975",0.989106161998572
"2021-06-23","7 day R","2021-02-06","DE","point","NA",0.758061445650692
"2021-06-23","7 day R","2021-02-06","DE","quantile","0.025",0.527597437696113
"2021-06-23","7 day R","2021-02-06","DE","quantile","0.975",0.988148437930444
"2021-06-23","7 day R","2021-02-07","DE","point","NA",0.758587222000298
"2021-06-23","7 day R","2021-02-07","DE","quantile","0.025",0.527155390401258
"2021-06-23","7 day R","2021-02-07","DE","quantile","0.975",0.990554440187969
"2021-06-23","7 day R","2021-02-08","DE","point","NA",0.741286631575483
"2021-06-23","7 day R","2021-02-08","DE","quantile","0.025",0.509787696664702
"2021-06-23","7 day R","2021-02-08","DE","quantile","0.975",0.971607359179386
"2021-06-23","7 day R","2021-02-09","DE","point","NA",0.727614418724334
"2021-06-23","7 day R","2021-02-09","DE","quantile","0.025",0.494299647020928
"2021-06-23","7 day R","2021-02-09","DE","quantile","0.975",0.953824639943722
"2021-06-23","7 day R","2021-02-10","DE","point","NA",0.722357182446321
"2021-06-23","7 day R","2021-02-10","DE","quantile","0.025",0.488455389428989
"2021-06-23","7 day R","2021-02-10","DE","quantile","0.975",0.955001434375902
"2021-06-23","7 day R","2021-02-11","DE","point","NA",0.739397835777987
"2021-06-23","7 day R","2021-02-11","DE","quantile","0.025",0.505943329858969
"2021-06-23","7 day R","2021-02-11","DE","quantile","0.975",0.968711272083904
"2021-06-23","7 day R","2021-02-12","DE","point","NA",0.761510646542281
"2021-06-23","7 day R","2021-02-12","DE","quantile","0.025",0.526261642014551
"2021-06-23","7 day R","2021-02-12","DE","quantile","0.975",0.995445438588066
"2021-06-23","7 day R","2021-02-13","DE","point","NA",0.77861535320413
"2021-06-23","7 day R","2021-02-13","DE","quantile","0.025",0.546615533807713
"2021-06-23","7 day R","2021-02-13","DE","quantile","0.975",1.01121251883727
"2021-06-23","7 day R","2021-02-14","DE","point","NA",0.798011916123901
"2021-06-23","7 day R","2021-02-14","DE","quantile","0.025",0.566550430129409
"2021-06-23","7 day R","2021-02-14","DE","quantile","0.975",1.03006784462261
"2021-06-23","7 day R","2021-02-15","DE","point","NA",0.812806501170523
"2021-06-23","7 day R","2021-02-15","DE","quantile","0.025",0.579159444067286
"2021-06-23","7 day R","2021-02-15","DE","quantile","0.975",1.04536454859105
"2021-06-23","7 day R","2021-02-16","DE","point","NA",0.819680200715725
"2021-06-23","7 day R","2021-02-16","DE","quantile","0.025",0.584182070221191
"2021-06-23","7 day R","2021-02-16","DE","quantile","0.975",1.05253432908485
"2021-06-23","7 day R","2021-02-17","DE","point","NA",0.832425365695977
"2021-06-23","7 day R","2021-02-17","DE","quantile","0.025",0.59670551112133
"2021-06-23","7 day R","2021-02-17","DE","quantile","0.975",1.06514639412797
"2021-06-23","7 day R","2021-02-18","DE","point","NA",0.856204250361954
"2021-06-23","7 day R","2021-02-18","DE","quantile","0.025",0.626285648042195
"2021-06-23","7 day R","2021-02-18","DE","quantile","0.975",1.09148712042508
"2021-06-23","7 day R","2021-02-19","DE","point","NA",0.882539060032818
"2021-06-23","7 day R","2021-02-19","DE","quantile","0.025",0.652176020893869
"2021-06-23","7 day R","2021-02-19","DE","quantile","0.975",1.11174072827721
"2021-06-23","7 day R","2021-02-20","DE","point","NA",0.905797600706522
"2021-06-23","7 day R","2021-02-20","DE","quantile","0.025",0.670247199457759
"2021-06-23","7 day R","2021-02-20","DE","quantile","0.975",1.1384603630113
"2021-06-23","7 day R","2021-02-21","DE","point","NA",0.924410378452453
"2021-06-23","7 day R","2021-02-21","DE","quantile","0.025",0.692863015829589
"2021-06-23","7 day R","2021-02-21","DE","quantile","0.975",1.15497201227512
"2021-06-23","7 day R","2021-02-22","DE","point","NA",0.932157281472199
"2021-06-23","7 day R","2021-02-22","DE","quantile","0.025",0.698366425191377
"2021-06-23","7 day R","2021-02-22","DE","quantile","0.975",1.1617238788707
"2021-06-23","7 day R","2021-02-23","DE","point","NA",0.937068826272187
"2021-06-23","7 day R","2021-02-23","DE","quantile","0.025",0.707126025921123
"2021-06-23","7 day R","2021-02-23","DE","quantile","0.975",1.16589531725744
"2021-06-23","7 day R","2021-02-24","DE","point","NA",0.953496166282805
"2021-06-23","7 day R","2021-02-24","DE","quantile","0.025",0.721013512393219
"2021-06-23","7 day R","2021-02-24","DE","quantile","0.975",1.18436466011543
"2021-06-23","7 day R","2021-02-25","DE","point","NA",0.975320040628079
"2021-06-23","7 day R","2021-02-25","DE","quantile","0.025",0.740026282575068
"2021-06-23","7 day R","2021-02-25","DE","quantile","0.975",1.20941970366025
"2021-06-23","7 day R","2021-02-26","DE","point","NA",0.990725198011075
"2021-06-23","7 day R","2021-02-26","DE","quantile","0.025",0.754754515336952
"2021-06-23","7 day R","2021-02-26","DE","quantile","0.975",1.22638372167209
"2021-06-23","7 day R","2021-02-27","DE","point","NA",1.00334924833047
"2021-06-23","7 day R","2021-02-27","DE","quantile","0.025",0.77087968232443
"2021-06-23","7 day R","2021-02-27","DE","quantile","0.975",1.23703138225592
"2021-06-23","7 day R","2021-02-28","DE","point","NA",1.01199402501032
"2021-06-23","7 day R","2021-02-28","DE","quantile","0.025",0.777177183905929
"2021-06-23","7 day R","2021-02-28","DE","quantile","0.975",1.248945677973
"2021-06-23","7 day R","2021-03-01","DE","point","NA",1.01248361300644
"2021-06-23","7 day R","2021-03-01","DE","quantile","0.025",0.777682736376491
"2021-06-23","7 day R","2021-03-01","DE","quantile","0.975",1.2471531506897
"2021-06-23","7 day R","2021-03-02","DE","point","NA",1.00916029939216
"2021-06-23","7 day R","2021-03-02","DE","quantile","0.025",0.770363580332622
"2021-06-23","7 day R","2021-03-02","DE","quantile","0.975",1.24286579805205
"2021-06-23","7 day R","2021-03-03","DE","point","NA",1.01804959686344
"2021-06-23","7 day R","2021-03-03","DE","quantile","0.025",0.781513920807934
"2021-06-23","7 day R","2021-03-03","DE","quantile","0.975",1.25297688903399
"2021-06-23","7 day R","2021-03-04","DE","point","NA",1.0454315936855
"2021-06-23","7 day R","2021-03-04","DE","quantile","0.025",0.810984751149182
"2021-06-23","7 day R","2021-03-04","DE","quantile","0.975",1.27940331675061
"2021-06-23","7 day R","2021-03-05","DE","point","NA",1.06426662320973
"2021-06-23","7 day R","2021-03-05","DE","quantile","0.025",0.83152777338387
"2021-06-23","7 day R","2021-03-05","DE","quantile","0.975",1.29641154209596
"2021-06-23","7 day R","2021-03-06","DE","point","NA",1.08974171636545
"2021-06-23","7 day R","2021-03-06","DE","quantile","0.025",0.854256241875052
"2021-06-23","7 day R","2021-03-06","DE","quantile","0.975",1.32414026017648
"2021-06-23","7 day R","2021-03-07","DE","point","NA",1.11218901754974
"2021-06-23","7 day R","2021-03-07","DE","quantile","0.025",0.877935007961775
"2021-06-23","7 day R","2021-03-07","DE","quantile","0.975",1.34774276037912
"2021-06-23","7 day R","2021-03-08","DE","point","NA",1.12659084776377
"2021-06-23","7 day R","2021-03-08","DE","quantile","0.025",0.896039774595728
"2021-06-23","7 day R","2021-03-08","DE","quantile","0.975",1.35871144812244
"2021-06-23","7 day R","2021-03-09","DE","point","NA",1.14372999809382
"2021-06-23","7 day R","2021-03-09","DE","quantile","0.025",0.913979879860966
"2021-06-23","7 day R","2021-03-09","DE","quantile","0.975",1.37914822258602
"2021-06-23","7 day R","2021-03-10","DE","point","NA",1.18757938437006
"2021-06-23","7 day R","2021-03-10","DE","quantile","0.025",0.956379805803511
"2021-06-23","7 day R","2021-03-10","DE","quantile","0.975",1.41815081882107
"2021-06-23","7 day R","2021-03-11","DE","point","NA",1.15512528252779
"2021-06-23","7 day R","2021-03-11","DE","quantile","0.025",0.923100631065898
"2021-06-23","7 day R","2021-03-11","DE","quantile","0.975",1.38285036784387
"2021-06-23","7 day R","2021-03-12","DE","point","NA",1.20394967988184
"2021-06-23","7 day R","2021-03-12","DE","quantile","0.025",0.97160887193982
"2021-06-23","7 day R","2021-03-12","DE","quantile","0.975",1.43454546824963
"2021-06-23","7 day R","2021-03-13","DE","point","NA",1.2464889073755
"2021-06-23","7 day R","2021-03-13","DE","quantile","0.025",1.01629457565398
"2021-06-23","7 day R","2021-03-13","DE","quantile","0.975",1.47702184124495
"2021-06-23","7 day R","2021-03-14","DE","point","NA",1.28333118967062
"2021-06-23","7 day R","2021-03-14","DE","quantile","0.025",1.05185527886618
"2021-06-23","7 day R","2021-03-14","DE","quantile","0.975",1.51457259765908
"2021-06-23","7 day R","2021-03-15","DE","point","NA",1.29708114257674
"2021-06-23","7 day R","2021-03-15","DE","quantile","0.025",1.06105382178097
"2021-06-23","7 day R","2021-03-15","DE","quantile","0.975",1.52943042388276
"2021-06-23","7 day R","2021-03-16","DE","point","NA",1.31451113509571
"2021-06-23","7 day R","2021-03-16","DE","quantile","0.025",1.08042323875077
"2021-06-23","7 day R","2021-03-16","DE","quantile","0.975",1.54920406546477
"2021-06-23","7 day R","2021-03-17","DE","point","NA",1.30142346758794
"2021-06-23","7 day R","2021-03-17","DE","quantile","0.025",1.06848393045733
"2021-06-23","7 day R","2021-03-17","DE","quantile","0.975",1.5358177477472
"2021-06-23","7 day R","2021-03-18","DE","point","NA",1.36569295675817
"2021-06-23","7 day R","2021-03-18","DE","quantile","0.025",1.13236648138143
"2021-06-23","7 day R","2021-03-18","DE","quantile","0.975",1.60035023109209
"2021-06-23","7 day R","2021-03-19","DE","point","NA",1.33619157536182
"2021-06-23","7 day R","2021-03-19","DE","quantile","0.025",1.10177616392512
"2021-06-23","7 day R","2021-03-19","DE","quantile","0.975",1.56638167929268
"2021-06-23","7 day R","2021-03-20","DE","point","NA",1.30771415872219
"2021-06-23","7 day R","2021-03-20","DE","quantile","0.025",1.07605176051624
"2021-06-23","7 day R","2021-03-20","DE","quantile","0.975",1.53865039026861
"2021-06-23","7 day R","2021-03-21","DE","point","NA",1.28081366033455
"2021-06-23","7 day R","2021-03-21","DE","quantile","0.025",1.04910844295012
"2021-06-23","7 day R","2021-03-21","DE","quantile","0.975",1.50977446166391
"2021-06-23","7 day R","2021-03-22","DE","point","NA",1.29912433471687
"2021-06-23","7 day R","2021-03-22","DE","quantile","0.025",1.06927531269662
"2021-06-23","7 day R","2021-03-22","DE","quantile","0.975",1.53295508258314
"2021-06-23","7 day R","2021-03-23","DE","point","NA",1.32160538937423
"2021-06-23","7 day R","2021-03-23","DE","quantile","0.025",1.08876215829398
"2021-06-23","7 day R","2021-03-23","DE","quantile","0.975",1.55568366872168
"2021-06-23","7 day R","2021-03-24","DE","point","NA",1.3192442359727
"2021-06-23","7 day R","2021-03-24","DE","quantile","0.025",1.08308049460226
"2021-06-23","7 day R","2021-03-24","DE","quantile","0.975",1.55130410709909
"2021-06-23","7 day R","2021-03-25","DE","point","NA",1.29254212526436
"2021-06-23","7 day R","2021-03-25","DE","quantile","0.025",1.0578778444712
"2021-06-23","7 day R","2021-03-25","DE","quantile","0.975",1.52359050204644
"2021-06-23","7 day R","2021-03-26","DE","point","NA",1.275567533137
"2021-06-23","7 day R","2021-03-26","DE","quantile","0.025",1.04370075758139
"2021-06-23","7 day R","2021-03-26","DE","quantile","0.975",1.50885863016284
"2021-06-23","7 day R","2021-03-27","DE","point","NA",1.24760618685098
"2021-06-23","7 day R","2021-03-27","DE","quantile","0.025",1.01258406748698
"2021-06-23","7 day R","2021-03-27","DE","quantile","0.975",1.47980778730332
"2021-06-23","7 day R","2021-03-28","DE","point","NA",1.2075579093249
"2021-06-23","7 day R","2021-03-28","DE","quantile","0.025",0.973203539823935
"2021-06-23","7 day R","2021-03-28","DE","quantile","0.975",1.44403520772622
"2021-06-23","7 day R","2021-03-29","DE","point","NA",1.19781927451029
"2021-06-23","7 day R","2021-03-29","DE","quantile","0.025",0.967653148478405
"2021-06-23","7 day R","2021-03-29","DE","quantile","0.975",1.43313090659764
"2021-06-23","7 day R","2021-03-30","DE","point","NA",1.18378996949044
"2021-06-23","7 day R","2021-03-30","DE","quantile","0.025",0.95086943844729
"2021-06-23","7 day R","2021-03-30","DE","quantile","0.975",1.41961396548286
"2021-06-23","7 day R","2021-03-31","DE","point","NA",1.14168679814495
"2021-06-23","7 day R","2021-03-31","DE","quantile","0.025",0.909917261071295
"2021-06-23","7 day R","2021-03-31","DE","quantile","0.975",1.3738899501539
"2021-06-23","7 day R","2021-04-01","DE","point","NA",1.09593003412119
"2021-06-23","7 day R","2021-04-01","DE","quantile","0.025",0.863457345581182
"2021-06-23","7 day R","2021-04-01","DE","quantile","0.975",1.33017626607331
"2021-06-23","7 day R","2021-04-02","DE","point","NA",1.05338321883902
"2021-06-23","7 day R","2021-04-02","DE","quantile","0.025",0.817186544487007
"2021-06-23","7 day R","2021-04-02","DE","quantile","0.975",1.28806042135563
"2021-06-23","7 day R","2021-04-03","DE","point","NA",1.03081931122586
"2021-06-23","7 day R","2021-04-03","DE","quantile","0.025",0.791461096172252
"2021-06-23","7 day R","2021-04-03","DE","quantile","0.975",1.26473589543137
"2021-06-23","7 day R","2021-04-04","DE","point","NA",1.05904119517074
"2021-06-23","7 day R","2021-04-04","DE","quantile","0.025",0.821628426820861
"2021-06-23","7 day R","2021-04-04","DE","quantile","0.975",1.28910456828307
"2021-06-23","7 day R","2021-04-05","DE","point","NA",1.05887382165192
"2021-06-23","7 day R","2021-04-05","DE","quantile","0.025",0.819701433495432
"2021-06-23","7 day R","2021-04-05","DE","quantile","0.975",1.28839843178489
"2021-06-23","7 day R","2021-04-06","DE","point","NA",1.07726875933818
"2021-06-23","7 day R","2021-04-06","DE","quantile","0.025",0.842932430109499
"2021-06-23","7 day R","2021-04-06","DE","quantile","0.975",1.30852295421454
"2021-06-23","7 day R","2021-04-07","DE","point","NA",1.16282080250143
"2021-06-23","7 day R","2021-04-07","DE","quantile","0.025",0.933927006358854
"2021-06-23","7 day R","2021-04-07","DE","quantile","0.975",1.39582844538204
"2021-06-23","7 day R","2021-04-08","DE","point","NA",1.20288672939172
"2021-06-23","7 day R","2021-04-08","DE","quantile","0.025",0.969520990747508
"2021-06-23","7 day R","2021-04-08","DE","quantile","0.975",1.43605756123418
"2021-06-23","7 day R","2021-04-09","DE","point","NA",1.21763542741209
"2021-06-23","7 day R","2021-04-09","DE","quantile","0.025",0.987212604733991
"2021-06-23","7 day R","2021-04-09","DE","quantile","0.975",1.45124965212053
"2021-06-23","7 day R","2021-04-10","DE","point","NA",1.21442835150106
"2021-06-23","7 day R","2021-04-10","DE","quantile","0.025",0.982181389703388
"2021-06-23","7 day R","2021-04-10","DE","quantile","0.975",1.44865202801502
"2021-06-23","7 day R","2021-04-11","DE","point","NA",1.20446709759354
"2021-06-23","7 day R","2021-04-11","DE","quantile","0.025",0.971891729947283
"2021-06-23","7 day R","2021-04-11","DE","quantile","0.975",1.43950477505677
"2021-06-23","7 day R","2021-04-12","DE","point","NA",1.22134630632925
"2021-06-23","7 day R","2021-04-12","DE","quantile","0.025",0.985842837990874
"2021-06-23","7 day R","2021-04-12","DE","quantile","0.975",1.45684258564007
"2021-06-23","7 day R","2021-04-13","DE","point","NA",1.23263083825016
"2021-06-23","7 day R","2021-04-13","DE","quantile","0.025",0.999007734836242
"2021-06-23","7 day R","2021-04-13","DE","quantile","0.975",1.46883644144093
"2021-06-23","7 day R","2021-04-14","DE","point","NA",1.21137820780313
"2021-06-23","7 day R","2021-04-14","DE","quantile","0.025",0.978921154639624
"2021-06-23","7 day R","2021-04-14","DE","quantile","0.975",1.44557879837254
"2021-06-23","7 day R","2021-04-15","DE","point","NA",1.17945888411144
"2021-06-23","7 day R","2021-04-15","DE","quantile","0.025",0.946057614148365
"2021-06-23","7 day R","2021-04-15","DE","quantile","0.975",1.41123680014093
"2021-06-23","7 day R","2021-04-16","DE","point","NA",1.16008334642886
"2021-06-23","7 day R","2021-04-16","DE","quantile","0.025",0.925972791016318
"2021-06-23","7 day R","2021-04-16","DE","quantile","0.975",1.39149822728681
"2021-06-23","7 day R","2021-04-17","DE","point","NA",1.13820624424387
"2021-06-23","7 day R","2021-04-17","DE","quantile","0.025",0.903553279421182
"2021-06-23","7 day R","2021-04-17","DE","quantile","0.975",1.37272596583566
"2021-06-23","7 day R","2021-04-18","DE","point","NA",1.11186182307346
"2021-06-23","7 day R","2021-04-18","DE","quantile","0.025",0.877689963326562
"2021-06-23","7 day R","2021-04-18","DE","quantile","0.975",1.34551128682296
"2021-06-23","7 day R","2021-04-19","DE","point","NA",1.11812915597589
"2021-06-23","7 day R","2021-04-19","DE","quantile","0.025",0.885584381183517
"2021-06-23","7 day R","2021-04-19","DE","quantile","0.975",1.35218042561402
"2021-06-23","7 day R","2021-04-20","DE","point","NA",1.12107115337953
"2021-06-23","7 day R","2021-04-20","DE","quantile","0.025",0.890053499631455
"2021-06-23","7 day R","2021-04-20","DE","quantile","0.975",1.35642311666192
"2021-06-23","7 day R","2021-04-21","DE","point","NA",1.09998320151696
"2021-06-23","7 day R","2021-04-21","DE","quantile","0.025",0.865833744572349
"2021-06-23","7 day R","2021-04-21","DE","quantile","0.975",1.33549465098531
"2021-06-23","7 day R","2021-04-22","DE","point","NA",1.09437819653459
"2021-06-23","7 day R","2021-04-22","DE","quantile","0.025",0.858046202402869
"2021-06-23","7 day R","2021-04-22","DE","quantile","0.975",1.33090788710667
"2021-06-23","7 day R","2021-04-23","DE","point","NA",1.07092514448019
"2021-06-23","7 day R","2021-04-23","DE","quantile","0.025",0.834616521855646
"2021-06-23","7 day R","2021-04-23","DE","quantile","0.975",1.3064327112038
"2021-06-23","7 day R","2021-04-24","DE","point","NA",1.04702821022077
"2021-06-23","7 day R","2021-04-24","DE","quantile","0.025",0.812044474847495
"2021-06-23","7 day R","2021-04-24","DE","quantile","0.975",1.28290810479705
"2021-06-23","7 day R","2021-04-25","DE","point","NA",1.04053892021595
"2021-06-23","7 day R","2021-04-25","DE","quantile","0.025",0.809480809809165
"2021-06-23","7 day R","2021-04-25","DE","quantile","0.975",1.27290494382343
"2021-06-23","7 day R","2021-04-26","DE","point","NA",1.00896458112804
"2021-06-23","7 day R","2021-04-26","DE","quantile","0.025",0.777751601354468
"2021-06-23","7 day R","2021-04-26","DE","quantile","0.975",1.24167492545127
"2021-06-23","7 day R","2021-04-27","DE","point","NA",0.99199627678114
"2021-06-23","7 day R","2021-04-27","DE","quantile","0.025",0.757726040856203
"2021-06-23","7 day R","2021-04-27","DE","quantile","0.975",1.22551272902845
"2021-06-23","7 day R","2021-04-28","DE","point","NA",0.975546150826412
"2021-06-23","7 day R","2021-04-28","DE","quantile","0.025",0.742854501211986
"2021-06-23","7 day R","2021-04-28","DE","quantile","0.975",1.21150453924284
"2021-06-23","7 day R","2021-04-29","DE","point","NA",0.944948821315154
"2021-06-23","7 day R","2021-04-29","DE","quantile","0.025",0.708820440927506
"2021-06-23","7 day R","2021-04-29","DE","quantile","0.975",1.1789658336615
"2021-06-23","7 day R","2021-04-30","DE","point","NA",0.921819400790733
"2021-06-23","7 day R","2021-04-30","DE","quantile","0.025",0.684427650767652
"2021-06-23","7 day R","2021-04-30","DE","quantile","0.975",1.15588941737843
"2021-06-23","7 day R","2021-05-01","DE","point","NA",0.914981524750015
"2021-06-23","7 day R","2021-05-01","DE","quantile","0.025",0.683029060433171
"2021-06-23","7 day R","2021-05-01","DE","quantile","0.975",1.14813976448555
"2021-06-23","7 day R","2021-05-02","DE","point","NA",0.8983194568786
"2021-06-23","7 day R","2021-05-02","DE","quantile","0.025",0.668451549869604
"2021-06-23","7 day R","2021-05-02","DE","quantile","0.975",1.12962422053727
"2021-06-23","7 day R","2021-05-03","DE","point","NA",0.878373527833002
"2021-06-23","7 day R","2021-05-03","DE","quantile","0.025",0.646945873306826
"2021-06-23","7 day R","2021-05-03","DE","quantile","0.975",1.1096083385209
"2021-06-23","7 day R","2021-05-04","DE","point","NA",0.865775594172912
"2021-06-23","7 day R","2021-05-04","DE","quantile","0.025",0.634365671889977
"2021-06-23","7 day R","2021-05-04","DE","quantile","0.975",1.1002694026588
"2021-06-23","7 day R","2021-05-05","DE","point","NA",0.84351481371788
"2021-06-23","7 day R","2021-05-05","DE","quantile","0.025",0.614286267289494
"2021-06-23","7 day R","2021-05-05","DE","quantile","0.975",1.07274471595445
"2021-06-23","7 day R","2021-05-06","DE","point","NA",0.808555224942195
"2021-06-23","7 day R","2021-05-06","DE","quantile","0.025",0.578851128614442
"2021-06-23","7 day R","2021-05-06","DE","quantile","0.975",1.03731518495249
"2021-06-23","7 day R","2021-05-07","DE","point","NA",0.783606546598061
"2021-06-23","7 day R","2021-05-07","DE","quantile","0.025",0.553672131687674
"2021-06-23","7 day R","2021-05-07","DE","quantile","0.975",1.01202216778207
"2021-06-23","7 day R","2021-05-08","DE","point","NA",0.756418459230931
"2021-06-23","7 day R","2021-05-08","DE","quantile","0.025",0.523741631181965
"2021-06-23","7 day R","2021-05-08","DE","quantile","0.975",0.987019786297484
"2021-06-23","7 day R","2021-05-09","DE","point","NA",0.728563962892136
"2021-06-23","7 day R","2021-05-09","DE","quantile","0.025",0.496796737558564
"2021-06-23","7 day R","2021-05-09","DE","quantile","0.975",0.959278268383876
"2021-06-23","7 day R","2021-05-10","DE","point","NA",0.723238053004912
"2021-06-23","7 day R","2021-05-10","DE","quantile","0.025",0.492626187398801
"2021-06-23","7 day R","2021-05-10","DE","quantile","0.975",0.957296882324236
"2021-06-23","7 day R","2021-05-11","DE","point","NA",0.707594186088417
"2021-06-23","7 day R","2021-05-11","DE","quantile","0.025",0.47638472000811
"2021-06-23","7 day R","2021-05-11","DE","quantile","0.975",0.940908855164944
"2021-06-23","7 day R","2021-05-12","DE","point","NA",0.667955635244441
"2021-06-23","7 day R","2021-05-12","DE","quantile","0.025",0.435068234421856
"2021-06-23","7 day R","2021-05-12","DE","quantile","0.975",0.899441351302911
"2021-06-23","7 day R","2021-05-13","DE","point","NA",0.667008655253638
"2021-06-23","7 day R","2021-05-13","DE","quantile","0.025",0.435255066958086
"2021-06-23","7 day R","2021-05-13","DE","quantile","0.975",0.898889209323229
"2021-06-23","7 day R","2021-05-14","DE","point","NA",0.670328709838445
"2021-06-23","7 day R","2021-05-14","DE","quantile","0.025",0.439859548048477
"2021-06-23","7 day R","2021-05-14","DE","quantile","0.975",0.901902087824498
"2021-06-23","7 day R","2021-05-15","DE","point","NA",0.673845709029024
"2021-06-23","7 day R","2021-05-15","DE","quantile","0.025",0.445089997408104
"2021-06-23","7 day R","2021-05-15","DE","quantile","0.975",0.905676977232836
"2021-06-23","7 day R","2021-05-16","DE","point","NA",0.681374504801531
"2021-06-23","7 day R","2021-05-16","DE","quantile","0.025",0.448642457011902
"2021-06-23","7 day R","2021-05-16","DE","quantile","0.975",0.916486145791452
"2021-06-23","7 day R","2021-05-17","DE","point","NA",0.670644984687566
"2021-06-23","7 day R","2021-05-17","DE","quantile","0.025",0.439126048605978
"2021-06-23","7 day R","2021-05-17","DE","quantile","0.975",0.9028732776788
"2021-06-23","7 day R","2021-05-18","DE","point","NA",0.654324067636662
"2021-06-23","7 day R","2021-05-18","DE","quantile","0.025",0.421055134398862
"2021-06-23","7 day R","2021-05-18","DE","quantile","0.975",0.886576146738292
"2021-06-23","7 day R","2021-05-19","DE","point","NA",0.654624862997327
"2021-06-23","7 day R","2021-05-19","DE","quantile","0.025",0.421218279139714
"2021-06-23","7 day R","2021-05-19","DE","quantile","0.975",0.887990885907801
"2021-06-23","7 day R","2021-05-20","DE","point","NA",0.640446867964846
"2021-06-23","7 day R","2021-05-20","DE","quantile","0.025",0.410231346214332
"2021-06-23","7 day R","2021-05-20","DE","quantile","0.975",0.875021338143347
"2021-06-23","7 day R","2021-05-21","DE","point","NA",0.624516750652395
"2021-06-23","7 day R","2021-05-21","DE","quantile","0.025",0.391290860893884
"2021-06-23","7 day R","2021-05-21","DE","quantile","0.975",0.858114050247571
"2021-06-23","7 day R","2021-05-22","DE","point","NA",0.606986076400003
"2021-06-23","7 day R","2021-05-22","DE","quantile","0.025",0.372826444345861
"2021-06-23","7 day R","2021-05-22","DE","quantile","0.975",0.839823166795326
"2021-06-23","7 day R","2021-05-23","DE","point","NA",0.582702596208023
"2021-06-23","7 day R","2021-05-23","DE","quantile","0.025",0.350412881763922
"2021-06-23","7 day R","2021-05-23","DE","quantile","0.975",0.814818831751827
"2021-06-23","7 day R","2021-05-24","DE","point","NA",0.549679333741076
"2021-06-23","7 day R","2021-05-24","DE","quantile","0.025",0.31338520204192
"2021-06-23","7 day R","2021-05-24","DE","quantile","0.975",0.780036891148608
"2021-06-23","7 day R","2021-05-25","DE","point","NA",0.521404573504391
"2021-06-23","7 day R","2021-05-25","DE","quantile","0.025",0.289011198619451
"2021-06-23","7 day R","2021-05-25","DE","quantile","0.975",0.755366252673969
"2021-06-23","7 day R","2021-05-26","DE","point","NA",0.519844586588528
"2021-06-23","7 day R","2021-05-26","DE","quantile","0.025",0.290085057371128
"2021-06-23","7 day R","2021-05-26","DE","quantile","0.975",0.752102838157371
"2021-06-23","7 day R","2021-05-27","DE","point","NA",0.54001271555484
"2021-06-23","7 day R","2021-05-27","DE","quantile","0.025",0.306994111050249
"2021-06-23","7 day R","2021-05-27","DE","quantile","0.975",0.770249574499436
"2021-06-23","7 day R","2021-05-28","DE","point","NA",0.554929697716479
"2021-06-23","7 day R","2021-05-28","DE","quantile","0.025",0.321225499936217
"2021-06-23","7 day R","2021-05-28","DE","quantile","0.975",0.787612688939155
"2021-06-23","7 day R","2021-05-29","DE","point","NA",0.558022389239062
"2021-06-23","7 day R","2021-05-29","DE","quantile","0.025",0.323674163716803
"2021-06-23","7 day R","2021-05-29","DE","quantile","0.975",0.788676671308563
"2021-06-23","7 day R","2021-05-30","DE","point","NA",0.550538034838977
"2021-06-23","7 day R","2021-05-30","DE","quantile","0.025",0.317837353328443
"2021-06-23","7 day R","2021-05-30","DE","quantile","0.975",0.785632946439996
"2021-06-23","7 day R","2021-05-31","DE","point","NA",0.537416922267155
"2021-06-23","7 day R","2021-05-31","DE","quantile","0.025",0.306905254756008
"2021-06-23","7 day R","2021-05-31","DE","quantile","0.975",0.773286394417062
"2021-06-23","7 day R","2021-06-01","DE","point","NA",0.522498059160851
"2021-06-23","7 day R","2021-06-01","DE","quantile","0.025",0.293514337554207
"2021-06-23","7 day R","2021-06-01","DE","quantile","0.975",0.753794153843323
"2021-06-23","7 day R","2021-06-02","DE","point","NA",0.513694912458405
"2021-06-23","7 day R","2021-06-02","DE","quantile","0.025",0.282061424635845
"2021-06-23","7 day R","2021-06-02","DE","quantile","0.975",0.744168133649649
"2021-06-23","7 day R","2021-06-03","DE","point","NA",0.499900469870289
"2021-06-23","7 day R","2021-06-03","DE","quantile","0.025",0.265366711967793
"2021-06-23","7 day R","2021-06-03","DE","quantile","0.975",0.731882560475655
"2021-06-23","7 day R","2021-06-04","DE","point","NA",0.4943065110848
"2021-06-23","7 day R","2021-06-04","DE","quantile","0.025",0.263179640098947
"2021-06-23","7 day R","2021-06-04","DE","quantile","0.975",0.727607254840467
"2021-06-23","7 day R","2021-06-05","DE","point","NA",0.494454742207753
"2021-06-23","7 day R","2021-06-05","DE","quantile","0.025",0.260220706649383
"2021-06-23","7 day R","2021-06-05","DE","quantile","0.975",0.727578329188308
"2021-06-23","7 day R","2021-06-06","DE","point","NA",0.496604152672617
"2021-06-23","7 day R","2021-06-06","DE","quantile","0.025",0.262220198169487
"2021-06-23","7 day R","2021-06-06","DE","quantile","0.975",0.732605155054759
"2021-06-23","7 day R","2021-06-07","DE","point","NA",0.492787850945877
"2021-06-23","7 day R","2021-06-07","DE","quantile","0.025",0.259190026912074
"2021-06-23","7 day R","2021-06-07","DE","quantile","0.975",0.727050530032
"2021-06-23","7 day R","2021-06-08","DE","point","NA",0.487065826527016
"2021-06-23","7 day R","2021-06-08","DE","quantile","0.025",0.254005184787095
"2021-06-23","7 day R","2021-06-08","DE","quantile","0.975",0.720119893820309
"2021-06-23","7 day R","2021-06-09","DE","point","NA",0.479326275894927
"2021-06-23","7 day R","2021-06-09","DE","quantile","0.025",0.24776453726643
"2021-06-23","7 day R","2021-06-09","DE","quantile","0.975",0.713777480471
"2021-06-23","7 day R","2021-06-10","DE","point","NA",0.468736274280026
"2021-06-23","7 day R","2021-06-10","DE","quantile","0.025",0.235239020287686
"2021-06-23","7 day R","2021-06-10","DE","quantile","0.975",0.703424258362576
"2021-06-23","7 day R","2021-06-11","DE","point","NA",0.455336594387798
"2021-06-23","7 day R","2021-06-11","DE","quantile","0.025",0.219658777022818
"2021-06-23","7 day R","2021-06-11","DE","quantile","0.975",0.688451392194371
"2021-06-23","7 day R","2021-06-12","DE","point","NA",0.440047251076891
"2021-06-23","7 day R","2021-06-12","DE","quantile","0.025",0.205348135129711
"2021-06-23","7 day R","2021-06-12","DE","quantile","0.975",0.67120359715959
"2021-06-23","7 day R","2021-06-13","DE","point","NA",0.425303967821065
"2021-06-23","7 day R","2021-06-13","DE","quantile","0.025",0.19191620187024
"2021-06-23","7 day R","2021-06-13","DE","quantile","0.975",0.6559667319059
"2021-06-23","7 day R","2021-06-14","DE","point","NA",0.408640014544225
"2021-06-23","7 day R","2021-06-14","DE","quantile","0.025",0.178251048818017
"2021-06-23","7 day R","2021-06-14","DE","quantile","0.975",0.640204400644402
"2021-06-23","7 day R","2021-06-15","DE","point","NA",0.387169669738128
"2021-06-23","7 day R","2021-06-15","DE","quantile","0.025",0.156728308370045
"2021-06-23","7 day R","2021-06-15","DE","quantile","0.975",0.618806422809383
"2021-06-23","7 day R","2021-06-16","DE","point","NA",0.366767417502662
"2021-06-23","7 day R","2021-06-16","DE","quantile","0.025",0.130919635345123
"2021-06-23","7 day R","2021-06-16","DE","quantile","0.975",0.59917316733164
"2021-06-23","7 day R","2021-06-17","DE","point","NA",0.357512942058729
"2021-06-23","7 day R","2021-06-17","DE","quantile","0.025",0.118793305424816
"2021-06-23","7 day R","2021-06-17","DE","quantile","0.975",0.594897043453686
"2021-06-23","7 day R","2021-06-18","DE","point","NA",0.363846126681909
"2021-06-23","7 day R","2021-06-18","DE","quantile","0.025",0.11737461565795
"2021-06-23","7 day R","2021-06-18","DE","quantile","0.975",0.61244063236865
"2021-06-23","7 day R","2021-06-19","DE","point","NA",0.375410802866639
"2021-06-23","7 day R","2021-06-19","DE","quantile","0.025",0.115515011358645
"2021-06-23","7 day R","2021-06-19","DE","quantile","0.975",0.637254133580505
"2021-06-23","7 day R","2021-06-20","DE","point","NA",0.382585579899515
"2021-06-23","7 day R","2021-06-20","DE","quantile","0.025",0.0998040144722848
"2021-06-23","7 day R","2021-06-20","DE","quantile","0.975",0.667813514550432
"2021-06-23","7 day R","2021-06-21","DE","point","NA",0.386427129447586
"2021-06-23","7 day R","2021-06-21","DE","quantile","0.025",0.0650882778929211
"2021-06-23","7 day R","2021-06-21","DE","quantile","0.975",0.705550868415752
