"data_version","target","date","location","type","quantile","value"
"2021-06-09","5 day R","2020-03-02","DE","point","NA",2.34406500546452
"2021-06-09","5 day R","2020-03-02","DE","quantile","0.025",2.02643344276457
"2021-06-09","5 day R","2020-03-02","DE","quantile","0.975",2.66584719507606
"2021-06-09","5 day R","2020-03-03","DE","point","NA",2.35811676811181
"2021-06-09","5 day R","2020-03-03","DE","quantile","0.025",2.0605577058792
"2021-06-09","5 day R","2020-03-03","DE","quantile","0.975",2.65686318479024
"2021-06-09","5 day R","2020-03-04","DE","point","NA",2.38912656401483
"2021-06-09","5 day R","2020-03-04","DE","quantile","0.025",2.1026542887654
"2021-06-09","5 day R","2020-03-04","DE","quantile","0.975",2.67735997765317
"2021-06-09","5 day R","2020-03-05","DE","point","NA",2.42272582968062
"2021-06-09","5 day R","2020-03-05","DE","quantile","0.025",2.14450348885209
"2021-06-09","5 day R","2020-03-05","DE","quantile","0.975",2.70513598041716
"2021-06-09","5 day R","2020-03-06","DE","point","NA",2.38507044040643
"2021-06-09","5 day R","2020-03-06","DE","quantile","0.025",2.11978570181354
"2021-06-09","5 day R","2020-03-06","DE","quantile","0.975",2.65689620055711
"2021-06-09","5 day R","2020-03-07","DE","point","NA",2.36806866559803
"2021-06-09","5 day R","2020-03-07","DE","quantile","0.025",2.10999348352699
"2021-06-09","5 day R","2020-03-07","DE","quantile","0.975",2.63047444274564
"2021-06-09","5 day R","2020-03-08","DE","point","NA",2.35883706750314
"2021-06-09","5 day R","2020-03-08","DE","quantile","0.025",2.1076360162894
"2021-06-09","5 day R","2020-03-08","DE","quantile","0.975",2.61992117321984
"2021-06-09","5 day R","2020-03-09","DE","point","NA",2.34736176055259
"2021-06-09","5 day R","2020-03-09","DE","quantile","0.025",2.09797836721455
"2021-06-09","5 day R","2020-03-09","DE","quantile","0.975",2.60435889921215
"2021-06-09","5 day R","2020-03-10","DE","point","NA",2.35209904066754
"2021-06-09","5 day R","2020-03-10","DE","quantile","0.025",2.09964105734366
"2021-06-09","5 day R","2020-03-10","DE","quantile","0.975",2.60885333327137
"2021-06-09","5 day R","2020-03-11","DE","point","NA",2.35636539757261
"2021-06-09","5 day R","2020-03-11","DE","quantile","0.025",2.10498818673339
"2021-06-09","5 day R","2020-03-11","DE","quantile","0.975",2.61819009021881
"2021-06-09","5 day R","2020-03-12","DE","point","NA",2.35551125417831
"2021-06-09","5 day R","2020-03-12","DE","quantile","0.025",2.10306324781722
"2021-06-09","5 day R","2020-03-12","DE","quantile","0.975",2.61983945058503
"2021-06-09","5 day R","2020-03-13","DE","point","NA",2.39747467270135
"2021-06-09","5 day R","2020-03-13","DE","quantile","0.025",2.12953199096614
"2021-06-09","5 day R","2020-03-13","DE","quantile","0.975",2.68179906913889
"2021-06-09","5 day R","2020-03-14","DE","point","NA",2.34772431944225
"2021-06-09","5 day R","2020-03-14","DE","quantile","0.025",2.08640338228675
"2021-06-09","5 day R","2020-03-14","DE","quantile","0.975",2.62257354411449
"2021-06-09","5 day R","2020-03-15","DE","point","NA",2.29151658775511
"2021-06-09","5 day R","2020-03-15","DE","quantile","0.025",2.0334535471223
"2021-06-09","5 day R","2020-03-15","DE","quantile","0.975",2.55732309191735
"2021-06-09","5 day R","2020-03-16","DE","point","NA",2.23414270568919
"2021-06-09","5 day R","2020-03-16","DE","quantile","0.025",1.98036773351175
"2021-06-09","5 day R","2020-03-16","DE","quantile","0.975",2.49640332882378
"2021-06-09","5 day R","2020-03-17","DE","point","NA",2.16849917047705
"2021-06-09","5 day R","2020-03-17","DE","quantile","0.025",1.92267528762202
"2021-06-09","5 day R","2020-03-17","DE","quantile","0.975",2.42606043674529
"2021-06-09","5 day R","2020-03-18","DE","point","NA",2.09393451571509
"2021-06-09","5 day R","2020-03-18","DE","quantile","0.025",1.85343513534103
"2021-06-09","5 day R","2020-03-18","DE","quantile","0.975",2.34467620828485
"2021-06-09","5 day R","2020-03-19","DE","point","NA",2.0076752396141
"2021-06-09","5 day R","2020-03-19","DE","quantile","0.025",1.7724736354739
"2021-06-09","5 day R","2020-03-19","DE","quantile","0.975",2.24938975384335
"2021-06-09","5 day R","2020-03-20","DE","point","NA",1.92591614712261
"2021-06-09","5 day R","2020-03-20","DE","quantile","0.025",1.69019049020959
"2021-06-09","5 day R","2020-03-20","DE","quantile","0.975",2.1624124770635
"2021-06-09","5 day R","2020-03-21","DE","point","NA",1.85564274811158
"2021-06-09","5 day R","2020-03-21","DE","quantile","0.025",1.62097786925692
"2021-06-09","5 day R","2020-03-21","DE","quantile","0.975",2.09041783656512
"2021-06-09","5 day R","2020-03-22","DE","point","NA",1.79130656428897
"2021-06-09","5 day R","2020-03-22","DE","quantile","0.025",1.55586635581251
"2021-06-09","5 day R","2020-03-22","DE","quantile","0.975",2.02390108764485
"2021-06-09","5 day R","2020-03-23","DE","point","NA",1.73522214782577
"2021-06-09","5 day R","2020-03-23","DE","quantile","0.025",1.50009725354275
"2021-06-09","5 day R","2020-03-23","DE","quantile","0.975",1.96994284807623
"2021-06-09","5 day R","2020-03-24","DE","point","NA",1.67046305753035
"2021-06-09","5 day R","2020-03-24","DE","quantile","0.025",1.43320578190974
"2021-06-09","5 day R","2020-03-24","DE","quantile","0.975",1.90388744551968
"2021-06-09","5 day R","2020-03-25","DE","point","NA",1.60613092017119
"2021-06-09","5 day R","2020-03-25","DE","quantile","0.025",1.36599366919388
"2021-06-09","5 day R","2020-03-25","DE","quantile","0.975",1.83589917441474
"2021-06-09","5 day R","2020-03-26","DE","point","NA",1.54987895589911
"2021-06-09","5 day R","2020-03-26","DE","quantile","0.025",1.31279476080415
"2021-06-09","5 day R","2020-03-26","DE","quantile","0.975",1.78155432136381
"2021-06-09","5 day R","2020-03-27","DE","point","NA",1.49043016887805
"2021-06-09","5 day R","2020-03-27","DE","quantile","0.025",1.25338849008534
"2021-06-09","5 day R","2020-03-27","DE","quantile","0.975",1.72234693657655
"2021-06-09","5 day R","2020-03-28","DE","point","NA",1.44256261969015
"2021-06-09","5 day R","2020-03-28","DE","quantile","0.025",1.20664056027209
"2021-06-09","5 day R","2020-03-28","DE","quantile","0.975",1.6763979857768
"2021-06-09","5 day R","2020-03-29","DE","point","NA",1.38395565980639
"2021-06-09","5 day R","2020-03-29","DE","quantile","0.025",1.14851056917371
"2021-06-09","5 day R","2020-03-29","DE","quantile","0.975",1.61778057174613
"2021-06-09","5 day R","2020-03-30","DE","point","NA",1.32993362826312
"2021-06-09","5 day R","2020-03-30","DE","quantile","0.025",1.09010502220953
"2021-06-09","5 day R","2020-03-30","DE","quantile","0.975",1.56507940154181
"2021-06-09","5 day R","2020-03-31","DE","point","NA",1.27494395625269
"2021-06-09","5 day R","2020-03-31","DE","quantile","0.025",1.03348628654168
"2021-06-09","5 day R","2020-03-31","DE","quantile","0.975",1.50746240164765
"2021-06-09","5 day R","2020-04-01","DE","point","NA",1.22149442947829
"2021-06-09","5 day R","2020-04-01","DE","quantile","0.025",0.978827492342185
"2021-06-09","5 day R","2020-04-01","DE","quantile","0.975",1.45452243572854
"2021-06-09","5 day R","2020-04-02","DE","point","NA",1.17229614661059
"2021-06-09","5 day R","2020-04-02","DE","quantile","0.025",0.928095515816755
"2021-06-09","5 day R","2020-04-02","DE","quantile","0.975",1.40762462751756
"2021-06-09","5 day R","2020-04-03","DE","point","NA",1.12731009124629
"2021-06-09","5 day R","2020-04-03","DE","quantile","0.025",0.883622669427147
"2021-06-09","5 day R","2020-04-03","DE","quantile","0.975",1.36193040661515
"2021-06-09","5 day R","2020-04-04","DE","point","NA",1.09410701867146
"2021-06-09","5 day R","2020-04-04","DE","quantile","0.025",0.853025715962559
"2021-06-09","5 day R","2020-04-04","DE","quantile","0.975",1.33000917294554
"2021-06-09","5 day R","2020-04-05","DE","point","NA",1.05997403555904
"2021-06-09","5 day R","2020-04-05","DE","quantile","0.025",0.81506142346794
"2021-06-09","5 day R","2020-04-05","DE","quantile","0.975",1.29711700562242
"2021-06-09","5 day R","2020-04-06","DE","point","NA",1.0263767051476
"2021-06-09","5 day R","2020-04-06","DE","quantile","0.025",0.784411120449785
"2021-06-09","5 day R","2020-04-06","DE","quantile","0.975",1.26410423604
"2021-06-09","5 day R","2020-04-07","DE","point","NA",0.994073277622132
"2021-06-09","5 day R","2020-04-07","DE","quantile","0.025",0.749923419336658
"2021-06-09","5 day R","2020-04-07","DE","quantile","0.975",1.23101820891679
"2021-06-09","5 day R","2020-04-08","DE","point","NA",0.959710108209253
"2021-06-09","5 day R","2020-04-08","DE","quantile","0.025",0.71301860326369
"2021-06-09","5 day R","2020-04-08","DE","quantile","0.975",1.19904027973352
"2021-06-09","5 day R","2020-04-09","DE","point","NA",0.926280964637522
"2021-06-09","5 day R","2020-04-09","DE","quantile","0.025",0.679804353966166
"2021-06-09","5 day R","2020-04-09","DE","quantile","0.975",1.16257602632493
"2021-06-09","5 day R","2020-04-10","DE","point","NA",0.897958065122787
"2021-06-09","5 day R","2020-04-10","DE","quantile","0.025",0.649584658114992
"2021-06-09","5 day R","2020-04-10","DE","quantile","0.975",1.13782194007633
"2021-06-09","5 day R","2020-04-11","DE","point","NA",0.881496033658826
"2021-06-09","5 day R","2020-04-11","DE","quantile","0.025",0.634735341437178
"2021-06-09","5 day R","2020-04-11","DE","quantile","0.975",1.12148098162851
"2021-06-09","5 day R","2020-04-12","DE","point","NA",0.866756236239082
"2021-06-09","5 day R","2020-04-12","DE","quantile","0.025",0.619889569287919
"2021-06-09","5 day R","2020-04-12","DE","quantile","0.975",1.10463890534499
"2021-06-09","5 day R","2020-04-13","DE","point","NA",0.85088107940454
"2021-06-09","5 day R","2020-04-13","DE","quantile","0.025",0.605622247420329
"2021-06-09","5 day R","2020-04-13","DE","quantile","0.975",1.09094525818748
"2021-06-09","5 day R","2020-04-14","DE","point","NA",0.833854169540954
"2021-06-09","5 day R","2020-04-14","DE","quantile","0.025",0.59016858744132
"2021-06-09","5 day R","2020-04-14","DE","quantile","0.975",1.07173596251749
"2021-06-09","5 day R","2020-04-15","DE","point","NA",0.823781300480361
"2021-06-09","5 day R","2020-04-15","DE","quantile","0.025",0.579918599130173
"2021-06-09","5 day R","2020-04-15","DE","quantile","0.975",1.0641478090484
"2021-06-09","5 day R","2020-04-16","DE","point","NA",0.813394204613584
"2021-06-09","5 day R","2020-04-16","DE","quantile","0.025",0.571101644388946
"2021-06-09","5 day R","2020-04-16","DE","quantile","0.975",1.0525366729854
"2021-06-09","5 day R","2020-04-17","DE","point","NA",0.808577479331528
"2021-06-09","5 day R","2020-04-17","DE","quantile","0.025",0.566912128487447
"2021-06-09","5 day R","2020-04-17","DE","quantile","0.975",1.04256572532978
"2021-06-09","5 day R","2020-04-18","DE","point","NA",0.80477573903247
"2021-06-09","5 day R","2020-04-18","DE","quantile","0.025",0.564960266373095
"2021-06-09","5 day R","2020-04-18","DE","quantile","0.975",1.04220288165176
"2021-06-09","5 day R","2020-04-19","DE","point","NA",0.801253981790147
"2021-06-09","5 day R","2020-04-19","DE","quantile","0.025",0.562919219923255
"2021-06-09","5 day R","2020-04-19","DE","quantile","0.975",1.03584583563871
"2021-06-09","5 day R","2020-04-20","DE","point","NA",0.79522972292026
"2021-06-09","5 day R","2020-04-20","DE","quantile","0.025",0.558682174294781
"2021-06-09","5 day R","2020-04-20","DE","quantile","0.975",1.02903563887129
"2021-06-09","5 day R","2020-04-21","DE","point","NA",0.784654775728785
"2021-06-09","5 day R","2020-04-21","DE","quantile","0.025",0.544543535211598
"2021-06-09","5 day R","2020-04-21","DE","quantile","0.975",1.01939062994725
"2021-06-09","5 day R","2020-04-22","DE","point","NA",0.779231420348288
"2021-06-09","5 day R","2020-04-22","DE","quantile","0.025",0.541830724125239
"2021-06-09","5 day R","2020-04-22","DE","quantile","0.975",1.01186153716873
"2021-06-09","5 day R","2020-04-23","DE","point","NA",0.773152832773799
"2021-06-09","5 day R","2020-04-23","DE","quantile","0.025",0.536396221143462
"2021-06-09","5 day R","2020-04-23","DE","quantile","0.975",1.00602277820667
"2021-06-09","5 day R","2020-04-24","DE","point","NA",0.766612167729108
"2021-06-09","5 day R","2020-04-24","DE","quantile","0.025",0.528535024373134
"2021-06-09","5 day R","2020-04-24","DE","quantile","0.975",1.00099908906162
"2021-06-09","5 day R","2020-04-25","DE","point","NA",0.767382864811286
"2021-06-09","5 day R","2020-04-25","DE","quantile","0.025",0.526912617549232
"2021-06-09","5 day R","2020-04-25","DE","quantile","0.975",1.00145628851252
"2021-06-09","5 day R","2020-04-26","DE","point","NA",0.766731044264761
"2021-06-09","5 day R","2020-04-26","DE","quantile","0.025",0.526413997197503
"2021-06-09","5 day R","2020-04-26","DE","quantile","0.975",1.00197255391179
"2021-06-09","5 day R","2020-04-27","DE","point","NA",0.763536402055648
"2021-06-09","5 day R","2020-04-27","DE","quantile","0.025",0.523794602361652
"2021-06-09","5 day R","2020-04-27","DE","quantile","0.975",0.998252901738163
"2021-06-09","5 day R","2020-04-28","DE","point","NA",0.759316109950962
"2021-06-09","5 day R","2020-04-28","DE","quantile","0.025",0.523853494720486
"2021-06-09","5 day R","2020-04-28","DE","quantile","0.975",0.995957152194628
"2021-06-09","5 day R","2020-04-29","DE","point","NA",0.756429335828311
"2021-06-09","5 day R","2020-04-29","DE","quantile","0.025",0.519999884321245
"2021-06-09","5 day R","2020-04-29","DE","quantile","0.975",0.993076471101255
"2021-06-09","5 day R","2020-04-30","DE","point","NA",0.752529596882236
"2021-06-09","5 day R","2020-04-30","DE","quantile","0.025",0.517967953837173
"2021-06-09","5 day R","2020-04-30","DE","quantile","0.975",0.986412735169566
"2021-06-09","5 day R","2020-05-01","DE","point","NA",0.751302610348165
"2021-06-09","5 day R","2020-05-01","DE","quantile","0.025",0.515183079311699
"2021-06-09","5 day R","2020-05-01","DE","quantile","0.975",0.982359918925162
"2021-06-09","5 day R","2020-05-02","DE","point","NA",0.757848029199749
"2021-06-09","5 day R","2020-05-02","DE","quantile","0.025",0.52262685550153
"2021-06-09","5 day R","2020-05-02","DE","quantile","0.975",0.991325796905716
"2021-06-09","5 day R","2020-05-03","DE","point","NA",0.765679654486766
"2021-06-09","5 day R","2020-05-03","DE","quantile","0.025",0.528969498725414
"2021-06-09","5 day R","2020-05-03","DE","quantile","0.975",0.999406144828129
"2021-06-09","5 day R","2020-05-04","DE","point","NA",0.773263936386366
"2021-06-09","5 day R","2020-05-04","DE","quantile","0.025",0.536116590757727
"2021-06-09","5 day R","2020-05-04","DE","quantile","0.975",1.00765825965818
"2021-06-09","5 day R","2020-05-05","DE","point","NA",0.782078079810221
"2021-06-09","5 day R","2020-05-05","DE","quantile","0.025",0.543773766087753
"2021-06-09","5 day R","2020-05-05","DE","quantile","0.975",1.01541008632853
"2021-06-09","5 day R","2020-05-06","DE","point","NA",0.790335616516983
"2021-06-09","5 day R","2020-05-06","DE","quantile","0.025",0.553134914849388
"2021-06-09","5 day R","2020-05-06","DE","quantile","0.975",1.02397295873471
"2021-06-09","5 day R","2020-05-07","DE","point","NA",0.79710838802287
"2021-06-09","5 day R","2020-05-07","DE","quantile","0.025",0.563603488922495
"2021-06-09","5 day R","2020-05-07","DE","quantile","0.975",1.03420758104676
"2021-06-09","5 day R","2020-05-08","DE","point","NA",0.79959247597439
"2021-06-09","5 day R","2020-05-08","DE","quantile","0.025",0.564685984067022
"2021-06-09","5 day R","2020-05-08","DE","quantile","0.975",1.03213386370128
"2021-06-09","5 day R","2020-05-09","DE","point","NA",0.803249619606528
"2021-06-09","5 day R","2020-05-09","DE","quantile","0.025",0.567054291823983
"2021-06-09","5 day R","2020-05-09","DE","quantile","0.975",1.03600387647
"2021-06-09","5 day R","2020-05-10","DE","point","NA",0.8056474877226
"2021-06-09","5 day R","2020-05-10","DE","quantile","0.025",0.570594456456661
"2021-06-09","5 day R","2020-05-10","DE","quantile","0.975",1.03834822454079
"2021-06-09","5 day R","2020-05-11","DE","point","NA",0.808681411814495
"2021-06-09","5 day R","2020-05-11","DE","quantile","0.025",0.574100831399679
"2021-06-09","5 day R","2020-05-11","DE","quantile","0.975",1.04381586206499
"2021-06-09","5 day R","2020-05-12","DE","point","NA",0.805371833619798
"2021-06-09","5 day R","2020-05-12","DE","quantile","0.025",0.570764599596884
"2021-06-09","5 day R","2020-05-12","DE","quantile","0.975",1.04053595563689
"2021-06-09","5 day R","2020-05-13","DE","point","NA",0.808069140225154
"2021-06-09","5 day R","2020-05-13","DE","quantile","0.025",0.574662611771654
"2021-06-09","5 day R","2020-05-13","DE","quantile","0.975",1.0412312578831
"2021-06-09","5 day R","2020-05-14","DE","point","NA",0.806515105166081
"2021-06-09","5 day R","2020-05-14","DE","quantile","0.025",0.57062282797491
"2021-06-09","5 day R","2020-05-14","DE","quantile","0.975",1.03912973256663
"2021-06-09","5 day R","2020-05-15","DE","point","NA",0.818257802122106
"2021-06-09","5 day R","2020-05-15","DE","quantile","0.025",0.582921341228655
"2021-06-09","5 day R","2020-05-15","DE","quantile","0.975",1.05468543305847
"2021-06-09","5 day R","2020-05-16","DE","point","NA",0.834480577368688
"2021-06-09","5 day R","2020-05-16","DE","quantile","0.025",0.599020591555964
"2021-06-09","5 day R","2020-05-16","DE","quantile","0.975",1.07052376783758
"2021-06-09","5 day R","2020-05-17","DE","point","NA",0.848211530336788
"2021-06-09","5 day R","2020-05-17","DE","quantile","0.025",0.614141472108779
"2021-06-09","5 day R","2020-05-17","DE","quantile","0.975",1.08264547963876
"2021-06-09","5 day R","2020-05-18","DE","point","NA",0.856993337824415
"2021-06-09","5 day R","2020-05-18","DE","quantile","0.025",0.623494050630702
"2021-06-09","5 day R","2020-05-18","DE","quantile","0.975",1.08879942943262
"2021-06-09","5 day R","2020-05-19","DE","point","NA",0.869430613721341
"2021-06-09","5 day R","2020-05-19","DE","quantile","0.025",0.634442117012699
"2021-06-09","5 day R","2020-05-19","DE","quantile","0.975",1.10646712842276
"2021-06-09","5 day R","2020-05-20","DE","point","NA",0.859812029573433
"2021-06-09","5 day R","2020-05-20","DE","quantile","0.025",0.624531438180476
"2021-06-09","5 day R","2020-05-20","DE","quantile","0.975",1.09417319128247
"2021-06-09","5 day R","2020-05-21","DE","point","NA",0.847255472206149
"2021-06-09","5 day R","2020-05-21","DE","quantile","0.025",0.610080331863956
"2021-06-09","5 day R","2020-05-21","DE","quantile","0.975",1.08301231618805
"2021-06-09","5 day R","2020-05-22","DE","point","NA",0.842531300606736
"2021-06-09","5 day R","2020-05-22","DE","quantile","0.025",0.60521265278502
"2021-06-09","5 day R","2020-05-22","DE","quantile","0.975",1.07664532254359
"2021-06-09","5 day R","2020-05-23","DE","point","NA",0.841928768988223
"2021-06-09","5 day R","2020-05-23","DE","quantile","0.025",0.604538897998314
"2021-06-09","5 day R","2020-05-23","DE","quantile","0.975",1.07649885359583
"2021-06-09","5 day R","2020-05-24","DE","point","NA",0.845494214439024
"2021-06-09","5 day R","2020-05-24","DE","quantile","0.025",0.608136917360418
"2021-06-09","5 day R","2020-05-24","DE","quantile","0.975",1.08118247749238
"2021-06-09","5 day R","2020-05-25","DE","point","NA",0.8512429400117
"2021-06-09","5 day R","2020-05-25","DE","quantile","0.025",0.61349044726013
"2021-06-09","5 day R","2020-05-25","DE","quantile","0.975",1.0861032821839
"2021-06-09","5 day R","2020-05-26","DE","point","NA",0.856333405011871
"2021-06-09","5 day R","2020-05-26","DE","quantile","0.025",0.618623790343347
"2021-06-09","5 day R","2020-05-26","DE","quantile","0.975",1.09013924881821
"2021-06-09","5 day R","2020-05-27","DE","point","NA",0.859482927386684
"2021-06-09","5 day R","2020-05-27","DE","quantile","0.025",0.623791051762759
"2021-06-09","5 day R","2020-05-27","DE","quantile","0.975",1.09425786519698
"2021-06-09","5 day R","2020-05-28","DE","point","NA",0.865217441830212
"2021-06-09","5 day R","2020-05-28","DE","quantile","0.025",0.629711176647455
"2021-06-09","5 day R","2020-05-28","DE","quantile","0.975",1.10172578222172
"2021-06-09","5 day R","2020-05-29","DE","point","NA",0.866038768981191
"2021-06-09","5 day R","2020-05-29","DE","quantile","0.025",0.629920238796473
"2021-06-09","5 day R","2020-05-29","DE","quantile","0.975",1.10094297963165
"2021-06-09","5 day R","2020-05-30","DE","point","NA",0.862401561348929
"2021-06-09","5 day R","2020-05-30","DE","quantile","0.025",0.625775959385506
"2021-06-09","5 day R","2020-05-30","DE","quantile","0.975",1.09997229392865
"2021-06-09","5 day R","2020-05-31","DE","point","NA",0.860650887215913
"2021-06-09","5 day R","2020-05-31","DE","quantile","0.025",0.620640418312406
"2021-06-09","5 day R","2020-05-31","DE","quantile","0.975",1.0982443373461
"2021-06-09","5 day R","2020-06-01","DE","point","NA",0.863351850161664
"2021-06-09","5 day R","2020-06-01","DE","quantile","0.025",0.624499312828691
"2021-06-09","5 day R","2020-06-01","DE","quantile","0.975",1.10069786143669
"2021-06-09","5 day R","2020-06-02","DE","point","NA",0.870165492667047
"2021-06-09","5 day R","2020-06-02","DE","quantile","0.025",0.627473111153639
"2021-06-09","5 day R","2020-06-02","DE","quantile","0.975",1.10784378532769
"2021-06-09","5 day R","2020-06-03","DE","point","NA",0.886238457425279
"2021-06-09","5 day R","2020-06-03","DE","quantile","0.025",0.644768527555767
"2021-06-09","5 day R","2020-06-03","DE","quantile","0.975",1.12216300021534
"2021-06-09","5 day R","2020-06-04","DE","point","NA",0.90548956420179
"2021-06-09","5 day R","2020-06-04","DE","quantile","0.025",0.66539333584417
"2021-06-09","5 day R","2020-06-04","DE","quantile","0.975",1.14276050139459
"2021-06-09","5 day R","2020-06-05","DE","point","NA",0.929589556487538
"2021-06-09","5 day R","2020-06-05","DE","quantile","0.025",0.690710343844001
"2021-06-09","5 day R","2020-06-05","DE","quantile","0.975",1.1660626327702
"2021-06-09","5 day R","2020-06-06","DE","point","NA",0.951372686744712
"2021-06-09","5 day R","2020-06-06","DE","quantile","0.025",0.715830878997363
"2021-06-09","5 day R","2020-06-06","DE","quantile","0.975",1.18733027392959
"2021-06-09","5 day R","2020-06-07","DE","point","NA",0.95727167821821
"2021-06-09","5 day R","2020-06-07","DE","quantile","0.025",0.722859038616598
"2021-06-09","5 day R","2020-06-07","DE","quantile","0.975",1.19132179667058
"2021-06-09","5 day R","2020-06-08","DE","point","NA",0.961504229445823
"2021-06-09","5 day R","2020-06-08","DE","quantile","0.025",0.72650533285118
"2021-06-09","5 day R","2020-06-08","DE","quantile","0.975",1.19317942588169
"2021-06-09","5 day R","2020-06-09","DE","point","NA",0.959867901627732
"2021-06-09","5 day R","2020-06-09","DE","quantile","0.025",0.72627840646953
"2021-06-09","5 day R","2020-06-09","DE","quantile","0.975",1.19418735600295
"2021-06-09","5 day R","2020-06-10","DE","point","NA",0.961711128650038
"2021-06-09","5 day R","2020-06-10","DE","quantile","0.025",0.725262105972859
"2021-06-09","5 day R","2020-06-10","DE","quantile","0.975",1.19513119800247
"2021-06-09","5 day R","2020-06-11","DE","point","NA",0.980931189282677
"2021-06-09","5 day R","2020-06-11","DE","quantile","0.025",0.745534404031391
"2021-06-09","5 day R","2020-06-11","DE","quantile","0.975",1.21428059030561
"2021-06-09","5 day R","2020-06-12","DE","point","NA",1.01863449028367
"2021-06-09","5 day R","2020-06-12","DE","quantile","0.025",0.786357447225087
"2021-06-09","5 day R","2020-06-12","DE","quantile","0.975",1.25069392271444
"2021-06-09","5 day R","2020-06-13","DE","point","NA",1.04381169232939
"2021-06-09","5 day R","2020-06-13","DE","quantile","0.025",0.81045501915964
"2021-06-09","5 day R","2020-06-13","DE","quantile","0.975",1.27780179368093
"2021-06-09","5 day R","2020-06-14","DE","point","NA",1.08333054521212
"2021-06-09","5 day R","2020-06-14","DE","quantile","0.025",0.848298761682291
"2021-06-09","5 day R","2020-06-14","DE","quantile","0.975",1.32065704213978
"2021-06-09","5 day R","2020-06-15","DE","point","NA",1.12118609487316
"2021-06-09","5 day R","2020-06-15","DE","quantile","0.025",0.886089629623852
"2021-06-09","5 day R","2020-06-15","DE","quantile","0.975",1.36026702639486
"2021-06-09","5 day R","2020-06-16","DE","point","NA",1.16437458964496
"2021-06-09","5 day R","2020-06-16","DE","quantile","0.025",0.924253124325976
"2021-06-09","5 day R","2020-06-16","DE","quantile","0.975",1.41152303295534
"2021-06-09","5 day R","2020-06-17","DE","point","NA",1.1878896182866
"2021-06-09","5 day R","2020-06-17","DE","quantile","0.025",0.943675614671778
"2021-06-09","5 day R","2020-06-17","DE","quantile","0.975",1.43849654091092
"2021-06-09","5 day R","2020-06-18","DE","point","NA",1.20798709733269
"2021-06-09","5 day R","2020-06-18","DE","quantile","0.025",0.964303502696386
"2021-06-09","5 day R","2020-06-18","DE","quantile","0.975",1.46196545122353
"2021-06-09","5 day R","2020-06-19","DE","point","NA",1.18013350823418
"2021-06-09","5 day R","2020-06-19","DE","quantile","0.025",0.937837628440234
"2021-06-09","5 day R","2020-06-19","DE","quantile","0.975",1.42997552543842
"2021-06-09","5 day R","2020-06-20","DE","point","NA",1.16116664921117
"2021-06-09","5 day R","2020-06-20","DE","quantile","0.025",0.926128725242866
"2021-06-09","5 day R","2020-06-20","DE","quantile","0.975",1.40881091545168
"2021-06-09","5 day R","2020-06-21","DE","point","NA",1.14556234618091
"2021-06-09","5 day R","2020-06-21","DE","quantile","0.025",0.90666446798062
"2021-06-09","5 day R","2020-06-21","DE","quantile","0.975",1.39094473367767
"2021-06-09","5 day R","2020-06-22","DE","point","NA",1.12097286677737
"2021-06-09","5 day R","2020-06-22","DE","quantile","0.025",0.883632071306309
"2021-06-09","5 day R","2020-06-22","DE","quantile","0.975",1.36181454188286
"2021-06-09","5 day R","2020-06-23","DE","point","NA",1.09444905441444
"2021-06-09","5 day R","2020-06-23","DE","quantile","0.025",0.85668857370636
"2021-06-09","5 day R","2020-06-23","DE","quantile","0.975",1.32976369367736
"2021-06-09","5 day R","2020-06-24","DE","point","NA",1.06496190227901
"2021-06-09","5 day R","2020-06-24","DE","quantile","0.025",0.828723046456556
"2021-06-09","5 day R","2020-06-24","DE","quantile","0.975",1.30050099577561
"2021-06-09","5 day R","2020-06-25","DE","point","NA",1.04106513101167
"2021-06-09","5 day R","2020-06-25","DE","quantile","0.025",0.808384630160521
"2021-06-09","5 day R","2020-06-25","DE","quantile","0.975",1.27405127707581
"2021-06-09","5 day R","2020-06-26","DE","point","NA",1.0286861536211
"2021-06-09","5 day R","2020-06-26","DE","quantile","0.025",0.795932514430909
"2021-06-09","5 day R","2020-06-26","DE","quantile","0.975",1.2608543323891
"2021-06-09","5 day R","2020-06-27","DE","point","NA",1.01295790784227
"2021-06-09","5 day R","2020-06-27","DE","quantile","0.025",0.780452690666536
"2021-06-09","5 day R","2020-06-27","DE","quantile","0.975",1.24443224847796
"2021-06-09","5 day R","2020-06-28","DE","point","NA",0.998131978008113
"2021-06-09","5 day R","2020-06-28","DE","quantile","0.025",0.762194103011519
"2021-06-09","5 day R","2020-06-28","DE","quantile","0.975",1.23149792417612
"2021-06-09","5 day R","2020-06-29","DE","point","NA",0.987265990789526
"2021-06-09","5 day R","2020-06-29","DE","quantile","0.025",0.752869947630531
"2021-06-09","5 day R","2020-06-29","DE","quantile","0.975",1.22068579205739
"2021-06-09","5 day R","2020-06-30","DE","point","NA",0.980218365852822
"2021-06-09","5 day R","2020-06-30","DE","quantile","0.025",0.745629728114718
"2021-06-09","5 day R","2020-06-30","DE","quantile","0.975",1.21295761076023
"2021-06-09","5 day R","2020-07-01","DE","point","NA",0.978651672870119
"2021-06-09","5 day R","2020-07-01","DE","quantile","0.025",0.74566759733377
"2021-06-09","5 day R","2020-07-01","DE","quantile","0.975",1.21186489936406
"2021-06-09","5 day R","2020-07-02","DE","point","NA",0.97381138671679
"2021-06-09","5 day R","2020-07-02","DE","quantile","0.025",0.739737027943826
"2021-06-09","5 day R","2020-07-02","DE","quantile","0.975",1.20764643456
"2021-06-09","5 day R","2020-07-03","DE","point","NA",0.974317311308776
"2021-06-09","5 day R","2020-07-03","DE","quantile","0.025",0.738113608470458
"2021-06-09","5 day R","2020-07-03","DE","quantile","0.975",1.20585140842445
"2021-06-09","5 day R","2020-07-04","DE","point","NA",0.980124169658624
"2021-06-09","5 day R","2020-07-04","DE","quantile","0.025",0.747716933249957
"2021-06-09","5 day R","2020-07-04","DE","quantile","0.975",1.20758586167888
"2021-06-09","5 day R","2020-07-05","DE","point","NA",0.98158572735524
"2021-06-09","5 day R","2020-07-05","DE","quantile","0.025",0.747509029442323
"2021-06-09","5 day R","2020-07-05","DE","quantile","0.975",1.21503557656928
"2021-06-09","5 day R","2020-07-06","DE","point","NA",0.979321268734898
"2021-06-09","5 day R","2020-07-06","DE","quantile","0.025",0.744498898423541
"2021-06-09","5 day R","2020-07-06","DE","quantile","0.975",1.21054879115205
"2021-06-09","5 day R","2020-07-07","DE","point","NA",0.968108881577106
"2021-06-09","5 day R","2020-07-07","DE","quantile","0.025",0.732417234456136
"2021-06-09","5 day R","2020-07-07","DE","quantile","0.975",1.20241440156529
"2021-06-09","5 day R","2020-07-08","DE","point","NA",0.965031649071421
"2021-06-09","5 day R","2020-07-08","DE","quantile","0.025",0.726313677271702
"2021-06-09","5 day R","2020-07-08","DE","quantile","0.975",1.19742040770364
"2021-06-09","5 day R","2020-07-09","DE","point","NA",0.966257534608251
"2021-06-09","5 day R","2020-07-09","DE","quantile","0.025",0.724694952131645
"2021-06-09","5 day R","2020-07-09","DE","quantile","0.975",1.20097367308019
"2021-06-09","5 day R","2020-07-10","DE","point","NA",0.979474588370579
"2021-06-09","5 day R","2020-07-10","DE","quantile","0.025",0.74064967099778
"2021-06-09","5 day R","2020-07-10","DE","quantile","0.975",1.21708321179413
"2021-06-09","5 day R","2020-07-11","DE","point","NA",0.998981498119304
"2021-06-09","5 day R","2020-07-11","DE","quantile","0.025",0.760666968656241
"2021-06-09","5 day R","2020-07-11","DE","quantile","0.975",1.23509523282541
"2021-06-09","5 day R","2020-07-12","DE","point","NA",1.01378361930304
"2021-06-09","5 day R","2020-07-12","DE","quantile","0.025",0.776331607651575
"2021-06-09","5 day R","2020-07-12","DE","quantile","0.975",1.24756788682521
"2021-06-09","5 day R","2020-07-13","DE","point","NA",1.02838281507913
"2021-06-09","5 day R","2020-07-13","DE","quantile","0.025",0.792352789197702
"2021-06-09","5 day R","2020-07-13","DE","quantile","0.975",1.26274060704702
"2021-06-09","5 day R","2020-07-14","DE","point","NA",1.04991778605598
"2021-06-09","5 day R","2020-07-14","DE","quantile","0.025",0.81478055197171
"2021-06-09","5 day R","2020-07-14","DE","quantile","0.975",1.28398085357974
"2021-06-09","5 day R","2020-07-15","DE","point","NA",1.07568343769367
"2021-06-09","5 day R","2020-07-15","DE","quantile","0.025",0.840720714894057
"2021-06-09","5 day R","2020-07-15","DE","quantile","0.975",1.31117343858184
"2021-06-09","5 day R","2020-07-16","DE","point","NA",1.09789399902984
"2021-06-09","5 day R","2020-07-16","DE","quantile","0.025",0.864048147798149
"2021-06-09","5 day R","2020-07-16","DE","quantile","0.975",1.33298061622915
"2021-06-09","5 day R","2020-07-17","DE","point","NA",1.11326492291998
"2021-06-09","5 day R","2020-07-17","DE","quantile","0.025",0.879435009097441
"2021-06-09","5 day R","2020-07-17","DE","quantile","0.975",1.34867490917156
"2021-06-09","5 day R","2020-07-18","DE","point","NA",1.12246959880359
"2021-06-09","5 day R","2020-07-18","DE","quantile","0.025",0.889682861267647
"2021-06-09","5 day R","2020-07-18","DE","quantile","0.975",1.35903236381544
"2021-06-09","5 day R","2020-07-19","DE","point","NA",1.13204834514527
"2021-06-09","5 day R","2020-07-19","DE","quantile","0.025",0.899670039798059
"2021-06-09","5 day R","2020-07-19","DE","quantile","0.975",1.3691643650778
"2021-06-09","5 day R","2020-07-20","DE","point","NA",1.14020899802322
"2021-06-09","5 day R","2020-07-20","DE","quantile","0.025",0.907869900600199
"2021-06-09","5 day R","2020-07-20","DE","quantile","0.975",1.37760394082774
"2021-06-09","5 day R","2020-07-21","DE","point","NA",1.14170527060258
"2021-06-09","5 day R","2020-07-21","DE","quantile","0.025",0.90494268562171
"2021-06-09","5 day R","2020-07-21","DE","quantile","0.975",1.38158673612445
"2021-06-09","5 day R","2020-07-22","DE","point","NA",1.14760020835267
"2021-06-09","5 day R","2020-07-22","DE","quantile","0.025",0.913354598830034
"2021-06-09","5 day R","2020-07-22","DE","quantile","0.975",1.38547930841777
"2021-06-09","5 day R","2020-07-23","DE","point","NA",1.15407352630888
"2021-06-09","5 day R","2020-07-23","DE","quantile","0.025",0.920267758970244
"2021-06-09","5 day R","2020-07-23","DE","quantile","0.975",1.39544285485621
"2021-06-09","5 day R","2020-07-24","DE","point","NA",1.16214708559375
"2021-06-09","5 day R","2020-07-24","DE","quantile","0.025",0.92471260712894
"2021-06-09","5 day R","2020-07-24","DE","quantile","0.975",1.4006527030937
"2021-06-09","5 day R","2020-07-25","DE","point","NA",1.16699265529865
"2021-06-09","5 day R","2020-07-25","DE","quantile","0.025",0.930257751205147
"2021-06-09","5 day R","2020-07-25","DE","quantile","0.975",1.40700704151906
"2021-06-09","5 day R","2020-07-26","DE","point","NA",1.16548438813558
"2021-06-09","5 day R","2020-07-26","DE","quantile","0.025",0.930982269010581
"2021-06-09","5 day R","2020-07-26","DE","quantile","0.975",1.40291089828666
"2021-06-09","5 day R","2020-07-27","DE","point","NA",1.16258931062738
"2021-06-09","5 day R","2020-07-27","DE","quantile","0.025",0.925916006110585
"2021-06-09","5 day R","2020-07-27","DE","quantile","0.975",1.40178525064816
"2021-06-09","5 day R","2020-07-28","DE","point","NA",1.16971855275981
"2021-06-09","5 day R","2020-07-28","DE","quantile","0.025",0.932838989594639
"2021-06-09","5 day R","2020-07-28","DE","quantile","0.975",1.40948149198638
"2021-06-09","5 day R","2020-07-29","DE","point","NA",1.17586641589628
"2021-06-09","5 day R","2020-07-29","DE","quantile","0.025",0.940185404235299
"2021-06-09","5 day R","2020-07-29","DE","quantile","0.975",1.4145083908918
"2021-06-09","5 day R","2020-07-30","DE","point","NA",1.17869067033935
"2021-06-09","5 day R","2020-07-30","DE","quantile","0.025",0.942107142706037
"2021-06-09","5 day R","2020-07-30","DE","quantile","0.975",1.41944979739422
"2021-06-09","5 day R","2020-07-31","DE","point","NA",1.17502325700932
"2021-06-09","5 day R","2020-07-31","DE","quantile","0.025",0.937562103926073
"2021-06-09","5 day R","2020-07-31","DE","quantile","0.975",1.41402483406175
"2021-06-09","5 day R","2020-08-01","DE","point","NA",1.17347342033622
"2021-06-09","5 day R","2020-08-01","DE","quantile","0.025",0.937336163956761
"2021-06-09","5 day R","2020-08-01","DE","quantile","0.975",1.41024996877439
"2021-06-09","5 day R","2020-08-02","DE","point","NA",1.17250919166266
"2021-06-09","5 day R","2020-08-02","DE","quantile","0.025",0.938079962036414
"2021-06-09","5 day R","2020-08-02","DE","quantile","0.975",1.41300586854371
"2021-06-09","5 day R","2020-08-03","DE","point","NA",1.17798485104547
"2021-06-09","5 day R","2020-08-03","DE","quantile","0.025",0.943035783585287
"2021-06-09","5 day R","2020-08-03","DE","quantile","0.975",1.41846203813942
"2021-06-09","5 day R","2020-08-04","DE","point","NA",1.18185867446143
"2021-06-09","5 day R","2020-08-04","DE","quantile","0.025",0.947733412201441
"2021-06-09","5 day R","2020-08-04","DE","quantile","0.975",1.41984628782225
"2021-06-09","5 day R","2020-08-05","DE","point","NA",1.18533692434609
"2021-06-09","5 day R","2020-08-05","DE","quantile","0.025",0.952576261179722
"2021-06-09","5 day R","2020-08-05","DE","quantile","0.975",1.42247323793737
"2021-06-09","5 day R","2020-08-06","DE","point","NA",1.17844277163234
"2021-06-09","5 day R","2020-08-06","DE","quantile","0.025",0.944529729819996
"2021-06-09","5 day R","2020-08-06","DE","quantile","0.975",1.41481927039867
"2021-06-09","5 day R","2020-08-07","DE","point","NA",1.17661236886419
"2021-06-09","5 day R","2020-08-07","DE","quantile","0.025",0.942821912944722
"2021-06-09","5 day R","2020-08-07","DE","quantile","0.975",1.41659548266519
"2021-06-09","5 day R","2020-08-08","DE","point","NA",1.17493706297685
"2021-06-09","5 day R","2020-08-08","DE","quantile","0.025",0.941568632850398
"2021-06-09","5 day R","2020-08-08","DE","quantile","0.975",1.40962736147425
"2021-06-09","5 day R","2020-08-09","DE","point","NA",1.17424734489637
"2021-06-09","5 day R","2020-08-09","DE","quantile","0.025",0.941514135088764
"2021-06-09","5 day R","2020-08-09","DE","quantile","0.975",1.413068866564
"2021-06-09","5 day R","2020-08-10","DE","point","NA",1.17694401553913
"2021-06-09","5 day R","2020-08-10","DE","quantile","0.025",0.945125189611943
"2021-06-09","5 day R","2020-08-10","DE","quantile","0.975",1.41218901749904
"2021-06-09","5 day R","2020-08-11","DE","point","NA",1.17520126568924
"2021-06-09","5 day R","2020-08-11","DE","quantile","0.025",0.941783330062735
"2021-06-09","5 day R","2020-08-11","DE","quantile","0.975",1.41260551471896
"2021-06-09","5 day R","2020-08-12","DE","point","NA",1.17217583063767
"2021-06-09","5 day R","2020-08-12","DE","quantile","0.025",0.939243522740151
"2021-06-09","5 day R","2020-08-12","DE","quantile","0.975",1.40674221307853
"2021-06-09","5 day R","2020-08-13","DE","point","NA",1.16734973523506
"2021-06-09","5 day R","2020-08-13","DE","quantile","0.025",0.933808584783035
"2021-06-09","5 day R","2020-08-13","DE","quantile","0.975",1.40468335923157
"2021-06-09","5 day R","2020-08-14","DE","point","NA",1.16058023783289
"2021-06-09","5 day R","2020-08-14","DE","quantile","0.025",0.924068370275059
"2021-06-09","5 day R","2020-08-14","DE","quantile","0.975",1.39797877474539
"2021-06-09","5 day R","2020-08-15","DE","point","NA",1.15336146522548
"2021-06-09","5 day R","2020-08-15","DE","quantile","0.025",0.91732749344274
"2021-06-09","5 day R","2020-08-15","DE","quantile","0.975",1.39084039387023
"2021-06-09","5 day R","2020-08-16","DE","point","NA",1.15102375938751
"2021-06-09","5 day R","2020-08-16","DE","quantile","0.025",0.914085974715973
"2021-06-09","5 day R","2020-08-16","DE","quantile","0.975",1.38901877241934
"2021-06-09","5 day R","2020-08-17","DE","point","NA",1.149709090049
"2021-06-09","5 day R","2020-08-17","DE","quantile","0.025",0.916640679021576
"2021-06-09","5 day R","2020-08-17","DE","quantile","0.975",1.38747663481489
"2021-06-09","5 day R","2020-08-18","DE","point","NA",1.14047667856746
"2021-06-09","5 day R","2020-08-18","DE","quantile","0.025",0.906635468211334
"2021-06-09","5 day R","2020-08-18","DE","quantile","0.975",1.37866908885965
"2021-06-09","5 day R","2020-08-19","DE","point","NA",1.12699442318942
"2021-06-09","5 day R","2020-08-19","DE","quantile","0.025",0.892704639368287
"2021-06-09","5 day R","2020-08-19","DE","quantile","0.975",1.36304009378917
"2021-06-09","5 day R","2020-08-20","DE","point","NA",1.11412188954789
"2021-06-09","5 day R","2020-08-20","DE","quantile","0.025",0.877997532203188
"2021-06-09","5 day R","2020-08-20","DE","quantile","0.975",1.3522368902056
"2021-06-09","5 day R","2020-08-21","DE","point","NA",1.10222428989117
"2021-06-09","5 day R","2020-08-21","DE","quantile","0.025",0.866641285351247
"2021-06-09","5 day R","2020-08-21","DE","quantile","0.975",1.33962428140525
"2021-06-09","5 day R","2020-08-22","DE","point","NA",1.09038385535112
"2021-06-09","5 day R","2020-08-22","DE","quantile","0.025",0.856776472009965
"2021-06-09","5 day R","2020-08-22","DE","quantile","0.975",1.32799835916248
"2021-06-09","5 day R","2020-08-23","DE","point","NA",1.0813767350732
"2021-06-09","5 day R","2020-08-23","DE","quantile","0.025",0.844947418824052
"2021-06-09","5 day R","2020-08-23","DE","quantile","0.975",1.32001629689866
"2021-06-09","5 day R","2020-08-24","DE","point","NA",1.07275257979575
"2021-06-09","5 day R","2020-08-24","DE","quantile","0.025",0.837057416110459
"2021-06-09","5 day R","2020-08-24","DE","quantile","0.975",1.31155401839343
"2021-06-09","5 day R","2020-08-25","DE","point","NA",1.0630107308663
"2021-06-09","5 day R","2020-08-25","DE","quantile","0.025",0.830542104923795
"2021-06-09","5 day R","2020-08-25","DE","quantile","0.975",1.30086610629955
"2021-06-09","5 day R","2020-08-26","DE","point","NA",1.05106348055083
"2021-06-09","5 day R","2020-08-26","DE","quantile","0.025",0.81395282504723
"2021-06-09","5 day R","2020-08-26","DE","quantile","0.975",1.28533964197427
"2021-06-09","5 day R","2020-08-27","DE","point","NA",1.0424096505716
"2021-06-09","5 day R","2020-08-27","DE","quantile","0.025",0.804175833235937
"2021-06-09","5 day R","2020-08-27","DE","quantile","0.975",1.27917405562838
"2021-06-09","5 day R","2020-08-28","DE","point","NA",1.03648631666166
"2021-06-09","5 day R","2020-08-28","DE","quantile","0.025",0.798500816735624
"2021-06-09","5 day R","2020-08-28","DE","quantile","0.975",1.26967634299857
"2021-06-09","5 day R","2020-08-29","DE","point","NA",1.03320550552446
"2021-06-09","5 day R","2020-08-29","DE","quantile","0.025",0.795992461353942
"2021-06-09","5 day R","2020-08-29","DE","quantile","0.975",1.26835841669578
"2021-06-09","5 day R","2020-08-30","DE","point","NA",1.03266163362217
"2021-06-09","5 day R","2020-08-30","DE","quantile","0.025",0.794115988625925
"2021-06-09","5 day R","2020-08-30","DE","quantile","0.975",1.26659822072697
"2021-06-09","5 day R","2020-08-31","DE","point","NA",1.03447610188466
"2021-06-09","5 day R","2020-08-31","DE","quantile","0.025",0.799384293113974
"2021-06-09","5 day R","2020-08-31","DE","quantile","0.975",1.26941946359724
"2021-06-09","5 day R","2020-09-01","DE","point","NA",1.03562784827053
"2021-06-09","5 day R","2020-09-01","DE","quantile","0.025",0.800751421751701
"2021-06-09","5 day R","2020-09-01","DE","quantile","0.975",1.2704084129022
"2021-06-09","5 day R","2020-09-02","DE","point","NA",1.03754192292173
"2021-06-09","5 day R","2020-09-02","DE","quantile","0.025",0.800862430700782
"2021-06-09","5 day R","2020-09-02","DE","quantile","0.975",1.27195503588145
"2021-06-09","5 day R","2020-09-03","DE","point","NA",1.04019686245162
"2021-06-09","5 day R","2020-09-03","DE","quantile","0.025",0.803141623210436
"2021-06-09","5 day R","2020-09-03","DE","quantile","0.975",1.27299864938479
"2021-06-09","5 day R","2020-09-04","DE","point","NA",1.04611829703359
"2021-06-09","5 day R","2020-09-04","DE","quantile","0.025",0.809182474679274
"2021-06-09","5 day R","2020-09-04","DE","quantile","0.975",1.27634556710309
"2021-06-09","5 day R","2020-09-05","DE","point","NA",1.05452410254974
"2021-06-09","5 day R","2020-09-05","DE","quantile","0.025",0.815941675093444
"2021-06-09","5 day R","2020-09-05","DE","quantile","0.975",1.28901859843274
"2021-06-09","5 day R","2020-09-06","DE","point","NA",1.06453711591668
"2021-06-09","5 day R","2020-09-06","DE","quantile","0.025",0.826948327691568
"2021-06-09","5 day R","2020-09-06","DE","quantile","0.975",1.300400401845
"2021-06-09","5 day R","2020-09-07","DE","point","NA",1.07447956129752
"2021-06-09","5 day R","2020-09-07","DE","quantile","0.025",0.836447279377191
"2021-06-09","5 day R","2020-09-07","DE","quantile","0.975",1.30876479434596
"2021-06-09","5 day R","2020-09-08","DE","point","NA",1.07548881790827
"2021-06-09","5 day R","2020-09-08","DE","quantile","0.025",0.8369649822803
"2021-06-09","5 day R","2020-09-08","DE","quantile","0.975",1.31119418933403
"2021-06-09","5 day R","2020-09-09","DE","point","NA",1.07683559493089
"2021-06-09","5 day R","2020-09-09","DE","quantile","0.025",0.839294806866925
"2021-06-09","5 day R","2020-09-09","DE","quantile","0.975",1.31173354288841
"2021-06-09","5 day R","2020-09-10","DE","point","NA",1.08030937499334
"2021-06-09","5 day R","2020-09-10","DE","quantile","0.025",0.843612769768354
"2021-06-09","5 day R","2020-09-10","DE","quantile","0.975",1.31587593815943
"2021-06-09","5 day R","2020-09-11","DE","point","NA",1.08450628060328
"2021-06-09","5 day R","2020-09-11","DE","quantile","0.025",0.846477503650483
"2021-06-09","5 day R","2020-09-11","DE","quantile","0.975",1.32211134297351
"2021-06-09","5 day R","2020-09-12","DE","point","NA",1.09152130943812
"2021-06-09","5 day R","2020-09-12","DE","quantile","0.025",0.856859789709884
"2021-06-09","5 day R","2020-09-12","DE","quantile","0.975",1.32827315278808
"2021-06-09","5 day R","2020-09-13","DE","point","NA",1.09797211972258
"2021-06-09","5 day R","2020-09-13","DE","quantile","0.025",0.86325183836144
"2021-06-09","5 day R","2020-09-13","DE","quantile","0.975",1.33613318213116
"2021-06-09","5 day R","2020-09-14","DE","point","NA",1.10189967919859
"2021-06-09","5 day R","2020-09-14","DE","quantile","0.025",0.863620033038854
"2021-06-09","5 day R","2020-09-14","DE","quantile","0.975",1.34076866303106
"2021-06-09","5 day R","2020-09-15","DE","point","NA",1.11019050303955
"2021-06-09","5 day R","2020-09-15","DE","quantile","0.025",0.874082722601898
"2021-06-09","5 day R","2020-09-15","DE","quantile","0.975",1.34987281421722
"2021-06-09","5 day R","2020-09-16","DE","point","NA",1.11360729736298
"2021-06-09","5 day R","2020-09-16","DE","quantile","0.025",0.878241008695567
"2021-06-09","5 day R","2020-09-16","DE","quantile","0.975",1.35209552671492
"2021-06-09","5 day R","2020-09-17","DE","point","NA",1.11703644293105
"2021-06-09","5 day R","2020-09-17","DE","quantile","0.025",0.879715506773275
"2021-06-09","5 day R","2020-09-17","DE","quantile","0.975",1.35625941503452
"2021-06-09","5 day R","2020-09-18","DE","point","NA",1.11876699210327
"2021-06-09","5 day R","2020-09-18","DE","quantile","0.025",0.881139896240367
"2021-06-09","5 day R","2020-09-18","DE","quantile","0.975",1.35832411145207
"2021-06-09","5 day R","2020-09-19","DE","point","NA",1.11810024740301
"2021-06-09","5 day R","2020-09-19","DE","quantile","0.025",0.883184159993646
"2021-06-09","5 day R","2020-09-19","DE","quantile","0.975",1.3570544421182
"2021-06-09","5 day R","2020-09-20","DE","point","NA",1.1132460045279
"2021-06-09","5 day R","2020-09-20","DE","quantile","0.025",0.877073298191018
"2021-06-09","5 day R","2020-09-20","DE","quantile","0.975",1.3514416801153
"2021-06-09","5 day R","2020-09-21","DE","point","NA",1.10788070161312
"2021-06-09","5 day R","2020-09-21","DE","quantile","0.025",0.872233715842462
"2021-06-09","5 day R","2020-09-21","DE","quantile","0.975",1.34315636839752
"2021-06-09","5 day R","2020-09-22","DE","point","NA",1.109259617923
"2021-06-09","5 day R","2020-09-22","DE","quantile","0.025",0.872067777906402
"2021-06-09","5 day R","2020-09-22","DE","quantile","0.975",1.34467965864415
"2021-06-09","5 day R","2020-09-23","DE","point","NA",1.11085857750931
"2021-06-09","5 day R","2020-09-23","DE","quantile","0.025",0.874523342160428
"2021-06-09","5 day R","2020-09-23","DE","quantile","0.975",1.3486622561783
"2021-06-09","5 day R","2020-09-24","DE","point","NA",1.1207648361545
"2021-06-09","5 day R","2020-09-24","DE","quantile","0.025",0.882235259752089
"2021-06-09","5 day R","2020-09-24","DE","quantile","0.975",1.35818548466617
"2021-06-09","5 day R","2020-09-25","DE","point","NA",1.12983662889671
"2021-06-09","5 day R","2020-09-25","DE","quantile","0.025",0.890258969110187
"2021-06-09","5 day R","2020-09-25","DE","quantile","0.975",1.36573263819506
"2021-06-09","5 day R","2020-09-26","DE","point","NA",1.13845125349754
"2021-06-09","5 day R","2020-09-26","DE","quantile","0.025",0.900020563803474
"2021-06-09","5 day R","2020-09-26","DE","quantile","0.975",1.37774146502705
"2021-06-09","5 day R","2020-09-27","DE","point","NA",1.14946478829693
"2021-06-09","5 day R","2020-09-27","DE","quantile","0.025",0.910808724009613
"2021-06-09","5 day R","2020-09-27","DE","quantile","0.975",1.38926072906989
"2021-06-09","5 day R","2020-09-28","DE","point","NA",1.15771897344819
"2021-06-09","5 day R","2020-09-28","DE","quantile","0.025",0.919906380465118
"2021-06-09","5 day R","2020-09-28","DE","quantile","0.975",1.3943784815887
"2021-06-09","5 day R","2020-09-29","DE","point","NA",1.16573692907942
"2021-06-09","5 day R","2020-09-29","DE","quantile","0.025",0.93150028846797
"2021-06-09","5 day R","2020-09-29","DE","quantile","0.975",1.40437098828385
"2021-06-09","5 day R","2020-09-30","DE","point","NA",1.17706255287361
"2021-06-09","5 day R","2020-09-30","DE","quantile","0.025",0.941932507433165
"2021-06-09","5 day R","2020-09-30","DE","quantile","0.975",1.41426957393458
"2021-06-09","5 day R","2020-10-01","DE","point","NA",1.19053913685876
"2021-06-09","5 day R","2020-10-01","DE","quantile","0.025",0.953094842493713
"2021-06-09","5 day R","2020-10-01","DE","quantile","0.975",1.42611351137371
"2021-06-09","5 day R","2020-10-02","DE","point","NA",1.20550520354799
"2021-06-09","5 day R","2020-10-02","DE","quantile","0.025",0.971475395396851
"2021-06-09","5 day R","2020-10-02","DE","quantile","0.975",1.44100906985536
"2021-06-09","5 day R","2020-10-03","DE","point","NA",1.22128037935887
"2021-06-09","5 day R","2020-10-03","DE","quantile","0.025",0.98946505467892
"2021-06-09","5 day R","2020-10-03","DE","quantile","0.975",1.45928652556331
"2021-06-09","5 day R","2020-10-04","DE","point","NA",1.23952981423735
"2021-06-09","5 day R","2020-10-04","DE","quantile","0.025",1.00473883416115
"2021-06-09","5 day R","2020-10-04","DE","quantile","0.975",1.47659958818248
"2021-06-09","5 day R","2020-10-05","DE","point","NA",1.25690805198011
"2021-06-09","5 day R","2020-10-05","DE","quantile","0.025",1.02070509193474
"2021-06-09","5 day R","2020-10-05","DE","quantile","0.975",1.49595516192432
"2021-06-09","5 day R","2020-10-06","DE","point","NA",1.27288448549349
"2021-06-09","5 day R","2020-10-06","DE","quantile","0.025",1.03863564872027
"2021-06-09","5 day R","2020-10-06","DE","quantile","0.975",1.51428110173458
"2021-06-09","5 day R","2020-10-07","DE","point","NA",1.29180386867099
"2021-06-09","5 day R","2020-10-07","DE","quantile","0.025",1.05703029023662
"2021-06-09","5 day R","2020-10-07","DE","quantile","0.975",1.53264306268293
"2021-06-09","5 day R","2020-10-08","DE","point","NA",1.30696181344033
"2021-06-09","5 day R","2020-10-08","DE","quantile","0.025",1.0699404049154
"2021-06-09","5 day R","2020-10-08","DE","quantile","0.975",1.54522460775916
"2021-06-09","5 day R","2020-10-09","DE","point","NA",1.31588008504236
"2021-06-09","5 day R","2020-10-09","DE","quantile","0.025",1.08107200547653
"2021-06-09","5 day R","2020-10-09","DE","quantile","0.975",1.5512629435086
"2021-06-09","5 day R","2020-10-10","DE","point","NA",1.32479654193065
"2021-06-09","5 day R","2020-10-10","DE","quantile","0.025",1.08949163851709
"2021-06-09","5 day R","2020-10-10","DE","quantile","0.975",1.5652470660154
"2021-06-09","5 day R","2020-10-11","DE","point","NA",1.33524474969803
"2021-06-09","5 day R","2020-10-11","DE","quantile","0.025",1.10000607393133
"2021-06-09","5 day R","2020-10-11","DE","quantile","0.975",1.57615687403268
"2021-06-09","5 day R","2020-10-12","DE","point","NA",1.34392171608413
"2021-06-09","5 day R","2020-10-12","DE","quantile","0.025",1.10895717104915
"2021-06-09","5 day R","2020-10-12","DE","quantile","0.975",1.58539214891448
"2021-06-09","5 day R","2020-10-13","DE","point","NA",1.34123847717924
"2021-06-09","5 day R","2020-10-13","DE","quantile","0.025",1.1062970659745
"2021-06-09","5 day R","2020-10-13","DE","quantile","0.975",1.58181599244292
"2021-06-09","5 day R","2020-10-14","DE","point","NA",1.34213374827083
"2021-06-09","5 day R","2020-10-14","DE","quantile","0.025",1.1083458694708
"2021-06-09","5 day R","2020-10-14","DE","quantile","0.975",1.57910964974507
"2021-06-09","5 day R","2020-10-15","DE","point","NA",1.34232143204096
"2021-06-09","5 day R","2020-10-15","DE","quantile","0.025",1.10420622452242
"2021-06-09","5 day R","2020-10-15","DE","quantile","0.975",1.58407241716576
"2021-06-09","5 day R","2020-10-16","DE","point","NA",1.33756133228963
"2021-06-09","5 day R","2020-10-16","DE","quantile","0.025",1.1019754425218
"2021-06-09","5 day R","2020-10-16","DE","quantile","0.975",1.57732136121965
"2021-06-09","5 day R","2020-10-17","DE","point","NA",1.33484098757634
"2021-06-09","5 day R","2020-10-17","DE","quantile","0.025",1.10034769368773
"2021-06-09","5 day R","2020-10-17","DE","quantile","0.975",1.57217088594109
"2021-06-09","5 day R","2020-10-18","DE","point","NA",1.33517870134399
"2021-06-09","5 day R","2020-10-18","DE","quantile","0.025",1.10281749949683
"2021-06-09","5 day R","2020-10-18","DE","quantile","0.975",1.57389192548314
"2021-06-09","5 day R","2020-10-19","DE","point","NA",1.33724033290598
"2021-06-09","5 day R","2020-10-19","DE","quantile","0.025",1.1047280062166
"2021-06-09","5 day R","2020-10-19","DE","quantile","0.975",1.57562846910948
"2021-06-09","5 day R","2020-10-20","DE","point","NA",1.33720940290883
"2021-06-09","5 day R","2020-10-20","DE","quantile","0.025",1.10417633294232
"2021-06-09","5 day R","2020-10-20","DE","quantile","0.975",1.57536534963051
"2021-06-09","5 day R","2020-10-21","DE","point","NA",1.33364837306805
"2021-06-09","5 day R","2020-10-21","DE","quantile","0.025",1.10223757039067
"2021-06-09","5 day R","2020-10-21","DE","quantile","0.975",1.57140569897466
"2021-06-09","5 day R","2020-10-22","DE","point","NA",1.32709777544597
"2021-06-09","5 day R","2020-10-22","DE","quantile","0.025",1.09492688194793
"2021-06-09","5 day R","2020-10-22","DE","quantile","0.975",1.56183903910894
"2021-06-09","5 day R","2020-10-23","DE","point","NA",1.33578657839072
"2021-06-09","5 day R","2020-10-23","DE","quantile","0.025",1.10173249256759
"2021-06-09","5 day R","2020-10-23","DE","quantile","0.975",1.57209911943431
"2021-06-09","5 day R","2020-10-24","DE","point","NA",1.33690389803973
"2021-06-09","5 day R","2020-10-24","DE","quantile","0.025",1.10588855064231
"2021-06-09","5 day R","2020-10-24","DE","quantile","0.975",1.57784844986202
"2021-06-09","5 day R","2020-10-25","DE","point","NA",1.33168652316145
"2021-06-09","5 day R","2020-10-25","DE","quantile","0.025",1.09942331115558
"2021-06-09","5 day R","2020-10-25","DE","quantile","0.975",1.57055614295454
"2021-06-09","5 day R","2020-10-26","DE","point","NA",1.32001664039087
"2021-06-09","5 day R","2020-10-26","DE","quantile","0.025",1.08607025124635
"2021-06-09","5 day R","2020-10-26","DE","quantile","0.975",1.5626160119706
"2021-06-09","5 day R","2020-10-27","DE","point","NA",1.30910047843799
"2021-06-09","5 day R","2020-10-27","DE","quantile","0.025",1.07609182809981
"2021-06-09","5 day R","2020-10-27","DE","quantile","0.975",1.5483602279958
"2021-06-09","5 day R","2020-10-28","DE","point","NA",1.29784693790676
"2021-06-09","5 day R","2020-10-28","DE","quantile","0.025",1.0627467042201
"2021-06-09","5 day R","2020-10-28","DE","quantile","0.975",1.54077549333519
"2021-06-09","5 day R","2020-10-29","DE","point","NA",1.29194105976564
"2021-06-09","5 day R","2020-10-29","DE","quantile","0.025",1.05663703136526
"2021-06-09","5 day R","2020-10-29","DE","quantile","0.975",1.53276826315376
"2021-06-09","5 day R","2020-10-30","DE","point","NA",1.28138403447792
"2021-06-09","5 day R","2020-10-30","DE","quantile","0.025",1.04958390350935
"2021-06-09","5 day R","2020-10-30","DE","quantile","0.975",1.52250089610554
"2021-06-09","5 day R","2020-10-31","DE","point","NA",1.26938929287569
"2021-06-09","5 day R","2020-10-31","DE","quantile","0.025",1.03557669031153
"2021-06-09","5 day R","2020-10-31","DE","quantile","0.975",1.50986743113608
"2021-06-09","5 day R","2020-11-01","DE","point","NA",1.25727275738824
"2021-06-09","5 day R","2020-11-01","DE","quantile","0.025",1.02555784397529
"2021-06-09","5 day R","2020-11-01","DE","quantile","0.975",1.49741083707695
"2021-06-09","5 day R","2020-11-02","DE","point","NA",1.24084043299738
"2021-06-09","5 day R","2020-11-02","DE","quantile","0.025",1.00899663035563
"2021-06-09","5 day R","2020-11-02","DE","quantile","0.975",1.48083724555246
"2021-06-09","5 day R","2020-11-03","DE","point","NA",1.2118577507281
"2021-06-09","5 day R","2020-11-03","DE","quantile","0.025",0.978243366388694
"2021-06-09","5 day R","2020-11-03","DE","quantile","0.975",1.44827674296198
"2021-06-09","5 day R","2020-11-04","DE","point","NA",1.20119719020613
"2021-06-09","5 day R","2020-11-04","DE","quantile","0.025",0.963900603411322
"2021-06-09","5 day R","2020-11-04","DE","quantile","0.975",1.44060737768457
"2021-06-09","5 day R","2020-11-05","DE","point","NA",1.18007088226721
"2021-06-09","5 day R","2020-11-05","DE","quantile","0.025",0.946780888947476
"2021-06-09","5 day R","2020-11-05","DE","quantile","0.975",1.41645933529366
"2021-06-09","5 day R","2020-11-06","DE","point","NA",1.16040303994911
"2021-06-09","5 day R","2020-11-06","DE","quantile","0.025",0.924696788246788
"2021-06-09","5 day R","2020-11-06","DE","quantile","0.975",1.39768367050383
"2021-06-09","5 day R","2020-11-07","DE","point","NA",1.14243170636686
"2021-06-09","5 day R","2020-11-07","DE","quantile","0.025",0.905155301747112
"2021-06-09","5 day R","2020-11-07","DE","quantile","0.975",1.37910783368915
"2021-06-09","5 day R","2020-11-08","DE","point","NA",1.12691821239375
"2021-06-09","5 day R","2020-11-08","DE","quantile","0.025",0.890230890260374
"2021-06-09","5 day R","2020-11-08","DE","quantile","0.975",1.36565386890496
"2021-06-09","5 day R","2020-11-09","DE","point","NA",1.10720595469153
"2021-06-09","5 day R","2020-11-09","DE","quantile","0.025",0.868316056151805
"2021-06-09","5 day R","2020-11-09","DE","quantile","0.975",1.34521140667984
"2021-06-09","5 day R","2020-11-10","DE","point","NA",1.10217115989457
"2021-06-09","5 day R","2020-11-10","DE","quantile","0.025",0.864163705478619
"2021-06-09","5 day R","2020-11-10","DE","quantile","0.975",1.33732610333315
"2021-06-09","5 day R","2020-11-11","DE","point","NA",1.08791955741459
"2021-06-09","5 day R","2020-11-11","DE","quantile","0.025",0.850422256548169
"2021-06-09","5 day R","2020-11-11","DE","quantile","0.975",1.32433260535167
"2021-06-09","5 day R","2020-11-12","DE","point","NA",1.08050934995555
"2021-06-09","5 day R","2020-11-12","DE","quantile","0.025",0.844440956968516
"2021-06-09","5 day R","2020-11-12","DE","quantile","0.975",1.31752336169966
"2021-06-09","5 day R","2020-11-13","DE","point","NA",1.07138057950337
"2021-06-09","5 day R","2020-11-13","DE","quantile","0.025",0.833308562945687
"2021-06-09","5 day R","2020-11-13","DE","quantile","0.975",1.30623354144072
"2021-06-09","5 day R","2020-11-14","DE","point","NA",1.06217612345806
"2021-06-09","5 day R","2020-11-14","DE","quantile","0.025",0.824737921174247
"2021-06-09","5 day R","2020-11-14","DE","quantile","0.975",1.2928842753525
"2021-06-09","5 day R","2020-11-15","DE","point","NA",1.05543829378854
"2021-06-09","5 day R","2020-11-15","DE","quantile","0.025",0.818515991455866
"2021-06-09","5 day R","2020-11-15","DE","quantile","0.975",1.28857143531946
"2021-06-09","5 day R","2020-11-16","DE","point","NA",1.05515444784243
"2021-06-09","5 day R","2020-11-16","DE","quantile","0.025",0.8185971282455
"2021-06-09","5 day R","2020-11-16","DE","quantile","0.975",1.28986478539382
"2021-06-09","5 day R","2020-11-17","DE","point","NA",1.05605432756702
"2021-06-09","5 day R","2020-11-17","DE","quantile","0.025",0.816382804021011
"2021-06-09","5 day R","2020-11-17","DE","quantile","0.975",1.29103283494037
"2021-06-09","5 day R","2020-11-18","DE","point","NA",1.04808045887082
"2021-06-09","5 day R","2020-11-18","DE","quantile","0.025",0.810448800773707
"2021-06-09","5 day R","2020-11-18","DE","quantile","0.975",1.28557902773777
"2021-06-09","5 day R","2020-11-19","DE","point","NA",1.04477738913216
"2021-06-09","5 day R","2020-11-19","DE","quantile","0.025",0.810359349428606
"2021-06-09","5 day R","2020-11-19","DE","quantile","0.975",1.28150954809223
"2021-06-09","5 day R","2020-11-20","DE","point","NA",1.04084646205397
"2021-06-09","5 day R","2020-11-20","DE","quantile","0.025",0.806317342946438
"2021-06-09","5 day R","2020-11-20","DE","quantile","0.975",1.27530331746702
"2021-06-09","5 day R","2020-11-21","DE","point","NA",1.03558329445301
"2021-06-09","5 day R","2020-11-21","DE","quantile","0.025",0.801939769755053
"2021-06-09","5 day R","2020-11-21","DE","quantile","0.975",1.26879947036821
"2021-06-09","5 day R","2020-11-22","DE","point","NA",1.03276515659891
"2021-06-09","5 day R","2020-11-22","DE","quantile","0.025",0.793220051825668
"2021-06-09","5 day R","2020-11-22","DE","quantile","0.975",1.26805186584942
"2021-06-09","5 day R","2020-11-23","DE","point","NA",1.03490341939286
"2021-06-09","5 day R","2020-11-23","DE","quantile","0.025",0.797942034471995
"2021-06-09","5 day R","2020-11-23","DE","quantile","0.975",1.2693012273727
"2021-06-09","5 day R","2020-11-24","DE","point","NA",1.03548050273147
"2021-06-09","5 day R","2020-11-24","DE","quantile","0.025",0.796163836924556
"2021-06-09","5 day R","2020-11-24","DE","quantile","0.975",1.26999440772528
"2021-06-09","5 day R","2020-11-25","DE","point","NA",1.04430330581727
"2021-06-09","5 day R","2020-11-25","DE","quantile","0.025",0.807502806456398
"2021-06-09","5 day R","2020-11-25","DE","quantile","0.975",1.27904511335447
"2021-06-09","5 day R","2020-11-26","DE","point","NA",1.04100053921467
"2021-06-09","5 day R","2020-11-26","DE","quantile","0.025",0.805524461992699
"2021-06-09","5 day R","2020-11-26","DE","quantile","0.975",1.27489059294888
"2021-06-09","5 day R","2020-11-27","DE","point","NA",1.04021647373371
"2021-06-09","5 day R","2020-11-27","DE","quantile","0.025",0.803683279252141
"2021-06-09","5 day R","2020-11-27","DE","quantile","0.975",1.27345901945805
"2021-06-09","5 day R","2020-11-28","DE","point","NA",1.03812588088792
"2021-06-09","5 day R","2020-11-28","DE","quantile","0.025",0.802556864156469
"2021-06-09","5 day R","2020-11-28","DE","quantile","0.975",1.26964736088004
"2021-06-09","5 day R","2020-11-29","DE","point","NA",1.04018729492651
"2021-06-09","5 day R","2020-11-29","DE","quantile","0.025",0.80380315473296
"2021-06-09","5 day R","2020-11-29","DE","quantile","0.975",1.27191045995229
"2021-06-09","5 day R","2020-11-30","DE","point","NA",1.04827092678036
"2021-06-09","5 day R","2020-11-30","DE","quantile","0.025",0.814829990829376
"2021-06-09","5 day R","2020-11-30","DE","quantile","0.975",1.28099658687927
"2021-06-09","5 day R","2020-12-01","DE","point","NA",1.05327139672563
"2021-06-09","5 day R","2020-12-01","DE","quantile","0.025",0.819796115238882
"2021-06-09","5 day R","2020-12-01","DE","quantile","0.975",1.288194516989
"2021-06-09","5 day R","2020-12-02","DE","point","NA",1.05508987014597
"2021-06-09","5 day R","2020-12-02","DE","quantile","0.025",0.822832660000509
"2021-06-09","5 day R","2020-12-02","DE","quantile","0.975",1.29131159961067
"2021-06-09","5 day R","2020-12-03","DE","point","NA",1.06172274141261
"2021-06-09","5 day R","2020-12-03","DE","quantile","0.025",0.828694955628759
"2021-06-09","5 day R","2020-12-03","DE","quantile","0.975",1.29563896493998
"2021-06-09","5 day R","2020-12-04","DE","point","NA",1.06768758848528
"2021-06-09","5 day R","2020-12-04","DE","quantile","0.025",0.832635556397542
"2021-06-09","5 day R","2020-12-04","DE","quantile","0.975",1.30164304775134
"2021-06-09","5 day R","2020-12-05","DE","point","NA",1.07751252390144
"2021-06-09","5 day R","2020-12-05","DE","quantile","0.025",0.841071078134777
"2021-06-09","5 day R","2020-12-05","DE","quantile","0.975",1.31317017826766
"2021-06-09","5 day R","2020-12-06","DE","point","NA",1.07784369848106
"2021-06-09","5 day R","2020-12-06","DE","quantile","0.025",0.843538380529066
"2021-06-09","5 day R","2020-12-06","DE","quantile","0.975",1.31379713923398
"2021-06-09","5 day R","2020-12-07","DE","point","NA",1.07689541839202
"2021-06-09","5 day R","2020-12-07","DE","quantile","0.025",0.842162235766503
"2021-06-09","5 day R","2020-12-07","DE","quantile","0.975",1.31148387440408
"2021-06-09","5 day R","2020-12-08","DE","point","NA",1.08465363991647
"2021-06-09","5 day R","2020-12-08","DE","quantile","0.025",0.851464304152522
"2021-06-09","5 day R","2020-12-08","DE","quantile","0.975",1.31770867062118
"2021-06-09","5 day R","2020-12-09","DE","point","NA",1.08754053076502
"2021-06-09","5 day R","2020-12-09","DE","quantile","0.025",0.856838460515026
"2021-06-09","5 day R","2020-12-09","DE","quantile","0.975",1.32407473135134
"2021-06-09","5 day R","2020-12-10","DE","point","NA",1.09348153286479
"2021-06-09","5 day R","2020-12-10","DE","quantile","0.025",0.861396366436951
"2021-06-09","5 day R","2020-12-10","DE","quantile","0.975",1.32852338409883
"2021-06-09","5 day R","2020-12-11","DE","point","NA",1.09298238092446
"2021-06-09","5 day R","2020-12-11","DE","quantile","0.025",0.859844760101198
"2021-06-09","5 day R","2020-12-11","DE","quantile","0.975",1.33075365519583
"2021-06-09","5 day R","2020-12-12","DE","point","NA",1.08658242347499
"2021-06-09","5 day R","2020-12-12","DE","quantile","0.025",0.852333199488585
"2021-06-09","5 day R","2020-12-12","DE","quantile","0.975",1.32149667676176
"2021-06-09","5 day R","2020-12-13","DE","point","NA",1.08076534977758
"2021-06-09","5 day R","2020-12-13","DE","quantile","0.025",0.848916836814141
"2021-06-09","5 day R","2020-12-13","DE","quantile","0.975",1.31603434029244
"2021-06-09","5 day R","2020-12-14","DE","point","NA",1.07268938159247
"2021-06-09","5 day R","2020-12-14","DE","quantile","0.025",0.839109633673526
"2021-06-09","5 day R","2020-12-14","DE","quantile","0.975",1.30795392953684
"2021-06-09","5 day R","2020-12-15","DE","point","NA",1.07362046236668
"2021-06-09","5 day R","2020-12-15","DE","quantile","0.025",0.836912134517597
"2021-06-09","5 day R","2020-12-15","DE","quantile","0.975",1.30942247473782
"2021-06-09","5 day R","2020-12-16","DE","point","NA",1.0666758858148
"2021-06-09","5 day R","2020-12-16","DE","quantile","0.025",0.834360996191292
"2021-06-09","5 day R","2020-12-16","DE","quantile","0.975",1.30126880090819
"2021-06-09","5 day R","2020-12-17","DE","point","NA",1.06052634051667
"2021-06-09","5 day R","2020-12-17","DE","quantile","0.025",0.825980152276637
"2021-06-09","5 day R","2020-12-17","DE","quantile","0.975",1.29739800937054
"2021-06-09","5 day R","2020-12-18","DE","point","NA",1.0555355699481
"2021-06-09","5 day R","2020-12-18","DE","quantile","0.025",0.825631574177826
"2021-06-09","5 day R","2020-12-18","DE","quantile","0.975",1.2916234899393
"2021-06-09","5 day R","2020-12-19","DE","point","NA",1.04075154262771
"2021-06-09","5 day R","2020-12-19","DE","quantile","0.025",0.808273807620439
"2021-06-09","5 day R","2020-12-19","DE","quantile","0.975",1.27789951265329
"2021-06-09","5 day R","2020-12-20","DE","point","NA",1.02816671928985
"2021-06-09","5 day R","2020-12-20","DE","quantile","0.025",0.795626622549664
"2021-06-09","5 day R","2020-12-20","DE","quantile","0.975",1.26357233560144
"2021-06-09","5 day R","2020-12-21","DE","point","NA",1.02173296729182
"2021-06-09","5 day R","2020-12-21","DE","quantile","0.025",0.788905800210063
"2021-06-09","5 day R","2020-12-21","DE","quantile","0.975",1.2589324158497
"2021-06-09","5 day R","2020-12-22","DE","point","NA",1.00918390637163
"2021-06-09","5 day R","2020-12-22","DE","quantile","0.025",0.7757252852846
"2021-06-09","5 day R","2020-12-22","DE","quantile","0.975",1.24607126889439
"2021-06-09","5 day R","2020-12-23","DE","point","NA",0.988777413766222
"2021-06-09","5 day R","2020-12-23","DE","quantile","0.025",0.756320767058174
"2021-06-09","5 day R","2020-12-23","DE","quantile","0.975",1.22729527346662
"2021-06-09","5 day R","2020-12-24","DE","point","NA",0.973579021845133
"2021-06-09","5 day R","2020-12-24","DE","quantile","0.025",0.739567744666388
"2021-06-09","5 day R","2020-12-24","DE","quantile","0.975",1.2105256653618
"2021-06-09","5 day R","2020-12-25","DE","point","NA",0.96409796961779
"2021-06-09","5 day R","2020-12-25","DE","quantile","0.025",0.726820611383801
"2021-06-09","5 day R","2020-12-25","DE","quantile","0.975",1.19921862951005
"2021-06-09","5 day R","2020-12-26","DE","point","NA",0.969593090191668
"2021-06-09","5 day R","2020-12-26","DE","quantile","0.025",0.73328916915161
"2021-06-09","5 day R","2020-12-26","DE","quantile","0.975",1.2059864918246
"2021-06-09","5 day R","2020-12-27","DE","point","NA",0.980384278901648
"2021-06-09","5 day R","2020-12-27","DE","quantile","0.025",0.747484772688137
"2021-06-09","5 day R","2020-12-27","DE","quantile","0.975",1.21619682008202
"2021-06-09","5 day R","2020-12-28","DE","point","NA",0.987153659464278
"2021-06-09","5 day R","2020-12-28","DE","quantile","0.025",0.753201740985799
"2021-06-09","5 day R","2020-12-28","DE","quantile","0.975",1.22022296753943
"2021-06-09","5 day R","2020-12-29","DE","point","NA",0.991344013105114
"2021-06-09","5 day R","2020-12-29","DE","quantile","0.025",0.758425732140931
"2021-06-09","5 day R","2020-12-29","DE","quantile","0.975",1.2247710654116
"2021-06-09","5 day R","2020-12-30","DE","point","NA",0.998253495250954
"2021-06-09","5 day R","2020-12-30","DE","quantile","0.025",0.763477724220167
"2021-06-09","5 day R","2020-12-30","DE","quantile","0.975",1.23098931365297
"2021-06-09","5 day R","2020-12-31","DE","point","NA",0.980473681047117
"2021-06-09","5 day R","2020-12-31","DE","quantile","0.025",0.746094743206049
"2021-06-09","5 day R","2020-12-31","DE","quantile","0.975",1.21291390721758
"2021-06-09","5 day R","2021-01-01","DE","point","NA",0.973537023635239
"2021-06-09","5 day R","2021-01-01","DE","quantile","0.025",0.738870759239768
"2021-06-09","5 day R","2021-01-01","DE","quantile","0.975",1.20896613031471
"2021-06-09","5 day R","2021-01-02","DE","point","NA",0.980713679393509
"2021-06-09","5 day R","2021-01-02","DE","quantile","0.025",0.743468019643816
"2021-06-09","5 day R","2021-01-02","DE","quantile","0.975",1.2136774028711
"2021-06-09","5 day R","2021-01-03","DE","point","NA",0.995049918176304
"2021-06-09","5 day R","2021-01-03","DE","quantile","0.025",0.760436417428788
"2021-06-09","5 day R","2021-01-03","DE","quantile","0.975",1.22931985073931
"2021-06-09","5 day R","2021-01-04","DE","point","NA",1.00753583719098
"2021-06-09","5 day R","2021-01-04","DE","quantile","0.025",0.7745174016936
"2021-06-09","5 day R","2021-01-04","DE","quantile","0.975",1.241541788573
"2021-06-09","5 day R","2021-01-05","DE","point","NA",1.01750230457641
"2021-06-09","5 day R","2021-01-05","DE","quantile","0.025",0.784440195658061
"2021-06-09","5 day R","2021-01-05","DE","quantile","0.975",1.25273552668565
"2021-06-09","5 day R","2021-01-06","DE","point","NA",1.02803033058866
"2021-06-09","5 day R","2021-01-06","DE","quantile","0.025",0.793748634465538
"2021-06-09","5 day R","2021-01-06","DE","quantile","0.975",1.26310232010755
"2021-06-09","5 day R","2021-01-07","DE","point","NA",1.03856318335264
"2021-06-09","5 day R","2021-01-07","DE","quantile","0.025",0.802298984715042
"2021-06-09","5 day R","2021-01-07","DE","quantile","0.975",1.28026655052537
"2021-06-09","5 day R","2021-01-08","DE","point","NA",1.02279472782175
"2021-06-09","5 day R","2021-01-08","DE","quantile","0.025",0.787053247762503
"2021-06-09","5 day R","2021-01-08","DE","quantile","0.975",1.26389310584201
"2021-06-09","5 day R","2021-01-09","DE","point","NA",1.00555692232622
"2021-06-09","5 day R","2021-01-09","DE","quantile","0.025",0.769613214837326
"2021-06-09","5 day R","2021-01-09","DE","quantile","0.975",1.24567814013237
"2021-06-09","5 day R","2021-01-10","DE","point","NA",0.986588609875502
"2021-06-09","5 day R","2021-01-10","DE","quantile","0.025",0.750016888002366
"2021-06-09","5 day R","2021-01-10","DE","quantile","0.975",1.22299304290348
"2021-06-09","5 day R","2021-01-11","DE","point","NA",0.977573621247454
"2021-06-09","5 day R","2021-01-11","DE","quantile","0.025",0.743828098115163
"2021-06-09","5 day R","2021-01-11","DE","quantile","0.975",1.20894950252569
"2021-06-09","5 day R","2021-01-12","DE","point","NA",0.968253932382601
"2021-06-09","5 day R","2021-01-12","DE","quantile","0.025",0.734687922837696
"2021-06-09","5 day R","2021-01-12","DE","quantile","0.975",1.20285473425475
"2021-06-09","5 day R","2021-01-13","DE","point","NA",0.949111765177452
"2021-06-09","5 day R","2021-01-13","DE","quantile","0.025",0.714134730670458
"2021-06-09","5 day R","2021-01-13","DE","quantile","0.975",1.18521115937804
"2021-06-09","5 day R","2021-01-14","DE","point","NA",0.935623168253604
"2021-06-09","5 day R","2021-01-14","DE","quantile","0.025",0.696772012309213
"2021-06-09","5 day R","2021-01-14","DE","quantile","0.975",1.17165368454094
"2021-06-09","5 day R","2021-01-15","DE","point","NA",0.92656857601488
"2021-06-09","5 day R","2021-01-15","DE","quantile","0.025",0.690863793378503
"2021-06-09","5 day R","2021-01-15","DE","quantile","0.975",1.15918346147434
"2021-06-09","5 day R","2021-01-16","DE","point","NA",0.925690332623693
"2021-06-09","5 day R","2021-01-16","DE","quantile","0.025",0.687522733548046
"2021-06-09","5 day R","2021-01-16","DE","quantile","0.975",1.16039566828762
"2021-06-09","5 day R","2021-01-17","DE","point","NA",0.923983613724751
"2021-06-09","5 day R","2021-01-17","DE","quantile","0.025",0.6872736938855
"2021-06-09","5 day R","2021-01-17","DE","quantile","0.975",1.15938058762236
"2021-06-09","5 day R","2021-01-18","DE","point","NA",0.918113990054174
"2021-06-09","5 day R","2021-01-18","DE","quantile","0.025",0.681051868837006
"2021-06-09","5 day R","2021-01-18","DE","quantile","0.975",1.15211813956766
"2021-06-09","5 day R","2021-01-19","DE","point","NA",0.912955520038757
"2021-06-09","5 day R","2021-01-19","DE","quantile","0.025",0.674525507552507
"2021-06-09","5 day R","2021-01-19","DE","quantile","0.975",1.14734038814615
"2021-06-09","5 day R","2021-01-20","DE","point","NA",0.91237947224455
"2021-06-09","5 day R","2021-01-20","DE","quantile","0.025",0.672772279930381
"2021-06-09","5 day R","2021-01-20","DE","quantile","0.975",1.14892259985795
"2021-06-09","5 day R","2021-01-21","DE","point","NA",0.90115066282228
"2021-06-09","5 day R","2021-01-21","DE","quantile","0.025",0.659582396647392
"2021-06-09","5 day R","2021-01-21","DE","quantile","0.975",1.13830511375836
"2021-06-09","5 day R","2021-01-22","DE","point","NA",0.904898158430008
"2021-06-09","5 day R","2021-01-22","DE","quantile","0.025",0.661413962036479
"2021-06-09","5 day R","2021-01-22","DE","quantile","0.975",1.14423356487728
"2021-06-09","5 day R","2021-01-23","DE","point","NA",0.903331100517327
"2021-06-09","5 day R","2021-01-23","DE","quantile","0.025",0.664538793359525
"2021-06-09","5 day R","2021-01-23","DE","quantile","0.975",1.14077263981333
"2021-06-09","5 day R","2021-01-24","DE","point","NA",0.901821673526362
"2021-06-09","5 day R","2021-01-24","DE","quantile","0.025",0.659210626341716
"2021-06-09","5 day R","2021-01-24","DE","quantile","0.975",1.13521086995374
"2021-06-09","5 day R","2021-01-25","DE","point","NA",0.894867707235345
"2021-06-09","5 day R","2021-01-25","DE","quantile","0.025",0.656114155017565
"2021-06-09","5 day R","2021-01-25","DE","quantile","0.975",1.13065921860303
"2021-06-09","5 day R","2021-01-26","DE","point","NA",0.889483576745327
"2021-06-09","5 day R","2021-01-26","DE","quantile","0.025",0.651521803842961
"2021-06-09","5 day R","2021-01-26","DE","quantile","0.975",1.12512189337893
"2021-06-09","5 day R","2021-01-27","DE","point","NA",0.888952287792559
"2021-06-09","5 day R","2021-01-27","DE","quantile","0.025",0.652129356101825
"2021-06-09","5 day R","2021-01-27","DE","quantile","0.975",1.12532448413152
"2021-06-09","5 day R","2021-01-28","DE","point","NA",0.894358735683268
"2021-06-09","5 day R","2021-01-28","DE","quantile","0.025",0.656731098915003
"2021-06-09","5 day R","2021-01-28","DE","quantile","0.975",1.1322812076574
"2021-06-09","5 day R","2021-01-29","DE","point","NA",0.898162317315236
"2021-06-09","5 day R","2021-01-29","DE","quantile","0.025",0.661892009893323
"2021-06-09","5 day R","2021-01-29","DE","quantile","0.975",1.13690789725801
"2021-06-09","5 day R","2021-01-30","DE","point","NA",0.899294670371855
"2021-06-09","5 day R","2021-01-30","DE","quantile","0.025",0.660744021634962
"2021-06-09","5 day R","2021-01-30","DE","quantile","0.975",1.13871512441405
"2021-06-09","5 day R","2021-01-31","DE","point","NA",0.889043316180209
"2021-06-09","5 day R","2021-01-31","DE","quantile","0.025",0.646649455420494
"2021-06-09","5 day R","2021-01-31","DE","quantile","0.975",1.12733222411545
"2021-06-09","5 day R","2021-02-01","DE","point","NA",0.885603763325301
"2021-06-09","5 day R","2021-02-01","DE","quantile","0.025",0.64537371884732
"2021-06-09","5 day R","2021-02-01","DE","quantile","0.975",1.12455120312044
"2021-06-09","5 day R","2021-02-02","DE","point","NA",0.882648676784665
"2021-06-09","5 day R","2021-02-02","DE","quantile","0.025",0.642000297142141
"2021-06-09","5 day R","2021-02-02","DE","quantile","0.975",1.11874912578909
"2021-06-09","5 day R","2021-02-03","DE","point","NA",0.883919097943635
"2021-06-09","5 day R","2021-02-03","DE","quantile","0.025",0.647007101859284
"2021-06-09","5 day R","2021-02-03","DE","quantile","0.975",1.11942163469698
"2021-06-09","5 day R","2021-02-04","DE","point","NA",0.890340440436872
"2021-06-09","5 day R","2021-02-04","DE","quantile","0.025",0.655069166415333
"2021-06-09","5 day R","2021-02-04","DE","quantile","0.975",1.12633513315281
"2021-06-09","5 day R","2021-02-05","DE","point","NA",0.89478642765621
"2021-06-09","5 day R","2021-02-05","DE","quantile","0.025",0.658206081422455
"2021-06-09","5 day R","2021-02-05","DE","quantile","0.975",1.13010325620234
"2021-06-09","5 day R","2021-02-06","DE","point","NA",0.895678697584858
"2021-06-09","5 day R","2021-02-06","DE","quantile","0.025",0.653877999226559
"2021-06-09","5 day R","2021-02-06","DE","quantile","0.975",1.13265716884305
"2021-06-09","5 day R","2021-02-07","DE","point","NA",0.896385724945577
"2021-06-09","5 day R","2021-02-07","DE","quantile","0.025",0.657909055532773
"2021-06-09","5 day R","2021-02-07","DE","quantile","0.975",1.13284492036079
"2021-06-09","5 day R","2021-02-08","DE","point","NA",0.892310067733839
"2021-06-09","5 day R","2021-02-08","DE","quantile","0.025",0.649469809746089
"2021-06-09","5 day R","2021-02-08","DE","quantile","0.975",1.13037489985036
"2021-06-09","5 day R","2021-02-09","DE","point","NA",0.890584457691156
"2021-06-09","5 day R","2021-02-09","DE","quantile","0.025",0.650883824933151
"2021-06-09","5 day R","2021-02-09","DE","quantile","0.975",1.12774920993116
"2021-06-09","5 day R","2021-02-10","DE","point","NA",0.89414508650422
"2021-06-09","5 day R","2021-02-10","DE","quantile","0.025",0.656164056673028
"2021-06-09","5 day R","2021-02-10","DE","quantile","0.975",1.1295909709691
"2021-06-09","5 day R","2021-02-11","DE","point","NA",0.906206158504755
"2021-06-09","5 day R","2021-02-11","DE","quantile","0.025",0.667692240496423
"2021-06-09","5 day R","2021-02-11","DE","quantile","0.975",1.14331308002924
"2021-06-09","5 day R","2021-02-12","DE","point","NA",0.919325819670438
"2021-06-09","5 day R","2021-02-12","DE","quantile","0.025",0.681763131821496
"2021-06-09","5 day R","2021-02-12","DE","quantile","0.975",1.15787900457185
"2021-06-09","5 day R","2021-02-13","DE","point","NA",0.929614820242535
"2021-06-09","5 day R","2021-02-13","DE","quantile","0.025",0.691631031194135
"2021-06-09","5 day R","2021-02-13","DE","quantile","0.975",1.16550425126516
"2021-06-09","5 day R","2021-02-14","DE","point","NA",0.93963000161811
"2021-06-09","5 day R","2021-02-14","DE","quantile","0.025",0.702008669781832
"2021-06-09","5 day R","2021-02-14","DE","quantile","0.975",1.1788756795098
"2021-06-09","5 day R","2021-02-15","DE","point","NA",0.947265505736616
"2021-06-09","5 day R","2021-02-15","DE","quantile","0.025",0.712086273606203
"2021-06-09","5 day R","2021-02-15","DE","quantile","0.975",1.18474876119378
"2021-06-09","5 day R","2021-02-16","DE","point","NA",0.953910067127538
"2021-06-09","5 day R","2021-02-16","DE","quantile","0.025",0.718885606893738
"2021-06-09","5 day R","2021-02-16","DE","quantile","0.975",1.19085723604755
"2021-06-09","5 day R","2021-02-17","DE","point","NA",0.963943507457491
"2021-06-09","5 day R","2021-02-17","DE","quantile","0.025",0.726835447483356
"2021-06-09","5 day R","2021-02-17","DE","quantile","0.975",1.20151919423111
"2021-06-09","5 day R","2021-02-18","DE","point","NA",0.977399912792496
"2021-06-09","5 day R","2021-02-18","DE","quantile","0.025",0.740883780150772
"2021-06-09","5 day R","2021-02-18","DE","quantile","0.975",1.21381806813417
"2021-06-09","5 day R","2021-02-19","DE","point","NA",0.989881464915027
"2021-06-09","5 day R","2021-02-19","DE","quantile","0.025",0.754632876555526
"2021-06-09","5 day R","2021-02-19","DE","quantile","0.975",1.2221687702773
"2021-06-09","5 day R","2021-02-20","DE","point","NA",0.999261957451459
"2021-06-09","5 day R","2021-02-20","DE","quantile","0.025",0.764100202854613
"2021-06-09","5 day R","2021-02-20","DE","quantile","0.975",1.23476146069659
"2021-06-09","5 day R","2021-02-21","DE","point","NA",1.00783638256561
"2021-06-09","5 day R","2021-02-21","DE","quantile","0.025",0.771807226554034
"2021-06-09","5 day R","2021-02-21","DE","quantile","0.975",1.24174620522443
"2021-06-09","5 day R","2021-02-22","DE","point","NA",1.0123698744126
"2021-06-09","5 day R","2021-02-22","DE","quantile","0.025",0.775234961997621
"2021-06-09","5 day R","2021-02-22","DE","quantile","0.975",1.24454505638092
"2021-06-09","5 day R","2021-02-23","DE","point","NA",1.01605800295201
"2021-06-09","5 day R","2021-02-23","DE","quantile","0.025",0.775879130574778
"2021-06-09","5 day R","2021-02-23","DE","quantile","0.975",1.24980080896333
"2021-06-09","5 day R","2021-02-24","DE","point","NA",1.02511878022213
"2021-06-09","5 day R","2021-02-24","DE","quantile","0.025",0.787724471839341
"2021-06-09","5 day R","2021-02-24","DE","quantile","0.975",1.26024670900984
"2021-06-09","5 day R","2021-02-25","DE","point","NA",1.03489839190073
"2021-06-09","5 day R","2021-02-25","DE","quantile","0.025",0.797852602171961
"2021-06-09","5 day R","2021-02-25","DE","quantile","0.975",1.27244939653388
"2021-06-09","5 day R","2021-02-26","DE","point","NA",1.04263565765357
"2021-06-09","5 day R","2021-02-26","DE","quantile","0.025",0.808538112502561
"2021-06-09","5 day R","2021-02-26","DE","quantile","0.975",1.27895648142352
"2021-06-09","5 day R","2021-02-27","DE","point","NA",1.04861160427944
"2021-06-09","5 day R","2021-02-27","DE","quantile","0.025",0.811947526283285
"2021-06-09","5 day R","2021-02-27","DE","quantile","0.975",1.28434165404673
"2021-06-09","5 day R","2021-02-28","DE","point","NA",1.05413033244509
"2021-06-09","5 day R","2021-02-28","DE","quantile","0.025",0.819458682921527
"2021-06-09","5 day R","2021-02-28","DE","quantile","0.975",1.28814736241125
"2021-06-09","5 day R","2021-03-01","DE","point","NA",1.05559602833481
"2021-06-09","5 day R","2021-03-01","DE","quantile","0.025",0.817280085887016
"2021-06-09","5 day R","2021-03-01","DE","quantile","0.975",1.29039142453533
"2021-06-09","5 day R","2021-03-02","DE","point","NA",1.05738707240033
"2021-06-09","5 day R","2021-03-02","DE","quantile","0.025",0.821817035228128
"2021-06-09","5 day R","2021-03-02","DE","quantile","0.975",1.29503025773225
"2021-06-09","5 day R","2021-03-03","DE","point","NA",1.06576581631984
"2021-06-09","5 day R","2021-03-03","DE","quantile","0.025",0.827382173352329
"2021-06-09","5 day R","2021-03-03","DE","quantile","0.975",1.30378979566561
"2021-06-09","5 day R","2021-03-04","DE","point","NA",1.07815093649444
"2021-06-09","5 day R","2021-03-04","DE","quantile","0.025",0.84272578327729
"2021-06-09","5 day R","2021-03-04","DE","quantile","0.975",1.31743536109354
"2021-06-09","5 day R","2021-03-05","DE","point","NA",1.0883771054516
"2021-06-09","5 day R","2021-03-05","DE","quantile","0.025",0.852086700465238
"2021-06-09","5 day R","2021-03-05","DE","quantile","0.975",1.32660262146272
"2021-06-09","5 day R","2021-03-06","DE","point","NA",1.09950936005612
"2021-06-09","5 day R","2021-03-06","DE","quantile","0.025",0.866853763666709
"2021-06-09","5 day R","2021-03-06","DE","quantile","0.975",1.33675305333953
"2021-06-09","5 day R","2021-03-07","DE","point","NA",1.11003871362876
"2021-06-09","5 day R","2021-03-07","DE","quantile","0.025",0.873474198435989
"2021-06-09","5 day R","2021-03-07","DE","quantile","0.975",1.34675623817025
"2021-06-09","5 day R","2021-03-08","DE","point","NA",1.11714558480764
"2021-06-09","5 day R","2021-03-08","DE","quantile","0.025",0.882168990001159
"2021-06-09","5 day R","2021-03-08","DE","quantile","0.975",1.35382961522482
"2021-06-09","5 day R","2021-03-09","DE","point","NA",1.12600299745326
"2021-06-09","5 day R","2021-03-09","DE","quantile","0.025",0.89000831891671
"2021-06-09","5 day R","2021-03-09","DE","quantile","0.975",1.3621061229791
"2021-06-09","5 day R","2021-03-10","DE","point","NA",1.14491243015833
"2021-06-09","5 day R","2021-03-10","DE","quantile","0.025",0.909110109060031
"2021-06-09","5 day R","2021-03-10","DE","quantile","0.975",1.38208303327242
"2021-06-09","5 day R","2021-03-11","DE","point","NA",1.13839784293384
"2021-06-09","5 day R","2021-03-11","DE","quantile","0.025",0.90010155442674
"2021-06-09","5 day R","2021-03-11","DE","quantile","0.975",1.37668457622362
"2021-06-09","5 day R","2021-03-12","DE","point","NA",1.15409771011999
"2021-06-09","5 day R","2021-03-12","DE","quantile","0.025",0.915249694707014
"2021-06-09","5 day R","2021-03-12","DE","quantile","0.975",1.39359408532878
"2021-06-09","5 day R","2021-03-13","DE","point","NA",1.16572099092083
"2021-06-09","5 day R","2021-03-13","DE","quantile","0.025",0.929251092591255
"2021-06-09","5 day R","2021-03-13","DE","quantile","0.975",1.40645708090187
"2021-06-09","5 day R","2021-03-14","DE","point","NA",1.1758140697056
"2021-06-09","5 day R","2021-03-14","DE","quantile","0.025",0.93823709825228
"2021-06-09","5 day R","2021-03-14","DE","quantile","0.975",1.41678420607999
"2021-06-09","5 day R","2021-03-15","DE","point","NA",1.17997861183047
"2021-06-09","5 day R","2021-03-15","DE","quantile","0.025",0.943487386409254
"2021-06-09","5 day R","2021-03-15","DE","quantile","0.975",1.41928387869376
"2021-06-09","5 day R","2021-03-16","DE","point","NA",1.18435116581053
"2021-06-09","5 day R","2021-03-16","DE","quantile","0.025",0.949474984244501
"2021-06-09","5 day R","2021-03-16","DE","quantile","0.975",1.4237945601652
"2021-06-09","5 day R","2021-03-17","DE","point","NA",1.1784426389729
"2021-06-09","5 day R","2021-03-17","DE","quantile","0.025",0.941085057552129
"2021-06-09","5 day R","2021-03-17","DE","quantile","0.975",1.41901893450918
"2021-06-09","5 day R","2021-03-18","DE","point","NA",1.19471360547803
"2021-06-09","5 day R","2021-03-18","DE","quantile","0.025",0.959323467739968
"2021-06-09","5 day R","2021-03-18","DE","quantile","0.975",1.43267629542982
"2021-06-09","5 day R","2021-03-19","DE","point","NA",1.18409833673724
"2021-06-09","5 day R","2021-03-19","DE","quantile","0.025",0.946492145584594
"2021-06-09","5 day R","2021-03-19","DE","quantile","0.975",1.42341587723277
"2021-06-09","5 day R","2021-03-20","DE","point","NA",1.17393148587256
"2021-06-09","5 day R","2021-03-20","DE","quantile","0.025",0.93757432580628
"2021-06-09","5 day R","2021-03-20","DE","quantile","0.975",1.41186072745838
"2021-06-09","5 day R","2021-03-21","DE","point","NA",1.16417751426368
"2021-06-09","5 day R","2021-03-21","DE","quantile","0.025",0.926076064626216
"2021-06-09","5 day R","2021-03-21","DE","quantile","0.975",1.40239256997562
"2021-06-09","5 day R","2021-03-22","DE","point","NA",1.16690893312774
"2021-06-09","5 day R","2021-03-22","DE","quantile","0.025",0.931609767386052
"2021-06-09","5 day R","2021-03-22","DE","quantile","0.975",1.40503558015376
"2021-06-09","5 day R","2021-03-23","DE","point","NA",1.16858736225123
"2021-06-09","5 day R","2021-03-23","DE","quantile","0.025",0.933924210594699
"2021-06-09","5 day R","2021-03-23","DE","quantile","0.975",1.40772714975803
"2021-06-09","5 day R","2021-03-24","DE","point","NA",1.16105802027771
"2021-06-09","5 day R","2021-03-24","DE","quantile","0.025",0.92392845509961
"2021-06-09","5 day R","2021-03-24","DE","quantile","0.975",1.40041525462364
"2021-06-09","5 day R","2021-03-25","DE","point","NA",1.15038998948427
"2021-06-09","5 day R","2021-03-25","DE","quantile","0.025",0.913618485488776
"2021-06-09","5 day R","2021-03-25","DE","quantile","0.975",1.38694840183924
"2021-06-09","5 day R","2021-03-26","DE","point","NA",1.14045496805436
"2021-06-09","5 day R","2021-03-26","DE","quantile","0.025",0.904562944972634
"2021-06-09","5 day R","2021-03-26","DE","quantile","0.975",1.37696748813948
"2021-06-09","5 day R","2021-03-27","DE","point","NA",1.1285201765938
"2021-06-09","5 day R","2021-03-27","DE","quantile","0.025",0.890425106948407
"2021-06-09","5 day R","2021-03-27","DE","quantile","0.975",1.36618886725983
"2021-06-09","5 day R","2021-03-28","DE","point","NA",1.11519893554739
"2021-06-09","5 day R","2021-03-28","DE","quantile","0.025",0.881186860195894
"2021-06-09","5 day R","2021-03-28","DE","quantile","0.975",1.3518048633232
"2021-06-09","5 day R","2021-03-29","DE","point","NA",1.11073940843367
"2021-06-09","5 day R","2021-03-29","DE","quantile","0.025",0.877386961433841
"2021-06-09","5 day R","2021-03-29","DE","quantile","0.975",1.34583547659976
"2021-06-09","5 day R","2021-03-30","DE","point","NA",1.10453851109989
"2021-06-09","5 day R","2021-03-30","DE","quantile","0.025",0.86971936593518
"2021-06-09","5 day R","2021-03-30","DE","quantile","0.975",1.33998182145465
"2021-06-09","5 day R","2021-03-31","DE","point","NA",1.09147383590385
"2021-06-09","5 day R","2021-03-31","DE","quantile","0.025",0.853873526446878
"2021-06-09","5 day R","2021-03-31","DE","quantile","0.975",1.32359042407554
"2021-06-09","5 day R","2021-04-01","DE","point","NA",1.07869165802799
"2021-06-09","5 day R","2021-04-01","DE","quantile","0.025",0.842998123284499
"2021-06-09","5 day R","2021-04-01","DE","quantile","0.975",1.31025023600965
"2021-06-09","5 day R","2021-04-02","DE","point","NA",1.06841216175181
"2021-06-09","5 day R","2021-04-02","DE","quantile","0.025",0.831972830836662
"2021-06-09","5 day R","2021-04-02","DE","quantile","0.975",1.30476860599557
"2021-06-09","5 day R","2021-04-03","DE","point","NA",1.06342124088495
"2021-06-09","5 day R","2021-04-03","DE","quantile","0.025",0.824055062324737
"2021-06-09","5 day R","2021-04-03","DE","quantile","0.975",1.29710375514697
"2021-06-09","5 day R","2021-04-04","DE","point","NA",1.07372372153286
"2021-06-09","5 day R","2021-04-04","DE","quantile","0.025",0.836552995667597
"2021-06-09","5 day R","2021-04-04","DE","quantile","0.975",1.30770984725354
"2021-06-09","5 day R","2021-04-05","DE","point","NA",1.0791657712419
"2021-06-09","5 day R","2021-04-05","DE","quantile","0.025",0.844347511453407
"2021-06-09","5 day R","2021-04-05","DE","quantile","0.975",1.31087533974202
"2021-06-09","5 day R","2021-04-06","DE","point","NA",1.08949441535422
"2021-06-09","5 day R","2021-04-06","DE","quantile","0.025",0.852933947171437
"2021-06-09","5 day R","2021-04-06","DE","quantile","0.975",1.32278004381005
"2021-06-09","5 day R","2021-04-07","DE","point","NA",1.11880676832048
"2021-06-09","5 day R","2021-04-07","DE","quantile","0.025",0.882379416875
"2021-06-09","5 day R","2021-04-07","DE","quantile","0.975",1.353368287375
"2021-06-09","5 day R","2021-04-08","DE","point","NA",1.12618585858639
"2021-06-09","5 day R","2021-04-08","DE","quantile","0.025",0.890392818269355
"2021-06-09","5 day R","2021-04-08","DE","quantile","0.975",1.36351433878806
"2021-06-09","5 day R","2021-04-09","DE","point","NA",1.12599130817397
"2021-06-09","5 day R","2021-04-09","DE","quantile","0.025",0.891568290650232
"2021-06-09","5 day R","2021-04-09","DE","quantile","0.975",1.36165223943177
"2021-06-09","5 day R","2021-04-10","DE","point","NA",1.12152630518541
"2021-06-09","5 day R","2021-04-10","DE","quantile","0.025",0.887570963490942
"2021-06-09","5 day R","2021-04-10","DE","quantile","0.975",1.36133037705652
"2021-06-09","5 day R","2021-04-11","DE","point","NA",1.11549121131971
"2021-06-09","5 day R","2021-04-11","DE","quantile","0.025",0.877486974232472
"2021-06-09","5 day R","2021-04-11","DE","quantile","0.975",1.35566995149663
"2021-06-09","5 day R","2021-04-12","DE","point","NA",1.11757585840363
"2021-06-09","5 day R","2021-04-12","DE","quantile","0.025",0.878740903669204
"2021-06-09","5 day R","2021-04-12","DE","quantile","0.975",1.35666313454951
"2021-06-09","5 day R","2021-04-13","DE","point","NA",1.11723981470289
"2021-06-09","5 day R","2021-04-13","DE","quantile","0.025",0.884208663955439
"2021-06-09","5 day R","2021-04-13","DE","quantile","0.975",1.35655165961014
"2021-06-09","5 day R","2021-04-14","DE","point","NA",1.10545359425079
"2021-06-09","5 day R","2021-04-14","DE","quantile","0.025",0.866480669855162
"2021-06-09","5 day R","2021-04-14","DE","quantile","0.975",1.34517847528184
"2021-06-09","5 day R","2021-04-15","DE","point","NA",1.09095547248076
"2021-06-09","5 day R","2021-04-15","DE","quantile","0.025",0.85627505574841
"2021-06-09","5 day R","2021-04-15","DE","quantile","0.975",1.32558208830289
"2021-06-09","5 day R","2021-04-16","DE","point","NA",1.08058505454926
"2021-06-09","5 day R","2021-04-16","DE","quantile","0.025",0.844618544913137
"2021-06-09","5 day R","2021-04-16","DE","quantile","0.975",1.31835297428256
"2021-06-09","5 day R","2021-04-17","DE","point","NA",1.06887971563407
"2021-06-09","5 day R","2021-04-17","DE","quantile","0.025",0.835151158049345
"2021-06-09","5 day R","2021-04-17","DE","quantile","0.975",1.30435940096934
"2021-06-09","5 day R","2021-04-18","DE","point","NA",1.05759817315893
"2021-06-09","5 day R","2021-04-18","DE","quantile","0.025",0.825138470155233
"2021-06-09","5 day R","2021-04-18","DE","quantile","0.975",1.2946224569232
"2021-06-09","5 day R","2021-04-19","DE","point","NA",1.05592200757961
"2021-06-09","5 day R","2021-04-19","DE","quantile","0.025",0.819078974810203
"2021-06-09","5 day R","2021-04-19","DE","quantile","0.975",1.29567541201349
"2021-06-09","5 day R","2021-04-20","DE","point","NA",1.05220023123744
"2021-06-09","5 day R","2021-04-20","DE","quantile","0.025",0.817329395405088
"2021-06-09","5 day R","2021-04-20","DE","quantile","0.975",1.28855291473464
"2021-06-09","5 day R","2021-04-21","DE","point","NA",1.03922824388433
"2021-06-09","5 day R","2021-04-21","DE","quantile","0.025",0.803088082495665
"2021-06-09","5 day R","2021-04-21","DE","quantile","0.975",1.27871402064584
"2021-06-09","5 day R","2021-04-22","DE","point","NA",1.03074693005627
"2021-06-09","5 day R","2021-04-22","DE","quantile","0.025",0.795309150510911
"2021-06-09","5 day R","2021-04-22","DE","quantile","0.975",1.26522183972012
"2021-06-09","5 day R","2021-04-23","DE","point","NA",1.01702683829405
"2021-06-09","5 day R","2021-04-23","DE","quantile","0.025",0.7780257958638
"2021-06-09","5 day R","2021-04-23","DE","quantile","0.975",1.25305793757355
"2021-06-09","5 day R","2021-04-24","DE","point","NA",1.00533585226314
"2021-06-09","5 day R","2021-04-24","DE","quantile","0.025",0.767628474067137
"2021-06-09","5 day R","2021-04-24","DE","quantile","0.975",1.24262990939178
"2021-06-09","5 day R","2021-04-25","DE","point","NA",0.998297676633473
"2021-06-09","5 day R","2021-04-25","DE","quantile","0.025",0.761887016426592
"2021-06-09","5 day R","2021-04-25","DE","quantile","0.975",1.23735251139386
"2021-06-09","5 day R","2021-04-26","DE","point","NA",0.984312659864313
"2021-06-09","5 day R","2021-04-26","DE","quantile","0.025",0.746781057199883
"2021-06-09","5 day R","2021-04-26","DE","quantile","0.975",1.22280910629322
"2021-06-09","5 day R","2021-04-27","DE","point","NA",0.975466547703908
"2021-06-09","5 day R","2021-04-27","DE","quantile","0.025",0.736216792119743
"2021-06-09","5 day R","2021-04-27","DE","quantile","0.975",1.21177345399238
"2021-06-09","5 day R","2021-04-28","DE","point","NA",0.963777945186951
"2021-06-09","5 day R","2021-04-28","DE","quantile","0.025",0.725169273290496
"2021-06-09","5 day R","2021-04-28","DE","quantile","0.975",1.20061628490465
"2021-06-09","5 day R","2021-04-29","DE","point","NA",0.948971393926134
"2021-06-09","5 day R","2021-04-29","DE","quantile","0.025",0.713854216280635
"2021-06-09","5 day R","2021-04-29","DE","quantile","0.975",1.1851091411606
"2021-06-09","5 day R","2021-04-30","DE","point","NA",0.936561023867433
"2021-06-09","5 day R","2021-04-30","DE","quantile","0.025",0.700418425942615
"2021-06-09","5 day R","2021-04-30","DE","quantile","0.975",1.17458432445966
"2021-06-09","5 day R","2021-05-01","DE","point","NA",0.930029848058106
"2021-06-09","5 day R","2021-05-01","DE","quantile","0.025",0.689361295782323
"2021-06-09","5 day R","2021-05-01","DE","quantile","0.975",1.16710244468279
"2021-06-09","5 day R","2021-05-02","DE","point","NA",0.920570396648371
"2021-06-09","5 day R","2021-05-02","DE","quantile","0.025",0.682807878660017
"2021-06-09","5 day R","2021-05-02","DE","quantile","0.975",1.15926897948398
"2021-06-09","5 day R","2021-05-03","DE","point","NA",0.909710148424581
"2021-06-09","5 day R","2021-05-03","DE","quantile","0.025",0.670798545146339
"2021-06-09","5 day R","2021-05-03","DE","quantile","0.975",1.15281435234942
"2021-06-09","5 day R","2021-05-04","DE","point","NA",0.902093583970537
"2021-06-09","5 day R","2021-05-04","DE","quantile","0.025",0.66391094777893
"2021-06-09","5 day R","2021-05-04","DE","quantile","0.975",1.14190173057979
"2021-06-09","5 day R","2021-05-05","DE","point","NA",0.888956718153581
"2021-06-09","5 day R","2021-05-05","DE","quantile","0.025",0.651477175721942
"2021-06-09","5 day R","2021-05-05","DE","quantile","0.975",1.12938587657382
"2021-06-09","5 day R","2021-05-06","DE","point","NA",0.873321025756027
"2021-06-09","5 day R","2021-05-06","DE","quantile","0.025",0.634312787103311
"2021-06-09","5 day R","2021-05-06","DE","quantile","0.975",1.10902644948468
"2021-06-09","5 day R","2021-05-07","DE","point","NA",0.862372290181348
"2021-06-09","5 day R","2021-05-07","DE","quantile","0.025",0.622843197578016
"2021-06-09","5 day R","2021-05-07","DE","quantile","0.975",1.09845680668425
"2021-06-09","5 day R","2021-05-08","DE","point","NA",0.852021310070058
"2021-06-09","5 day R","2021-05-08","DE","quantile","0.025",0.615923258779484
"2021-06-09","5 day R","2021-05-08","DE","quantile","0.975",1.08860746091506
"2021-06-09","5 day R","2021-05-09","DE","point","NA",0.84020991110686
"2021-06-09","5 day R","2021-05-09","DE","quantile","0.025",0.603994403580321
"2021-06-09","5 day R","2021-05-09","DE","quantile","0.975",1.07475672251512
"2021-06-09","5 day R","2021-05-10","DE","point","NA",0.836767266919076
"2021-06-09","5 day R","2021-05-10","DE","quantile","0.025",0.601206033716
"2021-06-09","5 day R","2021-05-10","DE","quantile","0.975",1.0706401919583
"2021-06-09","5 day R","2021-05-11","DE","point","NA",0.829721828288686
"2021-06-09","5 day R","2021-05-11","DE","quantile","0.025",0.592099516937392
"2021-06-09","5 day R","2021-05-11","DE","quantile","0.975",1.06445471301506
"2021-06-09","5 day R","2021-05-12","DE","point","NA",0.813873286907532
"2021-06-09","5 day R","2021-05-12","DE","quantile","0.025",0.575869968135684
"2021-06-09","5 day R","2021-05-12","DE","quantile","0.975",1.04974340225251
"2021-06-09","5 day R","2021-05-13","DE","point","NA",0.811928747614045
"2021-06-09","5 day R","2021-05-13","DE","quantile","0.025",0.57587815028786
"2021-06-09","5 day R","2021-05-13","DE","quantile","0.975",1.04588392682821
"2021-06-09","5 day R","2021-05-14","DE","point","NA",0.811156867720882
"2021-06-09","5 day R","2021-05-14","DE","quantile","0.025",0.574146067324233
"2021-06-09","5 day R","2021-05-14","DE","quantile","0.975",1.04632834277496
"2021-06-09","5 day R","2021-05-15","DE","point","NA",0.809975380005439
"2021-06-09","5 day R","2021-05-15","DE","quantile","0.025",0.573991089000596
"2021-06-09","5 day R","2021-05-15","DE","quantile","0.975",1.04541329813628
"2021-06-09","5 day R","2021-05-16","DE","point","NA",0.810123696772319
"2021-06-09","5 day R","2021-05-16","DE","quantile","0.025",0.57450978747061
"2021-06-09","5 day R","2021-05-16","DE","quantile","0.975",1.04316371036999
"2021-06-09","5 day R","2021-05-17","DE","point","NA",0.804112880611695
"2021-06-09","5 day R","2021-05-17","DE","quantile","0.025",0.568673848765602
"2021-06-09","5 day R","2021-05-17","DE","quantile","0.975",1.03601970203529
"2021-06-09","5 day R","2021-05-18","DE","point","NA",0.794985967061439
"2021-06-09","5 day R","2021-05-18","DE","quantile","0.025",0.557202286020101
"2021-06-09","5 day R","2021-05-18","DE","quantile","0.975",1.03233785818166
"2021-06-09","5 day R","2021-05-19","DE","point","NA",0.792350669913849
"2021-06-09","5 day R","2021-05-19","DE","quantile","0.025",0.554969455710455
"2021-06-09","5 day R","2021-05-19","DE","quantile","0.975",1.02698584327516
"2021-06-09","5 day R","2021-05-20","DE","point","NA",0.785790842355666
"2021-06-09","5 day R","2021-05-20","DE","quantile","0.025",0.54767443940274
"2021-06-09","5 day R","2021-05-20","DE","quantile","0.975",1.02301767949902
"2021-06-09","5 day R","2021-05-21","DE","point","NA",0.778934724178477
"2021-06-09","5 day R","2021-05-21","DE","quantile","0.025",0.541788228578473
"2021-06-09","5 day R","2021-05-21","DE","quantile","0.975",1.0101087964583
"2021-06-09","5 day R","2021-05-22","DE","point","NA",0.771662109946938
"2021-06-09","5 day R","2021-05-22","DE","quantile","0.025",0.532623143799052
"2021-06-09","5 day R","2021-05-22","DE","quantile","0.975",1.00760532684651
"2021-06-09","5 day R","2021-05-23","DE","point","NA",0.7618588063943
"2021-06-09","5 day R","2021-05-23","DE","quantile","0.025",0.523170545876203
"2021-06-09","5 day R","2021-05-23","DE","quantile","0.975",0.997421011065763
"2021-06-09","5 day R","2021-05-24","DE","point","NA",0.748162510943405
"2021-06-09","5 day R","2021-05-24","DE","quantile","0.025",0.508581126498439
"2021-06-09","5 day R","2021-05-24","DE","quantile","0.975",0.984641971233088
"2021-06-09","5 day R","2021-05-25","DE","point","NA",0.736839682989697
"2021-06-09","5 day R","2021-05-25","DE","quantile","0.025",0.494273383266551
"2021-06-09","5 day R","2021-05-25","DE","quantile","0.975",0.975382248238278
"2021-06-09","5 day R","2021-05-26","DE","point","NA",0.739194436044219
"2021-06-09","5 day R","2021-05-26","DE","quantile","0.025",0.499149929701529
"2021-06-09","5 day R","2021-05-26","DE","quantile","0.975",0.977276810566126
"2021-06-09","5 day R","2021-05-27","DE","point","NA",0.749230072289615
"2021-06-09","5 day R","2021-05-27","DE","quantile","0.025",0.506452405537593
"2021-06-09","5 day R","2021-05-27","DE","quantile","0.975",0.990833004059763
"2021-06-09","5 day R","2021-05-28","DE","point","NA",0.757243742059444
"2021-06-09","5 day R","2021-05-28","DE","quantile","0.025",0.515983920914455
"2021-06-09","5 day R","2021-05-28","DE","quantile","0.975",1.00144540888665
"2021-06-09","5 day R","2021-05-29","DE","point","NA",0.758780073293504
"2021-06-09","5 day R","2021-05-29","DE","quantile","0.025",0.5157147825217
"2021-06-09","5 day R","2021-05-29","DE","quantile","0.975",1.00502949120679
"2021-06-09","5 day R","2021-05-30","DE","point","NA",0.756233251390188
"2021-06-09","5 day R","2021-05-30","DE","quantile","0.025",0.511551187377851
"2021-06-09","5 day R","2021-05-30","DE","quantile","0.975",1.00294557973339
"2021-06-09","5 day R","2021-05-31","DE","point","NA",0.749528906449275
"2021-06-09","5 day R","2021-05-31","DE","quantile","0.025",0.500326035742088
"2021-06-09","5 day R","2021-05-31","DE","quantile","0.975",0.998058375263676
"2021-06-09","5 day R","2021-06-01","DE","point","NA",0.742554494836102
"2021-06-09","5 day R","2021-06-01","DE","quantile","0.025",0.488228331952748
"2021-06-09","5 day R","2021-06-01","DE","quantile","0.975",0.992142229964804
"2021-06-09","5 day R","2021-06-02","DE","point","NA",0.741322989407329
"2021-06-09","5 day R","2021-06-02","DE","quantile","0.025",0.480558427822522
"2021-06-09","5 day R","2021-06-02","DE","quantile","0.975",1.00108060863479
"2021-06-09","5 day R","2021-06-03","DE","point","NA",0.738924960262151
"2021-06-09","5 day R","2021-06-03","DE","quantile","0.025",0.472809424675086
"2021-06-09","5 day R","2021-06-03","DE","quantile","0.975",1.00838404277593
"2021-06-09","5 day R","2021-06-04","DE","point","NA",0.741479884944975
"2021-06-09","5 day R","2021-06-04","DE","quantile","0.025",0.464604632640905
"2021-06-09","5 day R","2021-06-04","DE","quantile","0.975",1.01747629582855
"2021-06-09","5 day R","2021-06-05","DE","point","NA",0.745626419395766
"2021-06-09","5 day R","2021-06-05","DE","quantile","0.025",0.458909103765557
"2021-06-09","5 day R","2021-06-05","DE","quantile","0.975",1.03163130028357
"2021-06-09","5 day R","2021-06-06","DE","point","NA",0.750168740845733
"2021-06-09","5 day R","2021-06-06","DE","quantile","0.025",0.441172382449177
"2021-06-09","5 day R","2021-06-06","DE","quantile","0.975",1.05359757273369
"2021-06-09","5 day R","2021-06-07","DE","point","NA",0.75133227526542
"2021-06-09","5 day R","2021-06-07","DE","quantile","0.025",0.422056402919455
"2021-06-09","5 day R","2021-06-07","DE","quantile","0.975",1.07871406296504
"2021-06-08","5 day R","2020-03-09","AU","point","NA",2.228185238859
"2021-06-08","5 day R","2020-03-09","AU","quantile","0.025",1.96504879199433
"2021-06-08","5 day R","2020-03-09","AU","quantile","0.975",2.49118498691446
"2021-06-08","5 day R","2020-03-10","AU","point","NA",2.25856688660919
"2021-06-08","5 day R","2020-03-10","AU","quantile","0.025",2.02212612486805
"2021-06-08","5 day R","2020-03-10","AU","quantile","0.975",2.49690996597944
"2021-06-08","5 day R","2020-03-11","AU","point","NA",2.29745522893683
"2021-06-08","5 day R","2020-03-11","AU","quantile","0.025",2.07469012525682
"2021-06-08","5 day R","2020-03-11","AU","quantile","0.975",2.52449368297668
"2021-06-08","5 day R","2020-03-12","AU","point","NA",2.32658552087493
"2021-06-08","5 day R","2020-03-12","AU","quantile","0.025",2.11239328579728
"2021-06-08","5 day R","2020-03-12","AU","quantile","0.975",2.54510737940693
"2021-06-08","5 day R","2020-03-13","AU","point","NA",2.3857883248737
"2021-06-08","5 day R","2020-03-13","AU","quantile","0.025",2.16782157962244
"2021-06-08","5 day R","2020-03-13","AU","quantile","0.975",2.6115077860094
"2021-06-08","5 day R","2020-03-14","AU","point","NA",2.32272162565011
"2021-06-08","5 day R","2020-03-14","AU","quantile","0.025",2.11489998579583
"2021-06-08","5 day R","2020-03-14","AU","quantile","0.975",2.53876324416882
"2021-06-08","5 day R","2020-03-15","AU","point","NA",2.24532522798961
"2021-06-08","5 day R","2020-03-15","AU","quantile","0.025",2.04388255713421
"2021-06-08","5 day R","2020-03-15","AU","quantile","0.975",2.45423066106599
"2021-06-08","5 day R","2020-03-16","AU","point","NA",2.17310084368963
"2021-06-08","5 day R","2020-03-16","AU","quantile","0.025",1.97531796868778
"2021-06-08","5 day R","2020-03-16","AU","quantile","0.975",2.37712551275648
"2021-06-08","5 day R","2020-03-17","AU","point","NA",2.12505598975699
"2021-06-08","5 day R","2020-03-17","AU","quantile","0.025",1.9264373344813
"2021-06-08","5 day R","2020-03-17","AU","quantile","0.975",2.32682932695141
"2021-06-08","5 day R","2020-03-18","AU","point","NA",2.05653249681437
"2021-06-08","5 day R","2020-03-18","AU","quantile","0.025",1.85872811715031
"2021-06-08","5 day R","2020-03-18","AU","quantile","0.975",2.2574351411215
"2021-06-08","5 day R","2020-03-19","AU","point","NA",1.97759964988091
"2021-06-08","5 day R","2020-03-19","AU","quantile","0.025",1.78177818594687
"2021-06-08","5 day R","2020-03-19","AU","quantile","0.975",2.1769669096125
"2021-06-08","5 day R","2020-03-20","AU","point","NA",1.90234763004291
"2021-06-08","5 day R","2020-03-20","AU","quantile","0.025",1.70653178291497
"2021-06-08","5 day R","2020-03-20","AU","quantile","0.975",2.10099909202905
"2021-06-08","5 day R","2020-03-21","AU","point","NA",1.88142076964197
"2021-06-08","5 day R","2020-03-21","AU","quantile","0.025",1.68185700685127
"2021-06-08","5 day R","2020-03-21","AU","quantile","0.975",2.08046545733496
"2021-06-08","5 day R","2020-03-22","AU","point","NA",1.85634170310154
"2021-06-08","5 day R","2020-03-22","AU","quantile","0.025",1.65518747783294
"2021-06-08","5 day R","2020-03-22","AU","quantile","0.975",2.06251867675244
"2021-06-08","5 day R","2020-03-23","AU","point","NA",1.78292527550308
"2021-06-08","5 day R","2020-03-23","AU","quantile","0.025",1.58363033799813
"2021-06-08","5 day R","2020-03-23","AU","quantile","0.975",1.98653001269681
"2021-06-08","5 day R","2020-03-24","AU","point","NA",1.65954769115338
"2021-06-08","5 day R","2020-03-24","AU","quantile","0.025",1.46108283728908
"2021-06-08","5 day R","2020-03-24","AU","quantile","0.975",1.85833312451294
"2021-06-08","5 day R","2020-03-25","AU","point","NA",1.5422378526775
"2021-06-08","5 day R","2020-03-25","AU","quantile","0.025",1.34718873632771
"2021-06-08","5 day R","2020-03-25","AU","quantile","0.975",1.73883426699577
"2021-06-08","5 day R","2020-03-26","AU","point","NA",1.46976686873642
"2021-06-08","5 day R","2020-03-26","AU","quantile","0.025",1.27176579177597
"2021-06-08","5 day R","2020-03-26","AU","quantile","0.975",1.66507469437185
"2021-06-08","5 day R","2020-03-27","AU","point","NA",1.33458972150002
"2021-06-08","5 day R","2020-03-27","AU","quantile","0.025",1.13776527383055
"2021-06-08","5 day R","2020-03-27","AU","quantile","0.975",1.52952864419109
"2021-06-08","5 day R","2020-03-28","AU","point","NA",1.23469081978598
"2021-06-08","5 day R","2020-03-28","AU","quantile","0.025",1.03801369312334
"2021-06-08","5 day R","2020-03-28","AU","quantile","0.975",1.43096364772358
"2021-06-08","5 day R","2020-03-29","AU","point","NA",1.14773451692625
"2021-06-08","5 day R","2020-03-29","AU","quantile","0.025",0.947835586419728
"2021-06-08","5 day R","2020-03-29","AU","quantile","0.975",1.34331608768451
"2021-06-08","5 day R","2020-03-30","AU","point","NA",1.0851707323162
"2021-06-08","5 day R","2020-03-30","AU","quantile","0.025",0.89072407973586
"2021-06-08","5 day R","2020-03-30","AU","quantile","0.975",1.28172583565197
"2021-06-08","5 day R","2020-03-31","AU","point","NA",0.998419290385852
"2021-06-08","5 day R","2020-03-31","AU","quantile","0.025",0.797521093840704
"2021-06-08","5 day R","2020-03-31","AU","quantile","0.975",1.19463024725236
"2021-06-08","5 day R","2020-04-01","AU","point","NA",0.925851554621106
"2021-06-08","5 day R","2020-04-01","AU","quantile","0.025",0.724380916078574
"2021-06-08","5 day R","2020-04-01","AU","quantile","0.975",1.12215983606834
"2021-06-08","5 day R","2020-04-02","AU","point","NA",0.846105139972608
"2021-06-08","5 day R","2020-04-02","AU","quantile","0.025",0.644501922099425
"2021-06-08","5 day R","2020-04-02","AU","quantile","0.975",1.04318471924174
"2021-06-08","5 day R","2020-04-03","AU","point","NA",0.790899146412809
"2021-06-08","5 day R","2020-04-03","AU","quantile","0.025",0.587985877189039
"2021-06-08","5 day R","2020-04-03","AU","quantile","0.975",0.987458278242806
"2021-06-08","5 day R","2020-04-04","AU","point","NA",0.758894836706135
"2021-06-08","5 day R","2020-04-04","AU","quantile","0.025",0.558149489790623
"2021-06-08","5 day R","2020-04-04","AU","quantile","0.975",0.95784693380072
"2021-06-08","5 day R","2020-04-05","AU","point","NA",0.742441342083421
"2021-06-08","5 day R","2020-04-05","AU","quantile","0.025",0.54204151661821
"2021-06-08","5 day R","2020-04-05","AU","quantile","0.975",0.939292865721608
"2021-06-08","5 day R","2020-04-06","AU","point","NA",0.73564305654697
"2021-06-08","5 day R","2020-04-06","AU","quantile","0.025",0.536981620782542
"2021-06-08","5 day R","2020-04-06","AU","quantile","0.975",0.931881529708731
"2021-06-08","5 day R","2020-04-07","AU","point","NA",0.730174825258145
"2021-06-08","5 day R","2020-04-07","AU","quantile","0.025",0.532165306321262
"2021-06-08","5 day R","2020-04-07","AU","quantile","0.975",0.925048643150586
"2021-06-08","5 day R","2020-04-08","AU","point","NA",0.720410693017882
"2021-06-08","5 day R","2020-04-08","AU","quantile","0.025",0.523935301755231
"2021-06-08","5 day R","2020-04-08","AU","quantile","0.975",0.913591902722432
"2021-06-08","5 day R","2020-04-09","AU","point","NA",0.696956968357042
"2021-06-08","5 day R","2020-04-09","AU","quantile","0.025",0.501431818467444
"2021-06-08","5 day R","2020-04-09","AU","quantile","0.975",0.889079268415266
"2021-06-08","5 day R","2020-04-10","AU","point","NA",0.675616589071489
"2021-06-08","5 day R","2020-04-10","AU","quantile","0.025",0.479180601808862
"2021-06-08","5 day R","2020-04-10","AU","quantile","0.975",0.868057181741196
"2021-06-08","5 day R","2020-04-11","AU","point","NA",0.655504890065245
"2021-06-08","5 day R","2020-04-11","AU","quantile","0.025",0.460412587151741
"2021-06-08","5 day R","2020-04-11","AU","quantile","0.975",0.850920561615736
"2021-06-08","5 day R","2020-04-12","AU","point","NA",0.628841999191223
"2021-06-08","5 day R","2020-04-12","AU","quantile","0.025",0.432526469565729
"2021-06-08","5 day R","2020-04-12","AU","quantile","0.975",0.825641744946471
"2021-06-08","5 day R","2020-04-13","AU","point","NA",0.613526946476613
"2021-06-08","5 day R","2020-04-13","AU","quantile","0.025",0.415329668812273
"2021-06-08","5 day R","2020-04-13","AU","quantile","0.975",0.808655198312449
"2021-06-08","5 day R","2020-04-14","AU","point","NA",0.603941535810668
"2021-06-08","5 day R","2020-04-14","AU","quantile","0.025",0.409767048806207
"2021-06-08","5 day R","2020-04-14","AU","quantile","0.975",0.797762801849078
"2021-06-08","5 day R","2020-04-15","AU","point","NA",0.590875294566238
"2021-06-08","5 day R","2020-04-15","AU","quantile","0.025",0.39442444850324
"2021-06-08","5 day R","2020-04-15","AU","quantile","0.975",0.785434409683523
"2021-06-08","5 day R","2020-04-16","AU","point","NA",0.576773252093653
"2021-06-08","5 day R","2020-04-16","AU","quantile","0.025",0.380947587415466
"2021-06-08","5 day R","2020-04-16","AU","quantile","0.975",0.770867974770621
"2021-06-08","5 day R","2020-04-17","AU","point","NA",0.566293591515558
"2021-06-08","5 day R","2020-04-17","AU","quantile","0.025",0.367619308003312
"2021-06-08","5 day R","2020-04-17","AU","quantile","0.975",0.760552751820733
"2021-06-08","5 day R","2020-04-18","AU","point","NA",0.564692274341931
"2021-06-08","5 day R","2020-04-18","AU","quantile","0.025",0.366218833771003
"2021-06-08","5 day R","2020-04-18","AU","quantile","0.975",0.761222745207755
"2021-06-08","5 day R","2020-04-19","AU","point","NA",0.574537889214769
"2021-06-08","5 day R","2020-04-19","AU","quantile","0.025",0.375251141160853
"2021-06-08","5 day R","2020-04-19","AU","quantile","0.975",0.772472713034664
"2021-06-08","5 day R","2020-04-20","AU","point","NA",0.587369154217063
"2021-06-08","5 day R","2020-04-20","AU","quantile","0.025",0.389091396121179
"2021-06-08","5 day R","2020-04-20","AU","quantile","0.975",0.78451025451009
"2021-06-08","5 day R","2020-04-21","AU","point","NA",0.601823738208199
"2021-06-08","5 day R","2020-04-21","AU","quantile","0.025",0.400679550224479
"2021-06-08","5 day R","2020-04-21","AU","quantile","0.975",0.797377709762538
"2021-06-08","5 day R","2020-04-22","AU","point","NA",0.622097749869449
"2021-06-08","5 day R","2020-04-22","AU","quantile","0.025",0.424163535058091
"2021-06-08","5 day R","2020-04-22","AU","quantile","0.975",0.812707564173319
"2021-06-08","5 day R","2020-04-23","AU","point","NA",0.643097678713157
"2021-06-08","5 day R","2020-04-23","AU","quantile","0.025",0.445554785455074
"2021-06-08","5 day R","2020-04-23","AU","quantile","0.975",0.834476978617383
"2021-06-08","5 day R","2020-04-24","AU","point","NA",0.668741938599194
"2021-06-08","5 day R","2020-04-24","AU","quantile","0.025",0.475937688864084
"2021-06-08","5 day R","2020-04-24","AU","quantile","0.975",0.862719055801473
"2021-06-08","5 day R","2020-04-25","AU","point","NA",0.698866530713267
"2021-06-08","5 day R","2020-04-25","AU","quantile","0.025",0.504119106287398
"2021-06-08","5 day R","2020-04-25","AU","quantile","0.975",0.895284790444202
"2021-06-08","5 day R","2020-04-26","AU","point","NA",0.724246458431157
"2021-06-08","5 day R","2020-04-26","AU","quantile","0.025",0.532003554897761
"2021-06-08","5 day R","2020-04-26","AU","quantile","0.975",0.920100463652317
"2021-06-08","5 day R","2020-04-27","AU","point","NA",0.736558691698201
"2021-06-08","5 day R","2020-04-27","AU","quantile","0.025",0.542623170929522
"2021-06-08","5 day R","2020-04-27","AU","quantile","0.975",0.935553524653916
"2021-06-08","5 day R","2020-04-28","AU","point","NA",0.74194943299793
"2021-06-08","5 day R","2020-04-28","AU","quantile","0.025",0.546651933049386
"2021-06-08","5 day R","2020-04-28","AU","quantile","0.975",0.939926628628163
"2021-06-08","5 day R","2020-04-29","AU","point","NA",0.735702423461027
"2021-06-08","5 day R","2020-04-29","AU","quantile","0.025",0.54140792806764
"2021-06-08","5 day R","2020-04-29","AU","quantile","0.975",0.932071346336545
"2021-06-08","5 day R","2020-04-30","AU","point","NA",0.72893561632386
"2021-06-08","5 day R","2020-04-30","AU","quantile","0.025",0.532825321894807
"2021-06-08","5 day R","2020-04-30","AU","quantile","0.975",0.925316641521971
"2021-06-08","5 day R","2020-05-01","AU","point","NA",0.738015478943456
"2021-06-08","5 day R","2020-05-01","AU","quantile","0.025",0.544234946890455
"2021-06-08","5 day R","2020-05-01","AU","quantile","0.975",0.93174494017223
"2021-06-08","5 day R","2020-05-02","AU","point","NA",0.725004823209046
"2021-06-08","5 day R","2020-05-02","AU","quantile","0.025",0.527900547231873
"2021-06-08","5 day R","2020-05-02","AU","quantile","0.975",0.918203459880204
"2021-06-08","5 day R","2020-05-03","AU","point","NA",0.742080785094791
"2021-06-08","5 day R","2020-05-03","AU","quantile","0.025",0.546452411447201
"2021-06-08","5 day R","2020-05-03","AU","quantile","0.975",0.936503787710294
"2021-06-08","5 day R","2020-05-04","AU","point","NA",0.762403550628162
"2021-06-08","5 day R","2020-05-04","AU","quantile","0.025",0.566036648526811
"2021-06-08","5 day R","2020-05-04","AU","quantile","0.975",0.958509090684246
"2021-06-08","5 day R","2020-05-05","AU","point","NA",0.785762164611359
"2021-06-08","5 day R","2020-05-05","AU","quantile","0.025",0.590526182065916
"2021-06-08","5 day R","2020-05-05","AU","quantile","0.975",0.979428329277877
"2021-06-08","5 day R","2020-05-06","AU","point","NA",0.834043381071419
"2021-06-08","5 day R","2020-05-06","AU","quantile","0.025",0.641733430169865
"2021-06-08","5 day R","2020-05-06","AU","quantile","0.975",1.0283312590085
"2021-06-08","5 day R","2020-05-07","AU","point","NA",0.874852408702901
"2021-06-08","5 day R","2020-05-07","AU","quantile","0.025",0.678285672829181
"2021-06-08","5 day R","2020-05-07","AU","quantile","0.975",1.06642368495375
"2021-06-08","5 day R","2020-05-08","AU","point","NA",0.8887466736769
"2021-06-08","5 day R","2020-05-08","AU","quantile","0.025",0.692931373816686
"2021-06-08","5 day R","2020-05-08","AU","quantile","0.975",1.08204961615769
"2021-06-08","5 day R","2020-05-09","AU","point","NA",0.92877034630412
"2021-06-08","5 day R","2020-05-09","AU","quantile","0.025",0.734319785458331
"2021-06-08","5 day R","2020-05-09","AU","quantile","0.975",1.12223517209143
"2021-06-08","5 day R","2020-05-10","AU","point","NA",0.957406614111322
"2021-06-08","5 day R","2020-05-10","AU","quantile","0.025",0.764677245914601
"2021-06-08","5 day R","2020-05-10","AU","quantile","0.975",1.15133143886824
"2021-06-08","5 day R","2020-05-11","AU","point","NA",0.987382905116955
"2021-06-08","5 day R","2020-05-11","AU","quantile","0.025",0.795439258656439
"2021-06-08","5 day R","2020-05-11","AU","quantile","0.975",1.18213904606567
"2021-06-08","5 day R","2020-05-12","AU","point","NA",1.04305619269557
"2021-06-08","5 day R","2020-05-12","AU","quantile","0.025",0.846581321096261
"2021-06-08","5 day R","2020-05-12","AU","quantile","0.975",1.241419167604
"2021-06-08","5 day R","2020-05-13","AU","point","NA",1.04482175602143
"2021-06-08","5 day R","2020-05-13","AU","quantile","0.025",0.849376528166705
"2021-06-08","5 day R","2020-05-13","AU","quantile","0.975",1.24340828476312
"2021-06-08","5 day R","2020-05-14","AU","point","NA",1.04826546841558
"2021-06-08","5 day R","2020-05-14","AU","quantile","0.025",0.852408456145883
"2021-06-08","5 day R","2020-05-14","AU","quantile","0.975",1.24608805911104
"2021-06-08","5 day R","2020-05-15","AU","point","NA",1.04568643047875
"2021-06-08","5 day R","2020-05-15","AU","quantile","0.025",0.847328111193145
"2021-06-08","5 day R","2020-05-15","AU","quantile","0.975",1.24504496410698
"2021-06-08","5 day R","2020-05-16","AU","point","NA",1.03873430462584
"2021-06-08","5 day R","2020-05-16","AU","quantile","0.025",0.84393270206407
"2021-06-08","5 day R","2020-05-16","AU","quantile","0.975",1.23783532614761
"2021-06-08","5 day R","2020-05-17","AU","point","NA",0.996095817207539
"2021-06-08","5 day R","2020-05-17","AU","quantile","0.025",0.800874868284848
"2021-06-08","5 day R","2020-05-17","AU","quantile","0.975",1.1920233081523
"2021-06-08","5 day R","2020-05-18","AU","point","NA",0.958775263625736
"2021-06-08","5 day R","2020-05-18","AU","quantile","0.025",0.76596325105373
"2021-06-08","5 day R","2020-05-18","AU","quantile","0.975",1.15193152448531
"2021-06-08","5 day R","2020-05-19","AU","point","NA",0.933959853724544
"2021-06-08","5 day R","2020-05-19","AU","quantile","0.025",0.740084659856637
"2021-06-08","5 day R","2020-05-19","AU","quantile","0.975",1.12531474382646
"2021-06-08","5 day R","2020-05-20","AU","point","NA",0.908409403532012
"2021-06-08","5 day R","2020-05-20","AU","quantile","0.025",0.713868228990367
"2021-06-08","5 day R","2020-05-20","AU","quantile","0.975",1.10433484131142
"2021-06-08","5 day R","2020-05-21","AU","point","NA",0.88773984845034
"2021-06-08","5 day R","2020-05-21","AU","quantile","0.025",0.691722424566366
"2021-06-08","5 day R","2020-05-21","AU","quantile","0.975",1.08277130056112
"2021-06-08","5 day R","2020-05-22","AU","point","NA",0.866723476042919
"2021-06-08","5 day R","2020-05-22","AU","quantile","0.025",0.671924446276129
"2021-06-08","5 day R","2020-05-22","AU","quantile","0.975",1.05909533668291
"2021-06-08","5 day R","2020-05-23","AU","point","NA",0.855679390802596
"2021-06-08","5 day R","2020-05-23","AU","quantile","0.025",0.659430854267426
"2021-06-08","5 day R","2020-05-23","AU","quantile","0.975",1.04957145699798
"2021-06-08","5 day R","2020-05-24","AU","point","NA",0.846103668188878
"2021-06-08","5 day R","2020-05-24","AU","quantile","0.025",0.650587137110388
"2021-06-08","5 day R","2020-05-24","AU","quantile","0.975",1.03954793385805
"2021-06-08","5 day R","2020-05-25","AU","point","NA",0.855083122699463
"2021-06-08","5 day R","2020-05-25","AU","quantile","0.025",0.659577037743923
"2021-06-08","5 day R","2020-05-25","AU","quantile","0.975",1.04817324442373
"2021-06-08","5 day R","2020-05-26","AU","point","NA",0.849928483963224
"2021-06-08","5 day R","2020-05-26","AU","quantile","0.025",0.654161510965528
"2021-06-08","5 day R","2020-05-26","AU","quantile","0.975",1.04397954068982
"2021-06-08","5 day R","2020-05-27","AU","point","NA",0.870195050988483
"2021-06-08","5 day R","2020-05-27","AU","quantile","0.025",0.674952171725066
"2021-06-08","5 day R","2020-05-27","AU","quantile","0.975",1.06246813385877
"2021-06-08","5 day R","2020-05-28","AU","point","NA",0.87274096870399
"2021-06-08","5 day R","2020-05-28","AU","quantile","0.025",0.676110238704527
"2021-06-08","5 day R","2020-05-28","AU","quantile","0.975",1.07007887634908
"2021-06-08","5 day R","2020-05-29","AU","point","NA",0.873235500281154
"2021-06-08","5 day R","2020-05-29","AU","quantile","0.025",0.677820055044327
"2021-06-08","5 day R","2020-05-29","AU","quantile","0.975",1.06875840042839
"2021-06-08","5 day R","2020-05-30","AU","point","NA",0.884114012586114
"2021-06-08","5 day R","2020-05-30","AU","quantile","0.025",0.689930447261667
"2021-06-08","5 day R","2020-05-30","AU","quantile","0.975",1.08220382517854
"2021-06-08","5 day R","2020-05-31","AU","point","NA",0.910243360922628
"2021-06-08","5 day R","2020-05-31","AU","quantile","0.025",0.71457965339767
"2021-06-08","5 day R","2020-05-31","AU","quantile","0.975",1.10606295591423
"2021-06-08","5 day R","2020-06-01","AU","point","NA",0.893038291948499
"2021-06-08","5 day R","2020-06-01","AU","quantile","0.025",0.695806153569962
"2021-06-08","5 day R","2020-06-01","AU","quantile","0.975",1.08904090045917
"2021-06-08","5 day R","2020-06-02","AU","point","NA",0.923327706245747
"2021-06-08","5 day R","2020-06-02","AU","quantile","0.025",0.729208273742478
"2021-06-08","5 day R","2020-06-02","AU","quantile","0.975",1.11758460274313
"2021-06-08","5 day R","2020-06-03","AU","point","NA",0.953563601572098
"2021-06-08","5 day R","2020-06-03","AU","quantile","0.025",0.75963559870778
"2021-06-08","5 day R","2020-06-03","AU","quantile","0.975",1.14851695014847
"2021-06-08","5 day R","2020-06-04","AU","point","NA",1.00665022237898
"2021-06-08","5 day R","2020-06-04","AU","quantile","0.025",0.812491790873246
"2021-06-08","5 day R","2020-06-04","AU","quantile","0.975",1.20143168088536
"2021-06-08","5 day R","2020-06-05","AU","point","NA",1.0465488111418
"2021-06-08","5 day R","2020-06-05","AU","quantile","0.025",0.851762523338243
"2021-06-08","5 day R","2020-06-05","AU","quantile","0.975",1.24400499519288
"2021-06-08","5 day R","2020-06-06","AU","point","NA",1.06864133917559
"2021-06-08","5 day R","2020-06-06","AU","quantile","0.025",0.874122299334846
"2021-06-08","5 day R","2020-06-06","AU","quantile","0.975",1.26456313996412
"2021-06-08","5 day R","2020-06-07","AU","point","NA",1.05205631801912
"2021-06-08","5 day R","2020-06-07","AU","quantile","0.025",0.859631789604327
"2021-06-08","5 day R","2020-06-07","AU","quantile","0.975",1.2458125947803
"2021-06-08","5 day R","2020-06-08","AU","point","NA",1.07768270249802
"2021-06-08","5 day R","2020-06-08","AU","quantile","0.025",0.881506501913121
"2021-06-08","5 day R","2020-06-08","AU","quantile","0.975",1.27132046739913
"2021-06-08","5 day R","2020-06-09","AU","point","NA",1.02357476289995
"2021-06-08","5 day R","2020-06-09","AU","quantile","0.025",0.831003281112015
"2021-06-08","5 day R","2020-06-09","AU","quantile","0.975",1.21752898635412
"2021-06-08","5 day R","2020-06-10","AU","point","NA",1.00747437260533
"2021-06-08","5 day R","2020-06-10","AU","quantile","0.025",0.814611574211103
"2021-06-08","5 day R","2020-06-10","AU","quantile","0.975",1.19869103474187
"2021-06-08","5 day R","2020-06-11","AU","point","NA",0.995596961339671
"2021-06-08","5 day R","2020-06-11","AU","quantile","0.025",0.800064035170943
"2021-06-08","5 day R","2020-06-11","AU","quantile","0.975",1.18585513689783
"2021-06-08","5 day R","2020-06-12","AU","point","NA",0.988508255744755
"2021-06-08","5 day R","2020-06-12","AU","quantile","0.025",0.790256233846674
"2021-06-08","5 day R","2020-06-12","AU","quantile","0.975",1.1826955083306
"2021-06-08","5 day R","2020-06-13","AU","point","NA",0.994768015047398
"2021-06-08","5 day R","2020-06-13","AU","quantile","0.025",0.795957312676093
"2021-06-08","5 day R","2020-06-13","AU","quantile","0.975",1.19118561903675
"2021-06-08","5 day R","2020-06-14","AU","point","NA",1.04746475669899
"2021-06-08","5 day R","2020-06-14","AU","quantile","0.025",0.852575007727466
"2021-06-08","5 day R","2020-06-14","AU","quantile","0.975",1.24247316563495
"2021-06-08","5 day R","2020-06-15","AU","point","NA",1.07854565702867
"2021-06-08","5 day R","2020-06-15","AU","quantile","0.025",0.884705657249746
"2021-06-08","5 day R","2020-06-15","AU","quantile","0.975",1.27423834538642
"2021-06-08","5 day R","2020-06-16","AU","point","NA",1.11517581353387
"2021-06-08","5 day R","2020-06-16","AU","quantile","0.025",0.921146829789516
"2021-06-08","5 day R","2020-06-16","AU","quantile","0.975",1.31030003059087
"2021-06-08","5 day R","2020-06-17","AU","point","NA",1.09021014164137
"2021-06-08","5 day R","2020-06-17","AU","quantile","0.025",0.895426209644706
"2021-06-08","5 day R","2020-06-17","AU","quantile","0.975",1.28605538218119
"2021-06-08","5 day R","2020-06-18","AU","point","NA",1.10332362557694
"2021-06-08","5 day R","2020-06-18","AU","quantile","0.025",0.907741971173193
"2021-06-08","5 day R","2020-06-18","AU","quantile","0.975",1.29896654642276
"2021-06-08","5 day R","2020-06-19","AU","point","NA",1.14082312686703
"2021-06-08","5 day R","2020-06-19","AU","quantile","0.025",0.944349929858088
"2021-06-08","5 day R","2020-06-19","AU","quantile","0.975",1.33627679786825
"2021-06-08","5 day R","2020-06-20","AU","point","NA",1.15392683630274
"2021-06-08","5 day R","2020-06-20","AU","quantile","0.025",0.959337965498222
"2021-06-08","5 day R","2020-06-20","AU","quantile","0.975",1.34974133262715
"2021-06-08","5 day R","2020-06-21","AU","point","NA",1.14419996102273
"2021-06-08","5 day R","2020-06-21","AU","quantile","0.025",0.949682392776581
"2021-06-08","5 day R","2020-06-21","AU","quantile","0.975",1.33888471426746
"2021-06-08","5 day R","2020-06-22","AU","point","NA",1.16413692495518
"2021-06-08","5 day R","2020-06-22","AU","quantile","0.025",0.97062673141501
"2021-06-08","5 day R","2020-06-22","AU","quantile","0.975",1.36132356196657
"2021-06-08","5 day R","2020-06-23","AU","point","NA",1.17823094782523
"2021-06-08","5 day R","2020-06-23","AU","quantile","0.025",0.984789391017149
"2021-06-08","5 day R","2020-06-23","AU","quantile","0.975",1.37299714479772
"2021-06-08","5 day R","2020-06-24","AU","point","NA",1.20264862812875
"2021-06-08","5 day R","2020-06-24","AU","quantile","0.025",1.00728913921158
"2021-06-08","5 day R","2020-06-24","AU","quantile","0.975",1.39956358410816
"2021-06-08","5 day R","2020-06-25","AU","point","NA",1.22841907112888
"2021-06-08","5 day R","2020-06-25","AU","quantile","0.025",1.03538932013596
"2021-06-08","5 day R","2020-06-25","AU","quantile","0.975",1.42427545560891
"2021-06-08","5 day R","2020-06-26","AU","point","NA",1.27414613546447
"2021-06-08","5 day R","2020-06-26","AU","quantile","0.025",1.07982588893273
"2021-06-08","5 day R","2020-06-26","AU","quantile","0.975",1.46888084550608
"2021-06-08","5 day R","2020-06-27","AU","point","NA",1.33153086049699
"2021-06-08","5 day R","2020-06-27","AU","quantile","0.025",1.13483192909787
"2021-06-08","5 day R","2020-06-27","AU","quantile","0.975",1.53078169999816
"2021-06-08","5 day R","2020-06-28","AU","point","NA",1.37602311845263
"2021-06-08","5 day R","2020-06-28","AU","quantile","0.025",1.17728093740859
"2021-06-08","5 day R","2020-06-28","AU","quantile","0.975",1.57458815245031
"2021-06-08","5 day R","2020-06-29","AU","point","NA",1.38320318472349
"2021-06-08","5 day R","2020-06-29","AU","quantile","0.025",1.18745035920115
"2021-06-08","5 day R","2020-06-29","AU","quantile","0.975",1.58422060591708
"2021-06-08","5 day R","2020-06-30","AU","point","NA",1.37672743868219
"2021-06-08","5 day R","2020-06-30","AU","quantile","0.025",1.18169950077943
"2021-06-08","5 day R","2020-06-30","AU","quantile","0.975",1.57652029886846
"2021-06-08","5 day R","2020-07-01","AU","point","NA",1.38686815463252
"2021-06-08","5 day R","2020-07-01","AU","quantile","0.025",1.1889480703702
"2021-06-08","5 day R","2020-07-01","AU","quantile","0.975",1.59084074195496
"2021-06-08","5 day R","2020-07-02","AU","point","NA",1.35920223741686
"2021-06-08","5 day R","2020-07-02","AU","quantile","0.025",1.16355020831499
"2021-06-08","5 day R","2020-07-02","AU","quantile","0.975",1.55680734074119
"2021-06-08","5 day R","2020-07-03","AU","point","NA",1.34201495045849
"2021-06-08","5 day R","2020-07-03","AU","quantile","0.025",1.1462445897894
"2021-06-08","5 day R","2020-07-03","AU","quantile","0.975",1.53949858832776
"2021-06-08","5 day R","2020-07-04","AU","point","NA",1.31613733843631
"2021-06-08","5 day R","2020-07-04","AU","quantile","0.025",1.11931958395313
"2021-06-08","5 day R","2020-07-04","AU","quantile","0.975",1.51387384832952
"2021-06-08","5 day R","2020-07-05","AU","point","NA",1.27603998688498
"2021-06-08","5 day R","2020-07-05","AU","quantile","0.025",1.08118526762318
"2021-06-08","5 day R","2020-07-05","AU","quantile","0.975",1.47189581619252
"2021-06-08","5 day R","2020-07-06","AU","point","NA",1.22369824928415
"2021-06-08","5 day R","2020-07-06","AU","quantile","0.025",1.02650844591118
"2021-06-08","5 day R","2020-07-06","AU","quantile","0.975",1.41689650034609
"2021-06-08","5 day R","2020-07-07","AU","point","NA",1.17575537944195
"2021-06-08","5 day R","2020-07-07","AU","quantile","0.025",0.980251625989785
"2021-06-08","5 day R","2020-07-07","AU","quantile","0.975",1.36787113797185
"2021-06-08","5 day R","2020-07-08","AU","point","NA",1.14529523546683
"2021-06-08","5 day R","2020-07-08","AU","quantile","0.025",0.949815412239754
"2021-06-08","5 day R","2020-07-08","AU","quantile","0.975",1.34088177056236
"2021-06-08","5 day R","2020-07-09","AU","point","NA",1.12883784683157
"2021-06-08","5 day R","2020-07-09","AU","quantile","0.025",0.932224199314071
"2021-06-08","5 day R","2020-07-09","AU","quantile","0.975",1.32113728571675
"2021-06-08","5 day R","2020-07-10","AU","point","NA",1.1058293177005
"2021-06-08","5 day R","2020-07-10","AU","quantile","0.025",0.91005495359419
"2021-06-08","5 day R","2020-07-10","AU","quantile","0.975",1.29929297190727
"2021-06-08","5 day R","2020-07-11","AU","point","NA",1.10126413802232
"2021-06-08","5 day R","2020-07-11","AU","quantile","0.025",0.906742029952273
"2021-06-08","5 day R","2020-07-11","AU","quantile","0.975",1.29449795443705
"2021-06-08","5 day R","2020-07-12","AU","point","NA",1.11517571760137
"2021-06-08","5 day R","2020-07-12","AU","quantile","0.025",0.919500355788554
"2021-06-08","5 day R","2020-07-12","AU","quantile","0.975",1.30734689810628
"2021-06-08","5 day R","2020-07-13","AU","point","NA",1.11474769027618
"2021-06-08","5 day R","2020-07-13","AU","quantile","0.025",0.921371274739548
"2021-06-08","5 day R","2020-07-13","AU","quantile","0.975",1.31005154975181
"2021-06-08","5 day R","2020-07-14","AU","point","NA",1.13333713143921
"2021-06-08","5 day R","2020-07-14","AU","quantile","0.025",0.939783308901998
"2021-06-08","5 day R","2020-07-14","AU","quantile","0.975",1.32585996759518
"2021-06-08","5 day R","2020-07-15","AU","point","NA",1.15481182049584
"2021-06-08","5 day R","2020-07-15","AU","quantile","0.025",0.960365656020868
"2021-06-08","5 day R","2020-07-15","AU","quantile","0.975",1.34883456047504
"2021-06-08","5 day R","2020-07-16","AU","point","NA",1.15637056997465
"2021-06-08","5 day R","2020-07-16","AU","quantile","0.025",0.963736251523915
"2021-06-08","5 day R","2020-07-16","AU","quantile","0.975",1.35051863811485
"2021-06-08","5 day R","2020-07-17","AU","point","NA",1.15305513458312
"2021-06-08","5 day R","2020-07-17","AU","quantile","0.025",0.959705910520125
"2021-06-08","5 day R","2020-07-17","AU","quantile","0.975",1.34637596826363
"2021-06-08","5 day R","2020-07-18","AU","point","NA",1.12734314032397
"2021-06-08","5 day R","2020-07-18","AU","quantile","0.025",0.936265893857825
"2021-06-08","5 day R","2020-07-18","AU","quantile","0.975",1.32261536472268
"2021-06-08","5 day R","2020-07-19","AU","point","NA",1.09727310451849
"2021-06-08","5 day R","2020-07-19","AU","quantile","0.025",0.90448592017674
"2021-06-08","5 day R","2020-07-19","AU","quantile","0.975",1.28872748782429
"2021-06-08","5 day R","2020-07-20","AU","point","NA",1.08789185619345
"2021-06-08","5 day R","2020-07-20","AU","quantile","0.025",0.893095468137054
"2021-06-08","5 day R","2020-07-20","AU","quantile","0.975",1.2808563588372
"2021-06-08","5 day R","2020-07-21","AU","point","NA",1.07926779436255
"2021-06-08","5 day R","2020-07-21","AU","quantile","0.025",0.885367064566302
"2021-06-08","5 day R","2020-07-21","AU","quantile","0.975",1.27690244991388
"2021-06-08","5 day R","2020-07-22","AU","point","NA",1.07777992345846
"2021-06-08","5 day R","2020-07-22","AU","quantile","0.025",0.880521458645392
"2021-06-08","5 day R","2020-07-22","AU","quantile","0.975",1.27128537741079
"2021-06-08","5 day R","2020-07-23","AU","point","NA",1.09142571007907
"2021-06-08","5 day R","2020-07-23","AU","quantile","0.025",0.897698340098491
"2021-06-08","5 day R","2020-07-23","AU","quantile","0.975",1.28441184843128
"2021-06-08","5 day R","2020-07-24","AU","point","NA",1.07325700924899
"2021-06-08","5 day R","2020-07-24","AU","quantile","0.025",0.879536138236986
"2021-06-08","5 day R","2020-07-24","AU","quantile","0.975",1.26377155872177
"2021-06-08","5 day R","2020-07-25","AU","point","NA",1.07612389204668
"2021-06-08","5 day R","2020-07-25","AU","quantile","0.025",0.883102213096823
"2021-06-08","5 day R","2020-07-25","AU","quantile","0.975",1.26993759337535
"2021-06-08","5 day R","2020-07-26","AU","point","NA",1.07833676586875
"2021-06-08","5 day R","2020-07-26","AU","quantile","0.025",0.883680230557559
"2021-06-08","5 day R","2020-07-26","AU","quantile","0.975",1.27182141848367
"2021-06-08","5 day R","2020-07-27","AU","point","NA",1.06953675502013
"2021-06-08","5 day R","2020-07-27","AU","quantile","0.025",0.87670284472498
"2021-06-08","5 day R","2020-07-27","AU","quantile","0.975",1.26361219186636
"2021-06-08","5 day R","2020-07-28","AU","point","NA",1.06378675552139
"2021-06-08","5 day R","2020-07-28","AU","quantile","0.025",0.872317281145907
"2021-06-08","5 day R","2020-07-28","AU","quantile","0.975",1.25708231174682
"2021-06-08","5 day R","2020-07-29","AU","point","NA",1.05173406218264
"2021-06-08","5 day R","2020-07-29","AU","quantile","0.025",0.857554079315967
"2021-06-08","5 day R","2020-07-29","AU","quantile","0.975",1.2465800569038
"2021-06-08","5 day R","2020-07-30","AU","point","NA",1.02008547857141
"2021-06-08","5 day R","2020-07-30","AU","quantile","0.025",0.825423824198992
"2021-06-08","5 day R","2020-07-30","AU","quantile","0.975",1.21574083191996
"2021-06-08","5 day R","2020-07-31","AU","point","NA",1.00621230043294
"2021-06-08","5 day R","2020-07-31","AU","quantile","0.025",0.811413258012022
"2021-06-08","5 day R","2020-07-31","AU","quantile","0.975",1.20017739340449
"2021-06-08","5 day R","2020-08-01","AU","point","NA",0.984435488956786
"2021-06-08","5 day R","2020-08-01","AU","quantile","0.025",0.787417884081173
"2021-06-08","5 day R","2020-08-01","AU","quantile","0.975",1.17925757099305
"2021-06-08","5 day R","2020-08-02","AU","point","NA",0.983615492202237
"2021-06-08","5 day R","2020-08-02","AU","quantile","0.025",0.784408196957798
"2021-06-08","5 day R","2020-08-02","AU","quantile","0.975",1.17770585536842
"2021-06-08","5 day R","2020-08-03","AU","point","NA",0.991012282028428
"2021-06-08","5 day R","2020-08-03","AU","quantile","0.025",0.793810419260456
"2021-06-08","5 day R","2020-08-03","AU","quantile","0.975",1.18602691274636
"2021-06-08","5 day R","2020-08-04","AU","point","NA",0.99655464751503
"2021-06-08","5 day R","2020-08-04","AU","quantile","0.025",0.798943054083749
"2021-06-08","5 day R","2020-08-04","AU","quantile","0.975",1.18968130566753
"2021-06-08","5 day R","2020-08-05","AU","point","NA",1.00627148204492
"2021-06-08","5 day R","2020-08-05","AU","quantile","0.025",0.807478954873083
"2021-06-08","5 day R","2020-08-05","AU","quantile","0.975",1.20201430753214
"2021-06-08","5 day R","2020-08-06","AU","point","NA",1.03808173603379
"2021-06-08","5 day R","2020-08-06","AU","quantile","0.025",0.840656222717435
"2021-06-08","5 day R","2020-08-06","AU","quantile","0.975",1.23311097123144
"2021-06-08","5 day R","2020-08-07","AU","point","NA",1.06160423026384
"2021-06-08","5 day R","2020-08-07","AU","quantile","0.025",0.864207045754162
"2021-06-08","5 day R","2020-08-07","AU","quantile","0.975",1.25493289602945
"2021-06-08","5 day R","2020-08-08","AU","point","NA",1.08778874066954
"2021-06-08","5 day R","2020-08-08","AU","quantile","0.025",0.889648023441517
"2021-06-08","5 day R","2020-08-08","AU","quantile","0.975",1.28176480984128
"2021-06-08","5 day R","2020-08-09","AU","point","NA",1.13851115935628
"2021-06-08","5 day R","2020-08-09","AU","quantile","0.025",0.9442718034818
"2021-06-08","5 day R","2020-08-09","AU","quantile","0.975",1.33205282328289
"2021-06-08","5 day R","2020-08-10","AU","point","NA",1.18454077139736
"2021-06-08","5 day R","2020-08-10","AU","quantile","0.025",0.99200604921532
"2021-06-08","5 day R","2020-08-10","AU","quantile","0.975",1.37954661217574
"2021-06-08","5 day R","2020-08-11","AU","point","NA",1.24226857498944
"2021-06-08","5 day R","2020-08-11","AU","quantile","0.025",1.0509722314597
"2021-06-08","5 day R","2020-08-11","AU","quantile","0.975",1.43904090278347
"2021-06-08","5 day R","2020-08-12","AU","point","NA",1.29013120109775
"2021-06-08","5 day R","2020-08-12","AU","quantile","0.025",1.09867852265288
"2021-06-08","5 day R","2020-08-12","AU","quantile","0.975",1.48952615075882
"2021-06-08","5 day R","2020-08-13","AU","point","NA",1.31571286883535
"2021-06-08","5 day R","2020-08-13","AU","quantile","0.025",1.11907855842768
"2021-06-08","5 day R","2020-08-13","AU","quantile","0.975",1.51378749473892
"2021-06-08","5 day R","2020-08-14","AU","point","NA",1.35393774701407
"2021-06-08","5 day R","2020-08-14","AU","quantile","0.025",1.15802868702559
"2021-06-08","5 day R","2020-08-14","AU","quantile","0.975",1.55621878870239
"2021-06-08","5 day R","2020-08-15","AU","point","NA",1.35757686301575
"2021-06-08","5 day R","2020-08-15","AU","quantile","0.025",1.16087340193856
"2021-06-08","5 day R","2020-08-15","AU","quantile","0.975",1.55997314875363
"2021-06-08","5 day R","2020-08-16","AU","point","NA",1.33210353147649
"2021-06-08","5 day R","2020-08-16","AU","quantile","0.025",1.13727096546712
"2021-06-08","5 day R","2020-08-16","AU","quantile","0.975",1.53053398427798
"2021-06-08","5 day R","2020-08-17","AU","point","NA",1.31026505153519
"2021-06-08","5 day R","2020-08-17","AU","quantile","0.025",1.11855297742007
"2021-06-08","5 day R","2020-08-17","AU","quantile","0.975",1.51223671019521
"2021-06-08","5 day R","2020-08-18","AU","point","NA",1.29684362682503
"2021-06-08","5 day R","2020-08-18","AU","quantile","0.025",1.10062952047605
"2021-06-08","5 day R","2020-08-18","AU","quantile","0.975",1.49687280153438
"2021-06-08","5 day R","2020-08-19","AU","point","NA",1.26509377580996
"2021-06-08","5 day R","2020-08-19","AU","quantile","0.025",1.0718845232751
"2021-06-08","5 day R","2020-08-19","AU","quantile","0.975",1.46187184630868
"2021-06-08","5 day R","2020-08-20","AU","point","NA",1.24165695041605
"2021-06-08","5 day R","2020-08-20","AU","quantile","0.025",1.04680381044705
"2021-06-08","5 day R","2020-08-20","AU","quantile","0.975",1.43814086740172
"2021-06-08","5 day R","2020-08-21","AU","point","NA",1.20670923486903
"2021-06-08","5 day R","2020-08-21","AU","quantile","0.025",1.01238795076473
"2021-06-08","5 day R","2020-08-21","AU","quantile","0.975",1.40282896159906
"2021-06-08","5 day R","2020-08-22","AU","point","NA",1.17262990697559
"2021-06-08","5 day R","2020-08-22","AU","quantile","0.025",0.977296889627872
"2021-06-08","5 day R","2020-08-22","AU","quantile","0.975",1.36730632641575
"2021-06-08","5 day R","2020-08-23","AU","point","NA",1.15020836883959
"2021-06-08","5 day R","2020-08-23","AU","quantile","0.025",0.955242738984866
"2021-06-08","5 day R","2020-08-23","AU","quantile","0.975",1.34578550893852
"2021-06-08","5 day R","2020-08-24","AU","point","NA",1.13518091103713
"2021-06-08","5 day R","2020-08-24","AU","quantile","0.025",0.938711287903966
"2021-06-08","5 day R","2020-08-24","AU","quantile","0.975",1.33054159209861
"2021-06-08","5 day R","2020-08-25","AU","point","NA",1.11480283274254
"2021-06-08","5 day R","2020-08-25","AU","quantile","0.025",0.918810403754953
"2021-06-08","5 day R","2020-08-25","AU","quantile","0.975",1.30972659939365
"2021-06-08","5 day R","2020-08-26","AU","point","NA",1.10913028887263
"2021-06-08","5 day R","2020-08-26","AU","quantile","0.025",0.911055131148104
"2021-06-08","5 day R","2020-08-26","AU","quantile","0.975",1.30452837739369
"2021-06-08","5 day R","2020-08-27","AU","point","NA",1.09623050463995
"2021-06-08","5 day R","2020-08-27","AU","quantile","0.025",0.89925199647335
"2021-06-08","5 day R","2020-08-27","AU","quantile","0.975",1.29222209557864
"2021-06-08","5 day R","2020-08-28","AU","point","NA",1.08769078686934
"2021-06-08","5 day R","2020-08-28","AU","quantile","0.025",0.890679804625943
"2021-06-08","5 day R","2020-08-28","AU","quantile","0.975",1.28300825566129
"2021-06-08","5 day R","2020-08-29","AU","point","NA",1.10134355593659
"2021-06-08","5 day R","2020-08-29","AU","quantile","0.025",0.903835231219159
"2021-06-08","5 day R","2020-08-29","AU","quantile","0.975",1.29768350379953
"2021-06-08","5 day R","2020-08-30","AU","point","NA",1.1029405512578
"2021-06-08","5 day R","2020-08-30","AU","quantile","0.025",0.909349916163345
"2021-06-08","5 day R","2020-08-30","AU","quantile","0.975",1.29490751432308
"2021-06-08","5 day R","2020-08-31","AU","point","NA",1.11083116250146
"2021-06-08","5 day R","2020-08-31","AU","quantile","0.025",0.916442524919265
"2021-06-08","5 day R","2020-08-31","AU","quantile","0.975",1.30467328429847
"2021-06-08","5 day R","2020-09-01","AU","point","NA",1.10995417037103
"2021-06-08","5 day R","2020-09-01","AU","quantile","0.025",0.915312799804251
"2021-06-08","5 day R","2020-09-01","AU","quantile","0.975",1.30304104875391
"2021-06-08","5 day R","2020-09-02","AU","point","NA",1.12974317037819
"2021-06-08","5 day R","2020-09-02","AU","quantile","0.025",0.935390483553799
"2021-06-08","5 day R","2020-09-02","AU","quantile","0.975",1.32212766570175
"2021-06-08","5 day R","2020-09-03","AU","point","NA",1.14908811505789
"2021-06-08","5 day R","2020-09-03","AU","quantile","0.025",0.957267635307288
"2021-06-08","5 day R","2020-09-03","AU","quantile","0.975",1.33988718169459
"2021-06-08","5 day R","2020-09-04","AU","point","NA",1.16118429714341
"2021-06-08","5 day R","2020-09-04","AU","quantile","0.025",0.969438186535926
"2021-06-08","5 day R","2020-09-04","AU","quantile","0.975",1.35244870116621
"2021-06-08","5 day R","2020-09-05","AU","point","NA",1.17508548385273
"2021-06-08","5 day R","2020-09-05","AU","quantile","0.025",0.978109362090954
"2021-06-08","5 day R","2020-09-05","AU","quantile","0.975",1.36726387803564
"2021-06-08","5 day R","2020-09-06","AU","point","NA",1.20482007177794
"2021-06-08","5 day R","2020-09-06","AU","quantile","0.025",1.01004539331711
"2021-06-08","5 day R","2020-09-06","AU","quantile","0.975",1.39498633281578
"2021-06-08","5 day R","2020-09-07","AU","point","NA",1.25122463745664
"2021-06-08","5 day R","2020-09-07","AU","quantile","0.025",1.05929266345629
"2021-06-08","5 day R","2020-09-07","AU","quantile","0.975",1.44536478015155
"2021-06-08","5 day R","2020-09-08","AU","point","NA",1.29574130576701
"2021-06-08","5 day R","2020-09-08","AU","quantile","0.025",1.1020622006879
"2021-06-08","5 day R","2020-09-08","AU","quantile","0.975",1.48963254661625
"2021-06-08","5 day R","2020-09-09","AU","point","NA",1.31133480755099
"2021-06-08","5 day R","2020-09-09","AU","quantile","0.025",1.11974769800946
"2021-06-08","5 day R","2020-09-09","AU","quantile","0.975",1.50593509278816
"2021-06-08","5 day R","2020-09-10","AU","point","NA",1.31962648833774
"2021-06-08","5 day R","2020-09-10","AU","quantile","0.025",1.12589735494232
"2021-06-08","5 day R","2020-09-10","AU","quantile","0.975",1.5164828554419
"2021-06-08","5 day R","2020-09-11","AU","point","NA",1.31449720957321
"2021-06-08","5 day R","2020-09-11","AU","quantile","0.025",1.11836798250465
"2021-06-08","5 day R","2020-09-11","AU","quantile","0.975",1.51265860110839
"2021-06-08","5 day R","2020-09-12","AU","point","NA",1.30865509327562
"2021-06-08","5 day R","2020-09-12","AU","quantile","0.025",1.11494454194615
"2021-06-08","5 day R","2020-09-12","AU","quantile","0.975",1.50841609034086
"2021-06-08","5 day R","2020-09-13","AU","point","NA",1.27999139453104
"2021-06-08","5 day R","2020-09-13","AU","quantile","0.025",1.08579411930614
"2021-06-08","5 day R","2020-09-13","AU","quantile","0.975",1.48048819018779
"2021-06-08","5 day R","2020-09-14","AU","point","NA",1.25655819047703
"2021-06-08","5 day R","2020-09-14","AU","quantile","0.025",1.06252763799725
"2021-06-08","5 day R","2020-09-14","AU","quantile","0.975",1.45468366675014
"2021-06-08","5 day R","2020-09-15","AU","point","NA",1.24767479289599
"2021-06-08","5 day R","2020-09-15","AU","quantile","0.025",1.05297975903218
"2021-06-08","5 day R","2020-09-15","AU","quantile","0.975",1.44478671459847
"2021-06-08","5 day R","2020-09-16","AU","point","NA",1.2226363892949
"2021-06-08","5 day R","2020-09-16","AU","quantile","0.025",1.03000296216769
"2021-06-08","5 day R","2020-09-16","AU","quantile","0.975",1.41727217604231
"2021-06-08","5 day R","2020-09-17","AU","point","NA",1.19251022982757
"2021-06-08","5 day R","2020-09-17","AU","quantile","0.025",0.997534059882548
"2021-06-08","5 day R","2020-09-17","AU","quantile","0.975",1.38630593571237
"2021-06-08","5 day R","2020-09-18","AU","point","NA",1.17015940204227
"2021-06-08","5 day R","2020-09-18","AU","quantile","0.025",0.971571369041014
"2021-06-08","5 day R","2020-09-18","AU","quantile","0.975",1.36436290510379
"2021-06-08","5 day R","2020-09-19","AU","point","NA",1.14374565257459
"2021-06-08","5 day R","2020-09-19","AU","quantile","0.025",0.945377100841466
"2021-06-08","5 day R","2020-09-19","AU","quantile","0.975",1.33739489820813
"2021-06-08","5 day R","2020-09-20","AU","point","NA",1.12556758258961
"2021-06-08","5 day R","2020-09-20","AU","quantile","0.025",0.929819467764026
"2021-06-08","5 day R","2020-09-20","AU","quantile","0.975",1.31660102381836
"2021-06-08","5 day R","2020-09-21","AU","point","NA",1.10468398825103
"2021-06-08","5 day R","2020-09-21","AU","quantile","0.025",0.908789651017849
"2021-06-08","5 day R","2020-09-21","AU","quantile","0.975",1.29667352159184
"2021-06-08","5 day R","2020-09-22","AU","point","NA",1.08086905892539
"2021-06-08","5 day R","2020-09-22","AU","quantile","0.025",0.884690499885976
"2021-06-08","5 day R","2020-09-22","AU","quantile","0.975",1.27400481886467
"2021-06-08","5 day R","2020-09-23","AU","point","NA",1.06375894027385
"2021-06-08","5 day R","2020-09-23","AU","quantile","0.025",0.867182770433204
"2021-06-08","5 day R","2020-09-23","AU","quantile","0.975",1.25683247552433
"2021-06-08","5 day R","2020-09-24","AU","point","NA",1.0547953512914
"2021-06-08","5 day R","2020-09-24","AU","quantile","0.025",0.858799222219667
"2021-06-08","5 day R","2020-09-24","AU","quantile","0.975",1.2494707557149
"2021-06-08","5 day R","2020-09-25","AU","point","NA",1.04905895050984
"2021-06-08","5 day R","2020-09-25","AU","quantile","0.025",0.850843245044449
"2021-06-08","5 day R","2020-09-25","AU","quantile","0.975",1.24360705201938
"2021-06-08","5 day R","2020-09-26","AU","point","NA",1.04905635710676
"2021-06-08","5 day R","2020-09-26","AU","quantile","0.025",0.847525292750175
"2021-06-08","5 day R","2020-09-26","AU","quantile","0.975",1.24303242134477
"2021-06-08","5 day R","2020-09-27","AU","point","NA",1.0628617047916
"2021-06-08","5 day R","2020-09-27","AU","quantile","0.025",0.866628275280356
"2021-06-08","5 day R","2020-09-27","AU","quantile","0.975",1.2589010356237
"2021-06-08","5 day R","2020-09-28","AU","point","NA",1.06853946492663
"2021-06-08","5 day R","2020-09-28","AU","quantile","0.025",0.872769947907573
"2021-06-08","5 day R","2020-09-28","AU","quantile","0.975",1.26463617062968
"2021-06-08","5 day R","2020-09-29","AU","point","NA",1.07218736811464
"2021-06-08","5 day R","2020-09-29","AU","quantile","0.025",0.8761792814319
"2021-06-08","5 day R","2020-09-29","AU","quantile","0.975",1.26812204647963
"2021-06-08","5 day R","2020-09-30","AU","point","NA",1.08270524630985
"2021-06-08","5 day R","2020-09-30","AU","quantile","0.025",0.886249355825355
"2021-06-08","5 day R","2020-09-30","AU","quantile","0.975",1.27607249596144
"2021-06-08","5 day R","2020-10-01","AU","point","NA",1.09425480383107
"2021-06-08","5 day R","2020-10-01","AU","quantile","0.025",0.89869741814088
"2021-06-08","5 day R","2020-10-01","AU","quantile","0.975",1.29087684032151
"2021-06-08","5 day R","2020-10-02","AU","point","NA",1.10952079662368
"2021-06-08","5 day R","2020-10-02","AU","quantile","0.025",0.916445391789537
"2021-06-08","5 day R","2020-10-02","AU","quantile","0.975",1.30427672549989
"2021-06-08","5 day R","2020-10-03","AU","point","NA",1.13474915600972
"2021-06-08","5 day R","2020-10-03","AU","quantile","0.025",0.939064805655268
"2021-06-08","5 day R","2020-10-03","AU","quantile","0.975",1.32903088126165
"2021-06-08","5 day R","2020-10-04","AU","point","NA",1.15038657666076
"2021-06-08","5 day R","2020-10-04","AU","quantile","0.025",0.959888911584381
"2021-06-08","5 day R","2020-10-04","AU","quantile","0.975",1.34271568253498
"2021-06-08","5 day R","2020-10-05","AU","point","NA",1.16593059479947
"2021-06-08","5 day R","2020-10-05","AU","quantile","0.025",0.973869554743794
"2021-06-08","5 day R","2020-10-05","AU","quantile","0.975",1.36133902235262
"2021-06-08","5 day R","2020-10-06","AU","point","NA",1.17530278429111
"2021-06-08","5 day R","2020-10-06","AU","quantile","0.025",0.981003152837327
"2021-06-08","5 day R","2020-10-06","AU","quantile","0.975",1.36859230195853
"2021-06-08","5 day R","2020-10-07","AU","point","NA",1.17810515229386
"2021-06-08","5 day R","2020-10-07","AU","quantile","0.025",0.985535780643424
"2021-06-08","5 day R","2020-10-07","AU","quantile","0.975",1.37217477107476
"2021-06-08","5 day R","2020-10-08","AU","point","NA",1.17954794140623
"2021-06-08","5 day R","2020-10-08","AU","quantile","0.025",0.986864196783862
"2021-06-08","5 day R","2020-10-08","AU","quantile","0.975",1.37139654588079
"2021-06-08","5 day R","2020-10-09","AU","point","NA",1.18178044098499
"2021-06-08","5 day R","2020-10-09","AU","quantile","0.025",0.987320625302783
"2021-06-08","5 day R","2020-10-09","AU","quantile","0.975",1.37555578671495
"2021-06-08","5 day R","2020-10-10","AU","point","NA",1.18046697411874
"2021-06-08","5 day R","2020-10-10","AU","quantile","0.025",0.989143306521993
"2021-06-08","5 day R","2020-10-10","AU","quantile","0.975",1.37795922837767
"2021-06-08","5 day R","2020-10-11","AU","point","NA",1.18580053251347
"2021-06-08","5 day R","2020-10-11","AU","quantile","0.025",0.992233438250121
"2021-06-08","5 day R","2020-10-11","AU","quantile","0.975",1.37965599538936
"2021-06-08","5 day R","2020-10-12","AU","point","NA",1.19756823248568
"2021-06-08","5 day R","2020-10-12","AU","quantile","0.025",1.00308869384891
"2021-06-08","5 day R","2020-10-12","AU","quantile","0.975",1.39038519907481
"2021-06-08","5 day R","2020-10-13","AU","point","NA",1.20377994868775
"2021-06-08","5 day R","2020-10-13","AU","quantile","0.025",1.0107633054634
"2021-06-08","5 day R","2020-10-13","AU","quantile","0.975",1.39725908901096
"2021-06-08","5 day R","2020-10-14","AU","point","NA",1.21354392428352
"2021-06-08","5 day R","2020-10-14","AU","quantile","0.025",1.02055316710946
"2021-06-08","5 day R","2020-10-14","AU","quantile","0.975",1.40806627683596
"2021-06-08","5 day R","2020-10-15","AU","point","NA",1.22284033677805
"2021-06-08","5 day R","2020-10-15","AU","quantile","0.025",1.03081055210698
"2021-06-08","5 day R","2020-10-15","AU","quantile","0.975",1.41527186661636
"2021-06-08","5 day R","2020-10-16","AU","point","NA",1.2337505751141
"2021-06-08","5 day R","2020-10-16","AU","quantile","0.025",1.04072122038327
"2021-06-08","5 day R","2020-10-16","AU","quantile","0.975",1.42707258316471
"2021-06-08","5 day R","2020-10-17","AU","point","NA",1.26091894061631
"2021-06-08","5 day R","2020-10-17","AU","quantile","0.025",1.06649776008694
"2021-06-08","5 day R","2020-10-17","AU","quantile","0.975",1.45473383341498
"2021-06-08","5 day R","2020-10-18","AU","point","NA",1.28618686805041
"2021-06-08","5 day R","2020-10-18","AU","quantile","0.025",1.09155006747055
"2021-06-08","5 day R","2020-10-18","AU","quantile","0.975",1.47993913381927
"2021-06-08","5 day R","2020-10-19","AU","point","NA",1.29818218186579
"2021-06-08","5 day R","2020-10-19","AU","quantile","0.025",1.10401886826424
"2021-06-08","5 day R","2020-10-19","AU","quantile","0.975",1.49195827815104
"2021-06-08","5 day R","2020-10-20","AU","point","NA",1.32010747705662
"2021-06-08","5 day R","2020-10-20","AU","quantile","0.025",1.12489950525017
"2021-06-08","5 day R","2020-10-20","AU","quantile","0.975",1.51349654889856
"2021-06-08","5 day R","2020-10-21","AU","point","NA",1.34538651132623
"2021-06-08","5 day R","2020-10-21","AU","quantile","0.025",1.15120415340918
"2021-06-08","5 day R","2020-10-21","AU","quantile","0.975",1.53926851187169
"2021-06-08","5 day R","2020-10-22","AU","point","NA",1.37258430058154
"2021-06-08","5 day R","2020-10-22","AU","quantile","0.025",1.17945894799749
"2021-06-08","5 day R","2020-10-22","AU","quantile","0.975",1.56577217081916
"2021-06-08","5 day R","2020-10-23","AU","point","NA",1.39725308494399
"2021-06-08","5 day R","2020-10-23","AU","quantile","0.025",1.20468303915956
"2021-06-08","5 day R","2020-10-23","AU","quantile","0.975",1.5923727770661
"2021-06-08","5 day R","2020-10-24","AU","point","NA",1.41471440575327
"2021-06-08","5 day R","2020-10-24","AU","quantile","0.025",1.22290769224429
"2021-06-08","5 day R","2020-10-24","AU","quantile","0.975",1.61304722081275
"2021-06-08","5 day R","2020-10-25","AU","point","NA",1.40951769334062
"2021-06-08","5 day R","2020-10-25","AU","quantile","0.025",1.21364683824831
"2021-06-08","5 day R","2020-10-25","AU","quantile","0.975",1.60660054061838
"2021-06-08","5 day R","2020-10-26","AU","point","NA",1.40260392713246
"2021-06-08","5 day R","2020-10-26","AU","quantile","0.025",1.20724567286289
"2021-06-08","5 day R","2020-10-26","AU","quantile","0.975",1.5990083483214
"2021-06-08","5 day R","2020-10-27","AU","point","NA",1.39708854190438
"2021-06-08","5 day R","2020-10-27","AU","quantile","0.025",1.2022406681023
"2021-06-08","5 day R","2020-10-27","AU","quantile","0.975",1.59253187801283
"2021-06-08","5 day R","2020-10-28","AU","point","NA",1.39641139834333
"2021-06-08","5 day R","2020-10-28","AU","quantile","0.025",1.20244889862578
"2021-06-08","5 day R","2020-10-28","AU","quantile","0.975",1.59134673507945
"2021-06-08","5 day R","2020-10-29","AU","point","NA",1.40500292640061
"2021-06-08","5 day R","2020-10-29","AU","quantile","0.025",1.21250672366576
"2021-06-08","5 day R","2020-10-29","AU","quantile","0.975",1.6034707544217
"2021-06-08","5 day R","2020-10-30","AU","point","NA",1.40988213360556
"2021-06-08","5 day R","2020-10-30","AU","quantile","0.025",1.21209719263767
"2021-06-08","5 day R","2020-10-30","AU","quantile","0.975",1.60724787823805
"2021-06-08","5 day R","2020-10-31","AU","point","NA",1.38998914379276
"2021-06-08","5 day R","2020-10-31","AU","quantile","0.025",1.19447738252106
"2021-06-08","5 day R","2020-10-31","AU","quantile","0.975",1.58665338389073
"2021-06-08","5 day R","2020-11-01","AU","point","NA",1.37142662997469
"2021-06-08","5 day R","2020-11-01","AU","quantile","0.025",1.17758657289984
"2021-06-08","5 day R","2020-11-01","AU","quantile","0.975",1.56715357336601
"2021-06-08","5 day R","2020-11-02","AU","point","NA",1.34778732774771
"2021-06-08","5 day R","2020-11-02","AU","quantile","0.025",1.15095292640739
"2021-06-08","5 day R","2020-11-02","AU","quantile","0.975",1.54302899470579
"2021-06-08","5 day R","2020-11-03","AU","point","NA",1.326916753856
"2021-06-08","5 day R","2020-11-03","AU","quantile","0.025",1.13353463928642
"2021-06-08","5 day R","2020-11-03","AU","quantile","0.975",1.52165358887219
"2021-06-08","5 day R","2020-11-04","AU","point","NA",1.31694656667955
"2021-06-08","5 day R","2020-11-04","AU","quantile","0.025",1.1225872009528
"2021-06-08","5 day R","2020-11-04","AU","quantile","0.975",1.51317967572607
"2021-06-08","5 day R","2020-11-05","AU","point","NA",1.29400984284227
"2021-06-08","5 day R","2020-11-05","AU","quantile","0.025",1.10117357604401
"2021-06-08","5 day R","2020-11-05","AU","quantile","0.975",1.4864493396058
"2021-06-08","5 day R","2020-11-06","AU","point","NA",1.26654017632593
"2021-06-08","5 day R","2020-11-06","AU","quantile","0.025",1.06889137458397
"2021-06-08","5 day R","2020-11-06","AU","quantile","0.975",1.45884431581758
"2021-06-08","5 day R","2020-11-07","AU","point","NA",1.24833185394019
"2021-06-08","5 day R","2020-11-07","AU","quantile","0.025",1.05479793918782
"2021-06-08","5 day R","2020-11-07","AU","quantile","0.975",1.44274470395487
"2021-06-08","5 day R","2020-11-08","AU","point","NA",1.22144730587879
"2021-06-08","5 day R","2020-11-08","AU","quantile","0.025",1.02838848378829
"2021-06-08","5 day R","2020-11-08","AU","quantile","0.975",1.41585141873674
"2021-06-08","5 day R","2020-11-09","AU","point","NA",1.19795849806081
"2021-06-08","5 day R","2020-11-09","AU","quantile","0.025",1.00421437877243
"2021-06-08","5 day R","2020-11-09","AU","quantile","0.975",1.39260950040661
"2021-06-08","5 day R","2020-11-10","AU","point","NA",1.1725141409158
"2021-06-08","5 day R","2020-11-10","AU","quantile","0.025",0.97732245347711
"2021-06-08","5 day R","2020-11-10","AU","quantile","0.975",1.36788209609555
"2021-06-08","5 day R","2020-11-11","AU","point","NA",1.14835335815932
"2021-06-08","5 day R","2020-11-11","AU","quantile","0.025",0.949725756627546
"2021-06-08","5 day R","2020-11-11","AU","quantile","0.975",1.34079665700426
"2021-06-08","5 day R","2020-11-12","AU","point","NA",1.127271781548
"2021-06-08","5 day R","2020-11-12","AU","quantile","0.025",0.932796714248404
"2021-06-08","5 day R","2020-11-12","AU","quantile","0.975",1.32066770960428
"2021-06-08","5 day R","2020-11-13","AU","point","NA",1.09807225094165
"2021-06-08","5 day R","2020-11-13","AU","quantile","0.025",0.904403407018587
"2021-06-08","5 day R","2020-11-13","AU","quantile","0.975",1.29336165586918
"2021-06-08","5 day R","2020-11-14","AU","point","NA",1.05697251561606
"2021-06-08","5 day R","2020-11-14","AU","quantile","0.025",0.862650764022072
"2021-06-08","5 day R","2020-11-14","AU","quantile","0.975",1.25056002185781
"2021-06-08","5 day R","2020-11-15","AU","point","NA",1.02698571508446
"2021-06-08","5 day R","2020-11-15","AU","quantile","0.025",0.831387425857141
"2021-06-08","5 day R","2020-11-15","AU","quantile","0.975",1.22336813560012
"2021-06-08","5 day R","2020-11-16","AU","point","NA",1.00397270234531
"2021-06-08","5 day R","2020-11-16","AU","quantile","0.025",0.808632454616679
"2021-06-08","5 day R","2020-11-16","AU","quantile","0.975",1.19832669422002
"2021-06-08","5 day R","2020-11-17","AU","point","NA",0.984355703653382
"2021-06-08","5 day R","2020-11-17","AU","quantile","0.025",0.788686175634678
"2021-06-08","5 day R","2020-11-17","AU","quantile","0.975",1.17865452865806
"2021-06-08","5 day R","2020-11-18","AU","point","NA",0.962367049456227
"2021-06-08","5 day R","2020-11-18","AU","quantile","0.025",0.765899560188293
"2021-06-08","5 day R","2020-11-18","AU","quantile","0.975",1.15457023676634
"2021-06-08","5 day R","2020-11-19","AU","point","NA",0.942224311954276
"2021-06-08","5 day R","2020-11-19","AU","quantile","0.025",0.744448654787851
"2021-06-08","5 day R","2020-11-19","AU","quantile","0.975",1.13717928619945
"2021-06-08","5 day R","2020-11-20","AU","point","NA",0.927106592802748
"2021-06-08","5 day R","2020-11-20","AU","quantile","0.025",0.730332976915181
"2021-06-08","5 day R","2020-11-20","AU","quantile","0.975",1.12101950658919
"2021-06-08","5 day R","2020-11-21","AU","point","NA",0.913941255712706
"2021-06-08","5 day R","2020-11-21","AU","quantile","0.025",0.716143707891279
"2021-06-08","5 day R","2020-11-21","AU","quantile","0.975",1.10942943957913
"2021-06-08","5 day R","2020-11-22","AU","point","NA",0.8989421733156
"2021-06-08","5 day R","2020-11-22","AU","quantile","0.025",0.704830854530258
"2021-06-08","5 day R","2020-11-22","AU","quantile","0.975",1.09226297605763
"2021-06-08","5 day R","2020-11-23","AU","point","NA",0.88204810110388
"2021-06-08","5 day R","2020-11-23","AU","quantile","0.025",0.684858907597632
"2021-06-08","5 day R","2020-11-23","AU","quantile","0.975",1.07917953168879
"2021-06-08","5 day R","2020-11-24","AU","point","NA",0.873109339515125
"2021-06-08","5 day R","2020-11-24","AU","quantile","0.025",0.676624214357047
"2021-06-08","5 day R","2020-11-24","AU","quantile","0.975",1.0705795244496
"2021-06-08","5 day R","2020-11-25","AU","point","NA",0.863757178964786
"2021-06-08","5 day R","2020-11-25","AU","quantile","0.025",0.669922177864048
"2021-06-08","5 day R","2020-11-25","AU","quantile","0.975",1.05818091602625
"2021-06-08","5 day R","2020-11-26","AU","point","NA",0.852627906442905
"2021-06-08","5 day R","2020-11-26","AU","quantile","0.025",0.661673608495807
"2021-06-08","5 day R","2020-11-26","AU","quantile","0.975",1.04678095159336
"2021-06-08","5 day R","2020-11-27","AU","point","NA",0.844616958668144
"2021-06-08","5 day R","2020-11-27","AU","quantile","0.025",0.650501640036864
"2021-06-08","5 day R","2020-11-27","AU","quantile","0.975",1.03816749978552
"2021-06-08","5 day R","2020-11-28","AU","point","NA",0.83844708225514
"2021-06-08","5 day R","2020-11-28","AU","quantile","0.025",0.642959886900374
"2021-06-08","5 day R","2020-11-28","AU","quantile","0.975",1.0356244668719
"2021-06-08","5 day R","2020-11-29","AU","point","NA",0.834246988936158
"2021-06-08","5 day R","2020-11-29","AU","quantile","0.025",0.637653936283269
"2021-06-08","5 day R","2020-11-29","AU","quantile","0.975",1.03054996588991
"2021-06-08","5 day R","2020-11-30","AU","point","NA",0.825669399120455
"2021-06-08","5 day R","2020-11-30","AU","quantile","0.025",0.631161340767743
"2021-06-08","5 day R","2020-11-30","AU","quantile","0.975",1.02164837265403
"2021-06-08","5 day R","2020-12-01","AU","point","NA",0.817531877250264
"2021-06-08","5 day R","2020-12-01","AU","quantile","0.025",0.623092200704753
"2021-06-08","5 day R","2020-12-01","AU","quantile","0.975",1.01052028511029
"2021-06-08","5 day R","2020-12-02","AU","point","NA",0.81336853507926
"2021-06-08","5 day R","2020-12-02","AU","quantile","0.025",0.617000324530469
"2021-06-08","5 day R","2020-12-02","AU","quantile","0.975",1.00749180045391
"2021-06-08","5 day R","2020-12-03","AU","point","NA",0.813345372254343
"2021-06-08","5 day R","2020-12-03","AU","quantile","0.025",0.617220782284232
"2021-06-08","5 day R","2020-12-03","AU","quantile","0.975",1.00981347787006
"2021-06-08","5 day R","2020-12-04","AU","point","NA",0.816798469463694
"2021-06-08","5 day R","2020-12-04","AU","quantile","0.025",0.62377386385702
"2021-06-08","5 day R","2020-12-04","AU","quantile","0.975",1.01055505337689
"2021-06-08","5 day R","2020-12-05","AU","point","NA",0.818986218223623
"2021-06-08","5 day R","2020-12-05","AU","quantile","0.025",0.625330906344165
"2021-06-08","5 day R","2020-12-05","AU","quantile","0.975",1.01548390524568
"2021-06-08","5 day R","2020-12-06","AU","point","NA",0.821879893810666
"2021-06-08","5 day R","2020-12-06","AU","quantile","0.025",0.627790007024945
"2021-06-08","5 day R","2020-12-06","AU","quantile","0.975",1.01696282215227
"2021-06-08","5 day R","2020-12-07","AU","point","NA",0.823424434438814
"2021-06-08","5 day R","2020-12-07","AU","quantile","0.025",0.630483008962526
"2021-06-08","5 day R","2020-12-07","AU","quantile","0.975",1.02122472367729
"2021-06-08","5 day R","2020-12-08","AU","point","NA",0.823458887852759
"2021-06-08","5 day R","2020-12-08","AU","quantile","0.025",0.627225964663932
"2021-06-08","5 day R","2020-12-08","AU","quantile","0.975",1.0175992336801
"2021-06-08","5 day R","2020-12-09","AU","point","NA",0.827865847436022
"2021-06-08","5 day R","2020-12-09","AU","quantile","0.025",0.630029305546416
"2021-06-08","5 day R","2020-12-09","AU","quantile","0.975",1.02290614651736
"2021-06-08","5 day R","2020-12-10","AU","point","NA",0.837952958153475
"2021-06-08","5 day R","2020-12-10","AU","quantile","0.025",0.642069676039311
"2021-06-08","5 day R","2020-12-10","AU","quantile","0.975",1.03173568835831
"2021-06-08","5 day R","2020-12-11","AU","point","NA",0.859857653503601
"2021-06-08","5 day R","2020-12-11","AU","quantile","0.025",0.662437066664922
"2021-06-08","5 day R","2020-12-11","AU","quantile","0.975",1.05566637401281
"2021-06-08","5 day R","2020-12-12","AU","point","NA",0.880571673709009
"2021-06-08","5 day R","2020-12-12","AU","quantile","0.025",0.68391345048472
"2021-06-08","5 day R","2020-12-12","AU","quantile","0.975",1.07626324752236
"2021-06-08","5 day R","2020-12-13","AU","point","NA",0.889048934409663
"2021-06-08","5 day R","2020-12-13","AU","quantile","0.025",0.68984496453188
"2021-06-08","5 day R","2020-12-13","AU","quantile","0.975",1.0855449741511
"2021-06-08","5 day R","2020-12-14","AU","point","NA",0.88931955829376
"2021-06-08","5 day R","2020-12-14","AU","quantile","0.025",0.69280031203245
"2021-06-08","5 day R","2020-12-14","AU","quantile","0.975",1.08425101177602
"2021-06-08","5 day R","2020-12-15","AU","point","NA",0.876876155630054
"2021-06-08","5 day R","2020-12-15","AU","quantile","0.025",0.679929428973435
"2021-06-08","5 day R","2020-12-15","AU","quantile","0.975",1.07118845774274
"2021-06-08","5 day R","2020-12-16","AU","point","NA",0.858644285518046
"2021-06-08","5 day R","2020-12-16","AU","quantile","0.025",0.65907390598697
"2021-06-08","5 day R","2020-12-16","AU","quantile","0.975",1.05221008358372
"2021-06-08","5 day R","2020-12-17","AU","point","NA",0.844751065613462
"2021-06-08","5 day R","2020-12-17","AU","quantile","0.025",0.646368014794444
"2021-06-08","5 day R","2020-12-17","AU","quantile","0.975",1.03989536668776
"2021-06-08","5 day R","2020-12-18","AU","point","NA",0.844666552401871
"2021-06-08","5 day R","2020-12-18","AU","quantile","0.025",0.645949131868485
"2021-06-08","5 day R","2020-12-18","AU","quantile","0.975",1.03810133485417
"2021-06-08","5 day R","2020-12-19","AU","point","NA",0.8520183288111
"2021-06-08","5 day R","2020-12-19","AU","quantile","0.025",0.654511352571456
"2021-06-08","5 day R","2020-12-19","AU","quantile","0.975",1.04824542604551
"2021-06-08","5 day R","2020-12-20","AU","point","NA",0.858984630730034
"2021-06-08","5 day R","2020-12-20","AU","quantile","0.025",0.660683199567623
"2021-06-08","5 day R","2020-12-20","AU","quantile","0.975",1.05378789696457
"2021-06-08","5 day R","2020-12-21","AU","point","NA",0.866653678710704
"2021-06-08","5 day R","2020-12-21","AU","quantile","0.025",0.673385009197077
"2021-06-08","5 day R","2020-12-21","AU","quantile","0.975",1.05982898679819
"2021-06-08","5 day R","2020-12-22","AU","point","NA",0.876768860633309
"2021-06-08","5 day R","2020-12-22","AU","quantile","0.025",0.683124253062064
"2021-06-08","5 day R","2020-12-22","AU","quantile","0.975",1.06986201355979
"2021-06-08","5 day R","2020-12-23","AU","point","NA",0.886451289148564
"2021-06-08","5 day R","2020-12-23","AU","quantile","0.025",0.69229369757187
"2021-06-08","5 day R","2020-12-23","AU","quantile","0.975",1.08243417117635
"2021-06-08","5 day R","2020-12-24","AU","point","NA",0.897521766937399
"2021-06-08","5 day R","2020-12-24","AU","quantile","0.025",0.701553711556193
"2021-06-08","5 day R","2020-12-24","AU","quantile","0.975",1.09586519525547
"2021-06-08","5 day R","2020-12-25","AU","point","NA",0.898891731683338
"2021-06-08","5 day R","2020-12-25","AU","quantile","0.025",0.701237806458683
"2021-06-08","5 day R","2020-12-25","AU","quantile","0.975",1.09607653596782
"2021-06-08","5 day R","2020-12-26","AU","point","NA",0.906857205797007
"2021-06-08","5 day R","2020-12-26","AU","quantile","0.025",0.709649576494228
"2021-06-08","5 day R","2020-12-26","AU","quantile","0.975",1.10366463874601
"2021-06-08","5 day R","2020-12-27","AU","point","NA",0.928753579077076
"2021-06-08","5 day R","2020-12-27","AU","quantile","0.025",0.731787908529343
"2021-06-08","5 day R","2020-12-27","AU","quantile","0.975",1.12432476211793
"2021-06-08","5 day R","2020-12-28","AU","point","NA",0.95563920886866
"2021-06-08","5 day R","2020-12-28","AU","quantile","0.025",0.758010505230698
"2021-06-08","5 day R","2020-12-28","AU","quantile","0.975",1.15424119856744
"2021-06-08","5 day R","2020-12-29","AU","point","NA",0.978322366629186
"2021-06-08","5 day R","2020-12-29","AU","quantile","0.025",0.782106787379803
"2021-06-08","5 day R","2020-12-29","AU","quantile","0.975",1.17249000267902
"2021-06-08","5 day R","2020-12-30","AU","point","NA",0.99464068425536
"2021-06-08","5 day R","2020-12-30","AU","quantile","0.025",0.797254579987364
"2021-06-08","5 day R","2020-12-30","AU","quantile","0.975",1.19030548049503
"2021-06-08","5 day R","2020-12-31","AU","point","NA",0.995827593823249
"2021-06-08","5 day R","2020-12-31","AU","quantile","0.025",0.801425083045591
"2021-06-08","5 day R","2020-12-31","AU","quantile","0.975",1.19144925880918
"2021-06-08","5 day R","2021-01-01","AU","point","NA",0.985870253500744
"2021-06-08","5 day R","2021-01-01","AU","quantile","0.025",0.79266955651533
"2021-06-08","5 day R","2021-01-01","AU","quantile","0.975",1.18126113424431
"2021-06-08","5 day R","2021-01-02","AU","point","NA",0.978273330842735
"2021-06-08","5 day R","2021-01-02","AU","quantile","0.025",0.783213073683746
"2021-06-08","5 day R","2021-01-02","AU","quantile","0.975",1.17385181854137
"2021-06-08","5 day R","2021-01-03","AU","point","NA",0.990937884150316
"2021-06-08","5 day R","2021-01-03","AU","quantile","0.025",0.79831666307984
"2021-06-08","5 day R","2021-01-03","AU","quantile","0.975",1.18524674456462
"2021-06-08","5 day R","2021-01-04","AU","point","NA",1.00803050616344
"2021-06-08","5 day R","2021-01-04","AU","quantile","0.025",0.815193567944992
"2021-06-08","5 day R","2021-01-04","AU","quantile","0.975",1.20315943537628
"2021-06-08","5 day R","2021-01-05","AU","point","NA",1.02158029395942
"2021-06-08","5 day R","2021-01-05","AU","quantile","0.025",0.829548938209216
"2021-06-08","5 day R","2021-01-05","AU","quantile","0.975",1.21704484187633
"2021-06-08","5 day R","2021-01-06","AU","point","NA",1.01782509834697
"2021-06-08","5 day R","2021-01-06","AU","quantile","0.025",0.826358869935229
"2021-06-08","5 day R","2021-01-06","AU","quantile","0.975",1.21391186751397
"2021-06-08","5 day R","2021-01-07","AU","point","NA",1.00481004095173
"2021-06-08","5 day R","2021-01-07","AU","quantile","0.025",0.810787821888358
"2021-06-08","5 day R","2021-01-07","AU","quantile","0.975",1.20038327914993
"2021-06-08","5 day R","2021-01-08","AU","point","NA",0.998918109355972
"2021-06-08","5 day R","2021-01-08","AU","quantile","0.025",0.807591282188356
"2021-06-08","5 day R","2021-01-08","AU","quantile","0.975",1.19255067457997
"2021-06-08","5 day R","2021-01-09","AU","point","NA",0.994492792261628
"2021-06-08","5 day R","2021-01-09","AU","quantile","0.025",0.80058875736774
"2021-06-08","5 day R","2021-01-09","AU","quantile","0.975",1.19154930952347
"2021-06-08","5 day R","2021-01-10","AU","point","NA",0.983816789424459
"2021-06-08","5 day R","2021-01-10","AU","quantile","0.025",0.791500328866307
"2021-06-08","5 day R","2021-01-10","AU","quantile","0.975",1.17864296171799
"2021-06-08","5 day R","2021-01-11","AU","point","NA",0.974200222989956
"2021-06-08","5 day R","2021-01-11","AU","quantile","0.025",0.781056607297974
"2021-06-08","5 day R","2021-01-11","AU","quantile","0.975",1.1698889707604
"2021-06-08","5 day R","2021-01-12","AU","point","NA",0.966337280599799
"2021-06-08","5 day R","2021-01-12","AU","quantile","0.025",0.769081666423104
"2021-06-08","5 day R","2021-01-12","AU","quantile","0.975",1.16054906997659
"2021-06-08","5 day R","2021-01-13","AU","point","NA",0.966989708894843
"2021-06-08","5 day R","2021-01-13","AU","quantile","0.025",0.771056297070667
"2021-06-08","5 day R","2021-01-13","AU","quantile","0.975",1.16147932868298
"2021-06-08","5 day R","2021-01-14","AU","point","NA",0.971948205384712
"2021-06-08","5 day R","2021-01-14","AU","quantile","0.025",0.776448837437518
"2021-06-08","5 day R","2021-01-14","AU","quantile","0.975",1.16784479304915
"2021-06-08","5 day R","2021-01-15","AU","point","NA",0.939442138685677
"2021-06-08","5 day R","2021-01-15","AU","quantile","0.025",0.744333221091656
"2021-06-08","5 day R","2021-01-15","AU","quantile","0.975",1.13045762632591
"2021-06-08","5 day R","2021-01-16","AU","point","NA",0.922916269607777
"2021-06-08","5 day R","2021-01-16","AU","quantile","0.025",0.727833628518701
"2021-06-08","5 day R","2021-01-16","AU","quantile","0.975",1.11965037580719
"2021-06-08","5 day R","2021-01-17","AU","point","NA",0.912617270747671
"2021-06-08","5 day R","2021-01-17","AU","quantile","0.025",0.718889378472381
"2021-06-08","5 day R","2021-01-17","AU","quantile","0.975",1.10786192325995
"2021-06-08","5 day R","2021-01-18","AU","point","NA",0.908573753274302
"2021-06-08","5 day R","2021-01-18","AU","quantile","0.025",0.714072372284681
"2021-06-08","5 day R","2021-01-18","AU","quantile","0.975",1.10408532485234
"2021-06-08","5 day R","2021-01-19","AU","point","NA",0.907926808900727
"2021-06-08","5 day R","2021-01-19","AU","quantile","0.025",0.711772085238936
"2021-06-08","5 day R","2021-01-19","AU","quantile","0.975",1.10536952063058
"2021-06-08","5 day R","2021-01-20","AU","point","NA",0.908625242014152
"2021-06-08","5 day R","2021-01-20","AU","quantile","0.025",0.712792625209809
"2021-06-08","5 day R","2021-01-20","AU","quantile","0.975",1.10379397288457
"2021-06-08","5 day R","2021-01-21","AU","point","NA",0.912856440161463
"2021-06-08","5 day R","2021-01-21","AU","quantile","0.025",0.717921766305868
"2021-06-08","5 day R","2021-01-21","AU","quantile","0.975",1.10789286294738
"2021-06-08","5 day R","2021-01-22","AU","point","NA",0.926843095311782
"2021-06-08","5 day R","2021-01-22","AU","quantile","0.025",0.731431840892296
"2021-06-08","5 day R","2021-01-22","AU","quantile","0.975",1.12193524401908
"2021-06-08","5 day R","2021-01-23","AU","point","NA",0.923528354638349
"2021-06-08","5 day R","2021-01-23","AU","quantile","0.025",0.72883791537128
"2021-06-08","5 day R","2021-01-23","AU","quantile","0.975",1.11774667889321
"2021-06-08","5 day R","2021-01-24","AU","point","NA",0.919034789989537
"2021-06-08","5 day R","2021-01-24","AU","quantile","0.025",0.725902374142944
"2021-06-08","5 day R","2021-01-24","AU","quantile","0.975",1.11074538962155
"2021-06-08","5 day R","2021-01-25","AU","point","NA",0.918451036420862
"2021-06-08","5 day R","2021-01-25","AU","quantile","0.025",0.724655596029334
"2021-06-08","5 day R","2021-01-25","AU","quantile","0.975",1.11238529223373
"2021-06-08","5 day R","2021-01-26","AU","point","NA",0.9212403637761
"2021-06-08","5 day R","2021-01-26","AU","quantile","0.025",0.729901919886151
"2021-06-08","5 day R","2021-01-26","AU","quantile","0.975",1.11514114762392
"2021-06-08","5 day R","2021-01-27","AU","point","NA",0.92154020935498
"2021-06-08","5 day R","2021-01-27","AU","quantile","0.025",0.726971139570883
"2021-06-08","5 day R","2021-01-27","AU","quantile","0.975",1.11738167584685
"2021-06-08","5 day R","2021-01-28","AU","point","NA",0.919664451017854
"2021-06-08","5 day R","2021-01-28","AU","quantile","0.025",0.722818630239346
"2021-06-08","5 day R","2021-01-28","AU","quantile","0.975",1.1144212602774
"2021-06-08","5 day R","2021-01-29","AU","point","NA",0.930854722870837
"2021-06-08","5 day R","2021-01-29","AU","quantile","0.025",0.735543026672176
"2021-06-08","5 day R","2021-01-29","AU","quantile","0.975",1.12547841356997
"2021-06-08","5 day R","2021-01-30","AU","point","NA",0.941670435042778
"2021-06-08","5 day R","2021-01-30","AU","quantile","0.025",0.746629003543036
"2021-06-08","5 day R","2021-01-30","AU","quantile","0.975",1.13595853969147
"2021-06-08","5 day R","2021-01-31","AU","point","NA",0.949019470268868
"2021-06-08","5 day R","2021-01-31","AU","quantile","0.025",0.754423682295192
"2021-06-08","5 day R","2021-01-31","AU","quantile","0.975",1.14407252245961
"2021-06-08","5 day R","2021-02-01","AU","point","NA",0.955257963440634
"2021-06-08","5 day R","2021-02-01","AU","quantile","0.025",0.764666824218462
"2021-06-08","5 day R","2021-02-01","AU","quantile","0.975",1.14770277956677
"2021-06-08","5 day R","2021-02-02","AU","point","NA",0.957178566330378
"2021-06-08","5 day R","2021-02-02","AU","quantile","0.025",0.764508913868513
"2021-06-08","5 day R","2021-02-02","AU","quantile","0.975",1.15034120217472
"2021-06-08","5 day R","2021-02-03","AU","point","NA",0.96050942093307
"2021-06-08","5 day R","2021-02-03","AU","quantile","0.025",0.766909045231459
"2021-06-08","5 day R","2021-02-03","AU","quantile","0.975",1.15149505380735
"2021-06-08","5 day R","2021-02-04","AU","point","NA",0.964111488916375
"2021-06-08","5 day R","2021-02-04","AU","quantile","0.025",0.77322863368492
"2021-06-08","5 day R","2021-02-04","AU","quantile","0.975",1.15608167034128
"2021-06-08","5 day R","2021-02-05","AU","point","NA",0.970106645524909
"2021-06-08","5 day R","2021-02-05","AU","quantile","0.025",0.777108704987546
"2021-06-08","5 day R","2021-02-05","AU","quantile","0.975",1.16411776652321
"2021-06-08","5 day R","2021-02-06","AU","point","NA",0.981610593579612
"2021-06-08","5 day R","2021-02-06","AU","quantile","0.025",0.785874351505798
"2021-06-08","5 day R","2021-02-06","AU","quantile","0.975",1.17351982403929
"2021-06-08","5 day R","2021-02-07","AU","point","NA",0.995363798227889
"2021-06-08","5 day R","2021-02-07","AU","quantile","0.025",0.799700467454858
"2021-06-08","5 day R","2021-02-07","AU","quantile","0.975",1.19046799175098
"2021-06-08","5 day R","2021-02-08","AU","point","NA",1.00175630848384
"2021-06-08","5 day R","2021-02-08","AU","quantile","0.025",0.804593314316756
"2021-06-08","5 day R","2021-02-08","AU","quantile","0.975",1.19602751002653
"2021-06-08","5 day R","2021-02-09","AU","point","NA",1.0074595450509
"2021-06-08","5 day R","2021-02-09","AU","quantile","0.025",0.809498703412553
"2021-06-08","5 day R","2021-02-09","AU","quantile","0.975",1.20161986795576
"2021-06-08","5 day R","2021-02-10","AU","point","NA",1.01711636978728
"2021-06-08","5 day R","2021-02-10","AU","quantile","0.025",0.819499927367881
"2021-06-08","5 day R","2021-02-10","AU","quantile","0.975",1.2113628151433
"2021-06-08","5 day R","2021-02-11","AU","point","NA",1.02878926214853
"2021-06-08","5 day R","2021-02-11","AU","quantile","0.025",0.83301963172338
"2021-06-08","5 day R","2021-02-11","AU","quantile","0.975",1.22265903485766
"2021-06-08","5 day R","2021-02-12","AU","point","NA",1.0418881080276
"2021-06-08","5 day R","2021-02-12","AU","quantile","0.025",0.845149870772609
"2021-06-08","5 day R","2021-02-12","AU","quantile","0.975",1.23767538835717
"2021-06-08","5 day R","2021-02-13","AU","point","NA",1.04747534102172
"2021-06-08","5 day R","2021-02-13","AU","quantile","0.025",0.851164041457882
"2021-06-08","5 day R","2021-02-13","AU","quantile","0.975",1.24016822927406
"2021-06-08","5 day R","2021-02-14","AU","point","NA",1.05645658176572
"2021-06-08","5 day R","2021-02-14","AU","quantile","0.025",0.860878013981485
"2021-06-08","5 day R","2021-02-14","AU","quantile","0.975",1.24866827307514
"2021-06-08","5 day R","2021-02-15","AU","point","NA",1.07216495379081
"2021-06-08","5 day R","2021-02-15","AU","quantile","0.025",0.876696184735429
"2021-06-08","5 day R","2021-02-15","AU","quantile","0.975",1.26826856392415
"2021-06-08","5 day R","2021-02-16","AU","point","NA",1.08377220990639
"2021-06-08","5 day R","2021-02-16","AU","quantile","0.025",0.889147595125397
"2021-06-08","5 day R","2021-02-16","AU","quantile","0.975",1.28046022416668
"2021-06-08","5 day R","2021-02-17","AU","point","NA",1.09496468397632
"2021-06-08","5 day R","2021-02-17","AU","quantile","0.025",0.902580993850749
"2021-06-08","5 day R","2021-02-17","AU","quantile","0.975",1.28952193677017
"2021-06-08","5 day R","2021-02-18","AU","point","NA",1.10365740858354
"2021-06-08","5 day R","2021-02-18","AU","quantile","0.025",0.910890254146222
"2021-06-08","5 day R","2021-02-18","AU","quantile","0.975",1.30111820239956
"2021-06-08","5 day R","2021-02-19","AU","point","NA",1.10850321962164
"2021-06-08","5 day R","2021-02-19","AU","quantile","0.025",0.913772989961648
"2021-06-08","5 day R","2021-02-19","AU","quantile","0.975",1.30372532050813
"2021-06-08","5 day R","2021-02-20","AU","point","NA",1.11322250442756
"2021-06-08","5 day R","2021-02-20","AU","quantile","0.025",0.916161370936364
"2021-06-08","5 day R","2021-02-20","AU","quantile","0.975",1.30834285921784
"2021-06-08","5 day R","2021-02-21","AU","point","NA",1.11716745169906
"2021-06-08","5 day R","2021-02-21","AU","quantile","0.025",0.920999007084152
"2021-06-08","5 day R","2021-02-21","AU","quantile","0.975",1.31245299184221
"2021-06-08","5 day R","2021-02-22","AU","point","NA",1.11411357739138
"2021-06-08","5 day R","2021-02-22","AU","quantile","0.025",0.921678765670736
"2021-06-08","5 day R","2021-02-22","AU","quantile","0.975",1.30897901256783
"2021-06-08","5 day R","2021-02-23","AU","point","NA",1.11557340207306
"2021-06-08","5 day R","2021-02-23","AU","quantile","0.025",0.920752462898149
"2021-06-08","5 day R","2021-02-23","AU","quantile","0.975",1.31222263721405
"2021-06-08","5 day R","2021-02-24","AU","point","NA",1.11764742841904
"2021-06-08","5 day R","2021-02-24","AU","quantile","0.025",0.92295310971149
"2021-06-08","5 day R","2021-02-24","AU","quantile","0.975",1.31270805690774
"2021-06-08","5 day R","2021-02-25","AU","point","NA",1.12220892791226
"2021-06-08","5 day R","2021-02-25","AU","quantile","0.025",0.927948878944704
"2021-06-08","5 day R","2021-02-25","AU","quantile","0.975",1.31853095933283
"2021-06-08","5 day R","2021-02-26","AU","point","NA",1.12024827059411
"2021-06-08","5 day R","2021-02-26","AU","quantile","0.025",0.925075710061071
"2021-06-08","5 day R","2021-02-26","AU","quantile","0.975",1.31773125901879
"2021-06-08","5 day R","2021-02-27","AU","point","NA",1.1231017200068
"2021-06-08","5 day R","2021-02-27","AU","quantile","0.025",0.926027424257723
"2021-06-08","5 day R","2021-02-27","AU","quantile","0.975",1.3206069927718
"2021-06-08","5 day R","2021-02-28","AU","point","NA",1.11653279981213
"2021-06-08","5 day R","2021-02-28","AU","quantile","0.025",0.921395900814338
"2021-06-08","5 day R","2021-02-28","AU","quantile","0.975",1.31151870913322
"2021-06-08","5 day R","2021-03-01","AU","point","NA",1.1062859169312
"2021-06-08","5 day R","2021-03-01","AU","quantile","0.025",0.910338111499398
"2021-06-08","5 day R","2021-03-01","AU","quantile","0.975",1.29990897209753
"2021-06-08","5 day R","2021-03-02","AU","point","NA",1.10397796332729
"2021-06-08","5 day R","2021-03-02","AU","quantile","0.025",0.910133188887985
"2021-06-08","5 day R","2021-03-02","AU","quantile","0.975",1.29528953472325
"2021-06-08","5 day R","2021-03-03","AU","point","NA",1.10583134197741
"2021-06-08","5 day R","2021-03-03","AU","quantile","0.025",0.910166345420542
"2021-06-08","5 day R","2021-03-03","AU","quantile","0.975",1.29711447773669
"2021-06-08","5 day R","2021-03-04","AU","point","NA",1.10195013198604
"2021-06-08","5 day R","2021-03-04","AU","quantile","0.025",0.907696978066342
"2021-06-08","5 day R","2021-03-04","AU","quantile","0.975",1.29632756260394
"2021-06-08","5 day R","2021-03-05","AU","point","NA",1.10600366089271
"2021-06-08","5 day R","2021-03-05","AU","quantile","0.025",0.911482563856224
"2021-06-08","5 day R","2021-03-05","AU","quantile","0.975",1.30044576716973
"2021-06-08","5 day R","2021-03-06","AU","point","NA",1.10570982346937
"2021-06-08","5 day R","2021-03-06","AU","quantile","0.025",0.910903912983486
"2021-06-08","5 day R","2021-03-06","AU","quantile","0.975",1.30094678701729
"2021-06-08","5 day R","2021-03-07","AU","point","NA",1.10431435210281
"2021-06-08","5 day R","2021-03-07","AU","quantile","0.025",0.908109980523556
"2021-06-08","5 day R","2021-03-07","AU","quantile","0.975",1.29731797508356
"2021-06-08","5 day R","2021-03-08","AU","point","NA",1.10416133166087
"2021-06-08","5 day R","2021-03-08","AU","quantile","0.025",0.907620902005693
"2021-06-08","5 day R","2021-03-08","AU","quantile","0.975",1.29830071731656
"2021-06-08","5 day R","2021-03-09","AU","point","NA",1.10300718327019
"2021-06-08","5 day R","2021-03-09","AU","quantile","0.025",0.907938663145267
"2021-06-08","5 day R","2021-03-09","AU","quantile","0.975",1.29737608926324
"2021-06-08","5 day R","2021-03-10","AU","point","NA",1.09910640731045
"2021-06-08","5 day R","2021-03-10","AU","quantile","0.025",0.905295300429387
"2021-06-08","5 day R","2021-03-10","AU","quantile","0.975",1.29285021419808
"2021-06-08","5 day R","2021-03-11","AU","point","NA",1.10363387540309
"2021-06-08","5 day R","2021-03-11","AU","quantile","0.025",0.909609541059467
"2021-06-08","5 day R","2021-03-11","AU","quantile","0.975",1.29866451459968
"2021-06-08","5 day R","2021-03-12","AU","point","NA",1.10362225912555
"2021-06-08","5 day R","2021-03-12","AU","quantile","0.025",0.912423832569825
"2021-06-08","5 day R","2021-03-12","AU","quantile","0.975",1.29553709702653
"2021-06-08","5 day R","2021-03-13","AU","point","NA",1.09952751148966
"2021-06-08","5 day R","2021-03-13","AU","quantile","0.025",0.90548147060563
"2021-06-08","5 day R","2021-03-13","AU","quantile","0.975",1.29380581707109
"2021-06-08","5 day R","2021-03-14","AU","point","NA",1.09285051466101
"2021-06-08","5 day R","2021-03-14","AU","quantile","0.025",0.900631921702201
"2021-06-08","5 day R","2021-03-14","AU","quantile","0.975",1.28776535886748
"2021-06-08","5 day R","2021-03-15","AU","point","NA",1.08740928613862
"2021-06-08","5 day R","2021-03-15","AU","quantile","0.025",0.891283885572957
"2021-06-08","5 day R","2021-03-15","AU","quantile","0.975",1.27954764945693
"2021-06-08","5 day R","2021-03-16","AU","point","NA",1.08913955727734
"2021-06-08","5 day R","2021-03-16","AU","quantile","0.025",0.895685115590222
"2021-06-08","5 day R","2021-03-16","AU","quantile","0.975",1.28426798767855
"2021-06-08","5 day R","2021-03-17","AU","point","NA",1.09548379533865
"2021-06-08","5 day R","2021-03-17","AU","quantile","0.025",0.900991389265595
"2021-06-08","5 day R","2021-03-17","AU","quantile","0.975",1.28933870097963
"2021-06-08","5 day R","2021-03-18","AU","point","NA",1.09595499760583
"2021-06-08","5 day R","2021-03-18","AU","quantile","0.025",0.898333711403574
"2021-06-08","5 day R","2021-03-18","AU","quantile","0.975",1.2902925735227
"2021-06-08","5 day R","2021-03-19","AU","point","NA",1.09283521084217
"2021-06-08","5 day R","2021-03-19","AU","quantile","0.025",0.897966039598418
"2021-06-08","5 day R","2021-03-19","AU","quantile","0.975",1.28883523531267
"2021-06-08","5 day R","2021-03-20","AU","point","NA",1.08663550598527
"2021-06-08","5 day R","2021-03-20","AU","quantile","0.025",0.889772548972602
"2021-06-08","5 day R","2021-03-20","AU","quantile","0.975",1.28456316697521
"2021-06-08","5 day R","2021-03-21","AU","point","NA",1.07868161918332
"2021-06-08","5 day R","2021-03-21","AU","quantile","0.025",0.884782299280757
"2021-06-08","5 day R","2021-03-21","AU","quantile","0.975",1.27539981324075
"2021-06-08","5 day R","2021-03-22","AU","point","NA",1.07372959186127
"2021-06-08","5 day R","2021-03-22","AU","quantile","0.025",0.882532975068385
"2021-06-08","5 day R","2021-03-22","AU","quantile","0.975",1.2694608471509
"2021-06-08","5 day R","2021-03-23","AU","point","NA",1.07007258153265
"2021-06-08","5 day R","2021-03-23","AU","quantile","0.025",0.878521059595926
"2021-06-08","5 day R","2021-03-23","AU","quantile","0.975",1.26782835978284
"2021-06-08","5 day R","2021-03-24","AU","point","NA",1.05552203841524
"2021-06-08","5 day R","2021-03-24","AU","quantile","0.025",0.861598485994815
"2021-06-08","5 day R","2021-03-24","AU","quantile","0.975",1.25294859742764
"2021-06-08","5 day R","2021-03-25","AU","point","NA",1.04767791921791
"2021-06-08","5 day R","2021-03-25","AU","quantile","0.025",0.850297334742
"2021-06-08","5 day R","2021-03-25","AU","quantile","0.975",1.24438802669551
"2021-06-08","5 day R","2021-03-26","AU","point","NA",1.0468765799356
"2021-06-08","5 day R","2021-03-26","AU","quantile","0.025",0.849922555791462
"2021-06-08","5 day R","2021-03-26","AU","quantile","0.975",1.24420154734841
"2021-06-08","5 day R","2021-03-27","AU","point","NA",1.03939604855493
"2021-06-08","5 day R","2021-03-27","AU","quantile","0.025",0.844100753745306
"2021-06-08","5 day R","2021-03-27","AU","quantile","0.975",1.23735794923746
"2021-06-08","5 day R","2021-03-28","AU","point","NA",1.03061183513744
"2021-06-08","5 day R","2021-03-28","AU","quantile","0.025",0.83638607090823
"2021-06-08","5 day R","2021-03-28","AU","quantile","0.975",1.22510993062191
"2021-06-08","5 day R","2021-03-29","AU","point","NA",1.02695812984871
"2021-06-08","5 day R","2021-03-29","AU","quantile","0.025",0.832292749373989
"2021-06-08","5 day R","2021-03-29","AU","quantile","0.975",1.22110820838299
"2021-06-08","5 day R","2021-03-30","AU","point","NA",1.0118776646685
"2021-06-08","5 day R","2021-03-30","AU","quantile","0.025",0.819114931797886
"2021-06-08","5 day R","2021-03-30","AU","quantile","0.975",1.20639758270795
"2021-06-08","5 day R","2021-03-31","AU","point","NA",0.995634167393919
"2021-06-08","5 day R","2021-03-31","AU","quantile","0.025",0.799258287372564
"2021-06-08","5 day R","2021-03-31","AU","quantile","0.975",1.18842341766144
"2021-06-08","5 day R","2021-04-01","AU","point","NA",0.978753739316842
"2021-06-08","5 day R","2021-04-01","AU","quantile","0.025",0.783063581758358
"2021-06-08","5 day R","2021-04-01","AU","quantile","0.975",1.17299393637487
"2021-06-08","5 day R","2021-04-02","AU","point","NA",0.964198816516817
"2021-06-08","5 day R","2021-04-02","AU","quantile","0.025",0.770345752740116
"2021-06-08","5 day R","2021-04-02","AU","quantile","0.975",1.15978920455661
"2021-06-08","5 day R","2021-04-03","AU","point","NA",0.95635237622521
"2021-06-08","5 day R","2021-04-03","AU","quantile","0.025",0.761226525824288
"2021-06-08","5 day R","2021-04-03","AU","quantile","0.975",1.15038234778274
"2021-06-08","5 day R","2021-04-04","AU","point","NA",0.946407589560154
"2021-06-08","5 day R","2021-04-04","AU","quantile","0.025",0.753905332837393
"2021-06-08","5 day R","2021-04-04","AU","quantile","0.975",1.14173810149824
"2021-06-08","5 day R","2021-04-05","AU","point","NA",0.934427800800392
"2021-06-08","5 day R","2021-04-05","AU","quantile","0.025",0.740431907282921
"2021-06-08","5 day R","2021-04-05","AU","quantile","0.975",1.12908997296288
"2021-06-08","5 day R","2021-04-06","AU","point","NA",0.924389265058418
"2021-06-08","5 day R","2021-04-06","AU","quantile","0.025",0.731109478803222
"2021-06-08","5 day R","2021-04-06","AU","quantile","0.975",1.11919744897223
"2021-06-08","5 day R","2021-04-07","AU","point","NA",0.926883028100602
"2021-06-08","5 day R","2021-04-07","AU","quantile","0.025",0.732949655967891
"2021-06-08","5 day R","2021-04-07","AU","quantile","0.975",1.12318734006816
"2021-06-08","5 day R","2021-04-08","AU","point","NA",0.929729729799746
"2021-06-08","5 day R","2021-04-08","AU","quantile","0.025",0.73471781967467
"2021-06-08","5 day R","2021-04-08","AU","quantile","0.975",1.12679848182969
"2021-06-08","5 day R","2021-04-09","AU","point","NA",0.932179266521335
"2021-06-08","5 day R","2021-04-09","AU","quantile","0.025",0.736795974801043
"2021-06-08","5 day R","2021-04-09","AU","quantile","0.975",1.12597890365508
"2021-06-08","5 day R","2021-04-10","AU","point","NA",0.937354246914446
"2021-06-08","5 day R","2021-04-10","AU","quantile","0.025",0.742328087562243
"2021-06-08","5 day R","2021-04-10","AU","quantile","0.975",1.13153406068389
"2021-06-08","5 day R","2021-04-11","AU","point","NA",0.933499084312196
"2021-06-08","5 day R","2021-04-11","AU","quantile","0.025",0.738924310109937
"2021-06-08","5 day R","2021-04-11","AU","quantile","0.975",1.12676880830755
"2021-06-08","5 day R","2021-04-12","AU","point","NA",0.931399964582918
"2021-06-08","5 day R","2021-04-12","AU","quantile","0.025",0.739082757904078
"2021-06-08","5 day R","2021-04-12","AU","quantile","0.975",1.1250545768711
"2021-06-08","5 day R","2021-04-13","AU","point","NA",0.930971087406597
"2021-06-08","5 day R","2021-04-13","AU","quantile","0.025",0.737165550867276
"2021-06-08","5 day R","2021-04-13","AU","quantile","0.975",1.12386930846085
"2021-06-08","5 day R","2021-04-14","AU","point","NA",0.92821316783718
"2021-06-08","5 day R","2021-04-14","AU","quantile","0.025",0.732692648844842
"2021-06-08","5 day R","2021-04-14","AU","quantile","0.975",1.11900981430403
"2021-06-08","5 day R","2021-04-15","AU","point","NA",0.923400476133657
"2021-06-08","5 day R","2021-04-15","AU","quantile","0.025",0.725811120538972
"2021-06-08","5 day R","2021-04-15","AU","quantile","0.975",1.11736836256144
"2021-06-08","5 day R","2021-04-16","AU","point","NA",0.917336612128768
"2021-06-08","5 day R","2021-04-16","AU","quantile","0.025",0.721179442911676
"2021-06-08","5 day R","2021-04-16","AU","quantile","0.975",1.110278657381
"2021-06-08","5 day R","2021-04-17","AU","point","NA",0.916135119612698
"2021-06-08","5 day R","2021-04-17","AU","quantile","0.025",0.72069378823879
"2021-06-08","5 day R","2021-04-17","AU","quantile","0.975",1.1093800942223
"2021-06-08","5 day R","2021-04-18","AU","point","NA",0.923901395798012
"2021-06-08","5 day R","2021-04-18","AU","quantile","0.025",0.732105297701753
"2021-06-08","5 day R","2021-04-18","AU","quantile","0.975",1.11844132617708
"2021-06-08","5 day R","2021-04-19","AU","point","NA",0.931307112249087
"2021-06-08","5 day R","2021-04-19","AU","quantile","0.025",0.738705462451913
"2021-06-08","5 day R","2021-04-19","AU","quantile","0.975",1.12566620534158
"2021-06-08","5 day R","2021-04-20","AU","point","NA",0.928969443812789
"2021-06-08","5 day R","2021-04-20","AU","quantile","0.025",0.735729302498221
"2021-06-08","5 day R","2021-04-20","AU","quantile","0.975",1.12145028258779
"2021-06-08","5 day R","2021-04-21","AU","point","NA",0.924979029996807
"2021-06-08","5 day R","2021-04-21","AU","quantile","0.025",0.730859570951031
"2021-06-08","5 day R","2021-04-21","AU","quantile","0.975",1.1170819228892
"2021-06-08","5 day R","2021-04-22","AU","point","NA",0.92301688219359
"2021-06-08","5 day R","2021-04-22","AU","quantile","0.025",0.727109288511597
"2021-06-08","5 day R","2021-04-22","AU","quantile","0.975",1.12006990043867
"2021-06-08","5 day R","2021-04-23","AU","point","NA",0.918996429990055
"2021-06-08","5 day R","2021-04-23","AU","quantile","0.025",0.724765408389574
"2021-06-08","5 day R","2021-04-23","AU","quantile","0.975",1.11494797171043
"2021-06-08","5 day R","2021-04-24","AU","point","NA",0.915566396915159
"2021-06-08","5 day R","2021-04-24","AU","quantile","0.025",0.721910091653405
"2021-06-08","5 day R","2021-04-24","AU","quantile","0.975",1.11129084640388
"2021-06-08","5 day R","2021-04-25","AU","point","NA",0.911412716823791
"2021-06-08","5 day R","2021-04-25","AU","quantile","0.025",0.720121063943532
"2021-06-08","5 day R","2021-04-25","AU","quantile","0.975",1.1068110018596
"2021-06-08","5 day R","2021-04-26","AU","point","NA",0.904667123566827
"2021-06-08","5 day R","2021-04-26","AU","quantile","0.025",0.712603192052101
"2021-06-08","5 day R","2021-04-26","AU","quantile","0.975",1.10115681403224
"2021-06-08","5 day R","2021-04-27","AU","point","NA",0.898370303165917
"2021-06-08","5 day R","2021-04-27","AU","quantile","0.025",0.704607731353676
"2021-06-08","5 day R","2021-04-27","AU","quantile","0.975",1.09394284237882
"2021-06-08","5 day R","2021-04-28","AU","point","NA",0.89506213501121
"2021-06-08","5 day R","2021-04-28","AU","quantile","0.025",0.700531513669226
"2021-06-08","5 day R","2021-04-28","AU","quantile","0.975",1.09326828994884
"2021-06-08","5 day R","2021-04-29","AU","point","NA",0.886802503918839
"2021-06-08","5 day R","2021-04-29","AU","quantile","0.025",0.6937189745505
"2021-06-08","5 day R","2021-04-29","AU","quantile","0.975",1.08336316507587
"2021-06-08","5 day R","2021-04-30","AU","point","NA",0.871949527463495
"2021-06-08","5 day R","2021-04-30","AU","quantile","0.025",0.68178953784817
"2021-06-08","5 day R","2021-04-30","AU","quantile","0.975",1.06796212706495
"2021-06-08","5 day R","2021-05-01","AU","point","NA",0.853648409109825
"2021-06-08","5 day R","2021-05-01","AU","quantile","0.025",0.661001133643634
"2021-06-08","5 day R","2021-05-01","AU","quantile","0.975",1.04944195075359
"2021-06-08","5 day R","2021-05-02","AU","point","NA",0.840083110941671
"2021-06-08","5 day R","2021-05-02","AU","quantile","0.025",0.646801152561727
"2021-06-08","5 day R","2021-05-02","AU","quantile","0.975",1.03252873983108
"2021-06-08","5 day R","2021-05-03","AU","point","NA",0.825235562600342
"2021-06-08","5 day R","2021-05-03","AU","quantile","0.025",0.633880278190173
"2021-06-08","5 day R","2021-05-03","AU","quantile","0.975",1.01915198822749
"2021-06-08","5 day R","2021-05-04","AU","point","NA",0.813516087615596
"2021-06-08","5 day R","2021-05-04","AU","quantile","0.025",0.619653110503547
"2021-06-08","5 day R","2021-05-04","AU","quantile","0.975",1.00656242571374
"2021-06-08","5 day R","2021-05-05","AU","point","NA",0.798863179189773
"2021-06-08","5 day R","2021-05-05","AU","quantile","0.025",0.603856195992112
"2021-06-08","5 day R","2021-05-05","AU","quantile","0.975",0.995594774942946
"2021-06-08","5 day R","2021-05-06","AU","point","NA",0.785675915547293
"2021-06-08","5 day R","2021-05-06","AU","quantile","0.025",0.589999653619651
"2021-06-08","5 day R","2021-05-06","AU","quantile","0.975",0.97936228090455
"2021-06-08","5 day R","2021-05-07","AU","point","NA",0.780703147957448
"2021-06-08","5 day R","2021-05-07","AU","quantile","0.025",0.585359967624399
"2021-06-08","5 day R","2021-05-07","AU","quantile","0.975",0.972833173158938
"2021-06-08","5 day R","2021-05-08","AU","point","NA",0.77759378194401
"2021-06-08","5 day R","2021-05-08","AU","quantile","0.025",0.582698779717293
"2021-06-08","5 day R","2021-05-08","AU","quantile","0.975",0.968627576979371
"2021-06-08","5 day R","2021-05-09","AU","point","NA",0.771416495320935
"2021-06-08","5 day R","2021-05-09","AU","quantile","0.025",0.577265988076979
"2021-06-08","5 day R","2021-05-09","AU","quantile","0.975",0.962928425366914
"2021-06-08","5 day R","2021-05-10","AU","point","NA",0.767003981461169
"2021-06-08","5 day R","2021-05-10","AU","quantile","0.025",0.574463771072414
"2021-06-08","5 day R","2021-05-10","AU","quantile","0.975",0.960837649972457
"2021-06-08","5 day R","2021-05-11","AU","point","NA",0.761093400574654
"2021-06-08","5 day R","2021-05-11","AU","quantile","0.025",0.56650837520239
"2021-06-08","5 day R","2021-05-11","AU","quantile","0.975",0.955941819380933
"2021-06-08","5 day R","2021-05-12","AU","point","NA",0.755369869913713
"2021-06-08","5 day R","2021-05-12","AU","quantile","0.025",0.561236713112945
"2021-06-08","5 day R","2021-05-12","AU","quantile","0.975",0.945792289477591
"2021-06-08","5 day R","2021-05-13","AU","point","NA",0.746594936381023
"2021-06-08","5 day R","2021-05-13","AU","quantile","0.025",0.554200487848552
"2021-06-08","5 day R","2021-05-13","AU","quantile","0.975",0.938877297085979
"2021-06-08","5 day R","2021-05-14","AU","point","NA",0.739036989388714
"2021-06-08","5 day R","2021-05-14","AU","quantile","0.025",0.546862281176258
"2021-06-08","5 day R","2021-05-14","AU","quantile","0.975",0.933222678104679
"2021-06-08","5 day R","2021-05-15","AU","point","NA",0.735965374142257
"2021-06-08","5 day R","2021-05-15","AU","quantile","0.025",0.542164067084989
"2021-06-08","5 day R","2021-05-15","AU","quantile","0.975",0.932637004212322
"2021-06-08","5 day R","2021-05-16","AU","point","NA",0.741351113697829
"2021-06-08","5 day R","2021-05-16","AU","quantile","0.025",0.548174386273969
"2021-06-08","5 day R","2021-05-16","AU","quantile","0.975",0.935246714356996
"2021-06-08","5 day R","2021-05-17","AU","point","NA",0.747704862574965
"2021-06-08","5 day R","2021-05-17","AU","quantile","0.025",0.553899166609202
"2021-06-08","5 day R","2021-05-17","AU","quantile","0.975",0.941245101537455
"2021-06-08","5 day R","2021-05-18","AU","point","NA",0.755946921890496
"2021-06-08","5 day R","2021-05-18","AU","quantile","0.025",0.559111691926182
"2021-06-08","5 day R","2021-05-18","AU","quantile","0.975",0.951710245733293
"2021-06-08","5 day R","2021-05-19","AU","point","NA",0.763736275619958
"2021-06-08","5 day R","2021-05-19","AU","quantile","0.025",0.567697051655406
"2021-06-08","5 day R","2021-05-19","AU","quantile","0.975",0.960085735938431
"2021-06-08","5 day R","2021-05-20","AU","point","NA",0.760414951689014
"2021-06-08","5 day R","2021-05-20","AU","quantile","0.025",0.562614139776376
"2021-06-08","5 day R","2021-05-20","AU","quantile","0.975",0.954458968843465
"2021-06-08","5 day R","2021-05-21","AU","point","NA",0.764974119327667
"2021-06-08","5 day R","2021-05-21","AU","quantile","0.025",0.568900737160784
"2021-06-08","5 day R","2021-05-21","AU","quantile","0.975",0.957954937129629
"2021-06-08","5 day R","2021-05-22","AU","point","NA",0.767322462097238
"2021-06-08","5 day R","2021-05-22","AU","quantile","0.025",0.56927067550335
"2021-06-08","5 day R","2021-05-22","AU","quantile","0.975",0.960054675763539
"2021-06-08","5 day R","2021-05-23","AU","point","NA",0.768117580829988
"2021-06-08","5 day R","2021-05-23","AU","quantile","0.025",0.571232510692195
"2021-06-08","5 day R","2021-05-23","AU","quantile","0.975",0.960549802673249
"2021-06-08","5 day R","2021-05-24","AU","point","NA",0.769460971425732
"2021-06-08","5 day R","2021-05-24","AU","quantile","0.025",0.576292717738797
"2021-06-08","5 day R","2021-05-24","AU","quantile","0.975",0.96532508515486
"2021-06-08","5 day R","2021-05-25","AU","point","NA",0.77296237128536
"2021-06-08","5 day R","2021-05-25","AU","quantile","0.025",0.579744193927656
"2021-06-08","5 day R","2021-05-25","AU","quantile","0.975",0.967339765745275
"2021-06-08","5 day R","2021-05-26","AU","point","NA",0.78015831799076
"2021-06-08","5 day R","2021-05-26","AU","quantile","0.025",0.58554594572407
"2021-06-08","5 day R","2021-05-26","AU","quantile","0.975",0.973878585894648
"2021-06-08","5 day R","2021-05-27","AU","point","NA",0.797494115356837
"2021-06-08","5 day R","2021-05-27","AU","quantile","0.025",0.60380136654787
"2021-06-08","5 day R","2021-05-27","AU","quantile","0.975",0.994403132328156
"2021-06-08","5 day R","2021-05-28","AU","point","NA",0.801306081656317
"2021-06-08","5 day R","2021-05-28","AU","quantile","0.025",0.607299290131721
"2021-06-08","5 day R","2021-05-28","AU","quantile","0.975",0.997298709252378
"2021-06-08","5 day R","2021-05-29","AU","point","NA",0.79890341789337
"2021-06-08","5 day R","2021-05-29","AU","quantile","0.025",0.602425518342646
"2021-06-08","5 day R","2021-05-29","AU","quantile","0.975",0.993249711074272
"2021-06-08","5 day R","2021-05-30","AU","point","NA",0.788983685460491
"2021-06-08","5 day R","2021-05-30","AU","quantile","0.025",0.594416790485099
"2021-06-08","5 day R","2021-05-30","AU","quantile","0.975",0.983332563441937
"2021-06-08","5 day R","2021-05-31","AU","point","NA",0.782503995632195
"2021-06-08","5 day R","2021-05-31","AU","quantile","0.025",0.586748112417636
"2021-06-08","5 day R","2021-05-31","AU","quantile","0.975",0.978609622212473
"2021-06-08","5 day R","2021-06-01","AU","point","NA",0.783844752368748
"2021-06-08","5 day R","2021-06-01","AU","quantile","0.025",0.586505601251443
"2021-06-08","5 day R","2021-06-01","AU","quantile","0.975",0.98064821770342
"2021-06-08","5 day R","2021-06-02","AU","point","NA",0.783563023169813
"2021-06-08","5 day R","2021-06-02","AU","quantile","0.025",0.585598904789529
"2021-06-08","5 day R","2021-06-02","AU","quantile","0.975",0.983492639555266
"2021-06-08","5 day R","2021-06-03","AU","point","NA",0.784561181703672
"2021-06-08","5 day R","2021-06-03","AU","quantile","0.025",0.582629050364882
"2021-06-08","5 day R","2021-06-03","AU","quantile","0.975",0.986868719200511
"2021-06-08","5 day R","2021-06-04","AU","point","NA",0.797407335733214
"2021-06-08","5 day R","2021-06-04","AU","quantile","0.025",0.588793727238295
"2021-06-08","5 day R","2021-06-04","AU","quantile","0.975",1.00975844648787
"2021-06-08","5 day R","2021-06-05","AU","point","NA",0.814227195937014
"2021-06-08","5 day R","2021-06-05","AU","quantile","0.025",0.595763743604005
"2021-06-08","5 day R","2021-06-05","AU","quantile","0.975",1.03818173331913
"2021-06-08","5 day R","2021-06-06","AU","point","NA",0.834844835786622
"2021-06-08","5 day R","2021-06-06","AU","quantile","0.025",0.599726448428064
"2021-06-08","5 day R","2021-06-06","AU","quantile","0.975",1.072144261843
"2021-06-08","5 day R","2021-06-07","AU","point","NA",0.845119176290385
"2021-06-08","5 day R","2021-06-07","AU","quantile","0.025",0.581841849399762
"2021-06-08","5 day R","2021-06-07","AU","quantile","0.975",1.1086359821371
"2021-06-08","5 day R","2020-03-06","CH","point","NA",2.10349230847098
"2021-06-08","5 day R","2020-03-06","Ch","quantile","0.025",1.74813023610984
"2021-06-08","5 day R","2020-03-06","CH","quantile","0.975",2.45810306517551
"2021-06-08","5 day R","2020-03-07","CH","point","NA",2.11754843693593
"2021-06-08","5 day R","2020-03-07","Ch","quantile","0.025",1.78978769666811
"2021-06-08","5 day R","2020-03-07","CH","quantile","0.975",2.44335469001843
"2021-06-08","5 day R","2020-03-08","CH","point","NA",2.13407177032915
"2021-06-08","5 day R","2020-03-08","Ch","quantile","0.025",1.83017065266609
"2021-06-08","5 day R","2020-03-08","CH","quantile","0.975",2.4407476810185
"2021-06-08","5 day R","2020-03-09","CH","point","NA",2.18352961773827
"2021-06-08","5 day R","2020-03-09","Ch","quantile","0.025",1.89413254994076
"2021-06-08","5 day R","2020-03-09","CH","quantile","0.975",2.47179597043158
"2021-06-08","5 day R","2020-03-10","CH","point","NA",2.23446895071492
"2021-06-08","5 day R","2020-03-10","Ch","quantile","0.025",1.95472141622119
"2021-06-08","5 day R","2020-03-10","CH","quantile","0.975",2.51734561099313
"2021-06-08","5 day R","2020-03-11","CH","point","NA",2.27897672818372
"2021-06-08","5 day R","2020-03-11","Ch","quantile","0.025",1.99556940426618
"2021-06-08","5 day R","2020-03-11","CH","quantile","0.975",2.56333607744986
"2021-06-08","5 day R","2020-03-12","CH","point","NA",2.31112558689713
"2021-06-08","5 day R","2020-03-12","Ch","quantile","0.025",2.02476456922675
"2021-06-08","5 day R","2020-03-12","CH","quantile","0.975",2.60511217042558
"2021-06-08","5 day R","2020-03-13","CH","point","NA",2.3721957810617
"2021-06-08","5 day R","2020-03-13","Ch","quantile","0.025",2.07018908235627
"2021-06-08","5 day R","2020-03-13","CH","quantile","0.975",2.68149118321693
"2021-06-08","5 day R","2020-03-14","CH","point","NA",2.3487609761122
"2021-06-08","5 day R","2020-03-14","Ch","quantile","0.025",2.04723307316452
"2021-06-08","5 day R","2020-03-14","CH","quantile","0.975",2.6605008959259
"2021-06-08","5 day R","2020-03-15","CH","point","NA",2.31630798775738
"2021-06-08","5 day R","2020-03-15","Ch","quantile","0.025",2.02064847282349
"2021-06-08","5 day R","2020-03-15","CH","quantile","0.975",2.62210439835702
"2021-06-08","5 day R","2020-03-16","CH","point","NA",2.2166486419371
"2021-06-08","5 day R","2020-03-16","Ch","quantile","0.025",1.93754543720825
"2021-06-08","5 day R","2020-03-16","CH","quantile","0.975",2.50277398828924
"2021-06-08","5 day R","2020-03-17","CH","point","NA",2.14222270582974
"2021-06-08","5 day R","2020-03-17","Ch","quantile","0.025",1.87087363024581
"2021-06-08","5 day R","2020-03-17","CH","quantile","0.975",2.42018395476646
"2021-06-08","5 day R","2020-03-18","CH","point","NA",2.074076044455
"2021-06-08","5 day R","2020-03-18","Ch","quantile","0.025",1.80488353272915
"2021-06-08","5 day R","2020-03-18","CH","quantile","0.975",2.35176911889486
"2021-06-08","5 day R","2020-03-19","CH","point","NA",2.02327788448625
"2021-06-08","5 day R","2020-03-19","Ch","quantile","0.025",1.75310143504136
"2021-06-08","5 day R","2020-03-19","CH","quantile","0.975",2.29842180269891
"2021-06-08","5 day R","2020-03-20","CH","point","NA",1.91955910926658
"2021-06-08","5 day R","2020-03-20","Ch","quantile","0.025",1.65965508627296
"2021-06-08","5 day R","2020-03-20","CH","quantile","0.975",2.18207350117747
"2021-06-08","5 day R","2020-03-21","CH","point","NA",1.83293312235953
"2021-06-08","5 day R","2020-03-21","Ch","quantile","0.025",1.57289647408346
"2021-06-08","5 day R","2020-03-21","CH","quantile","0.975",2.09380247324231
"2021-06-08","5 day R","2020-03-22","CH","point","NA",1.73047371741299
"2021-06-08","5 day R","2020-03-22","Ch","quantile","0.025",1.47556553855697
"2021-06-08","5 day R","2020-03-22","CH","quantile","0.975",1.98511829980117
"2021-06-08","5 day R","2020-03-23","CH","point","NA",1.64829254146421
"2021-06-08","5 day R","2020-03-23","Ch","quantile","0.025",1.39333496401877
"2021-06-08","5 day R","2020-03-23","CH","quantile","0.975",1.90347890534091
"2021-06-08","5 day R","2020-03-24","CH","point","NA",1.54410464765627
"2021-06-08","5 day R","2020-03-24","Ch","quantile","0.025",1.28906617383961
"2021-06-08","5 day R","2020-03-24","CH","quantile","0.975",1.79986907331785
"2021-06-08","5 day R","2020-03-25","CH","point","NA",1.44282404892845
"2021-06-08","5 day R","2020-03-25","Ch","quantile","0.025",1.18411655355648
"2021-06-08","5 day R","2020-03-25","CH","quantile","0.975",1.69881987346416
"2021-06-08","5 day R","2020-03-26","CH","point","NA",1.34860655669791
"2021-06-08","5 day R","2020-03-26","Ch","quantile","0.025",1.08449745252719
"2021-06-08","5 day R","2020-03-26","CH","quantile","0.975",1.60585572930335
"2021-06-08","5 day R","2020-03-27","CH","point","NA",1.27176071272426
"2021-06-08","5 day R","2020-03-27","Ch","quantile","0.025",1.00499581342815
"2021-06-08","5 day R","2020-03-27","CH","quantile","0.975",1.53393370139375
"2021-06-08","5 day R","2020-03-28","CH","point","NA",1.22061832771796
"2021-06-08","5 day R","2020-03-28","Ch","quantile","0.025",0.958680310917911
"2021-06-08","5 day R","2020-03-28","CH","quantile","0.975",1.48031094698356
"2021-06-08","5 day R","2020-03-29","CH","point","NA",1.17569498863291
"2021-06-08","5 day R","2020-03-29","Ch","quantile","0.025",0.907747194185146
"2021-06-08","5 day R","2020-03-29","CH","quantile","0.975",1.43823644165356
"2021-06-08","5 day R","2020-03-30","CH","point","NA",1.14074009889546
"2021-06-08","5 day R","2020-03-30","Ch","quantile","0.025",0.875220371740461
"2021-06-08","5 day R","2020-03-30","CH","quantile","0.975",1.40041465845711
"2021-06-08","5 day R","2020-03-31","CH","point","NA",1.09691228641433
"2021-06-08","5 day R","2020-03-31","Ch","quantile","0.025",0.834474597522467
"2021-06-08","5 day R","2020-03-31","CH","quantile","0.975",1.35604592716875
"2021-06-08","5 day R","2020-04-01","CH","point","NA",1.05470352512668
"2021-06-08","5 day R","2020-04-01","Ch","quantile","0.025",0.791881696661525
"2021-06-08","5 day R","2020-04-01","CH","quantile","0.975",1.31250895888998
"2021-06-08","5 day R","2020-04-02","CH","point","NA",1.00829624777341
"2021-06-08","5 day R","2020-04-02","Ch","quantile","0.025",0.746425978867442
"2021-06-08","5 day R","2020-04-02","CH","quantile","0.975",1.2691236354504
"2021-06-08","5 day R","2020-04-03","CH","point","NA",0.963758891995146
"2021-06-08","5 day R","2020-04-03","Ch","quantile","0.025",0.702760592227657
"2021-06-08","5 day R","2020-04-03","CH","quantile","0.975",1.22557662207109
"2021-06-08","5 day R","2020-04-04","CH","point","NA",0.934086937277474
"2021-06-08","5 day R","2020-04-04","Ch","quantile","0.025",0.674635194998548
"2021-06-08","5 day R","2020-04-04","CH","quantile","0.975",1.19169211966255
"2021-06-08","5 day R","2020-04-05","CH","point","NA",0.911336102276464
"2021-06-08","5 day R","2020-04-05","Ch","quantile","0.025",0.652341475597276
"2021-06-08","5 day R","2020-04-05","CH","quantile","0.975",1.16946075351183
"2021-06-08","5 day R","2020-04-06","CH","point","NA",0.892490469416336
"2021-06-08","5 day R","2020-04-06","Ch","quantile","0.025",0.636885433944124
"2021-06-08","5 day R","2020-04-06","CH","quantile","0.975",1.14581561305967
"2021-06-08","5 day R","2020-04-07","CH","point","NA",0.874273479331556
"2021-06-08","5 day R","2020-04-07","Ch","quantile","0.025",0.620512967196353
"2021-06-08","5 day R","2020-04-07","CH","quantile","0.975",1.12561995171245
"2021-06-08","5 day R","2020-04-08","CH","point","NA",0.849718486091959
"2021-06-08","5 day R","2020-04-08","Ch","quantile","0.025",0.590206095073147
"2021-06-08","5 day R","2020-04-08","CH","quantile","0.975",1.102102031884
"2021-06-08","5 day R","2020-04-09","CH","point","NA",0.815123044562519
"2021-06-08","5 day R","2020-04-09","Ch","quantile","0.025",0.555083441807899
"2021-06-08","5 day R","2020-04-09","CH","quantile","0.975",1.06992062723853
"2021-06-08","5 day R","2020-04-10","CH","point","NA",0.780998468388905
"2021-06-08","5 day R","2020-04-10","Ch","quantile","0.025",0.519130345411201
"2021-06-08","5 day R","2020-04-10","CH","quantile","0.975",1.03379611413488
"2021-06-08","5 day R","2020-04-11","CH","point","NA",0.755796143433877
"2021-06-08","5 day R","2020-04-11","Ch","quantile","0.025",0.491526447431673
"2021-06-08","5 day R","2020-04-11","CH","quantile","0.975",1.01662743189867
"2021-06-08","5 day R","2020-04-12","CH","point","NA",0.736645726017207
"2021-06-08","5 day R","2020-04-12","Ch","quantile","0.025",0.475533527564158
"2021-06-08","5 day R","2020-04-12","CH","quantile","0.975",0.997432713115495
"2021-06-08","5 day R","2020-04-13","CH","point","NA",0.724481033051778
"2021-06-08","5 day R","2020-04-13","Ch","quantile","0.025",0.461173296039365
"2021-06-08","5 day R","2020-04-13","CH","quantile","0.975",0.981411499130962
"2021-06-08","5 day R","2020-04-14","CH","point","NA",0.715567896528778
"2021-06-08","5 day R","2020-04-14","Ch","quantile","0.025",0.453900650784886
"2021-06-08","5 day R","2020-04-14","CH","quantile","0.975",0.97538412406211
"2021-06-08","5 day R","2020-04-15","CH","point","NA",0.707338257944328
"2021-06-08","5 day R","2020-04-15","Ch","quantile","0.025",0.448431551520213
"2021-06-08","5 day R","2020-04-15","CH","quantile","0.975",0.966581724474103
"2021-06-08","5 day R","2020-04-16","CH","point","NA",0.699604939621034
"2021-06-08","5 day R","2020-04-16","Ch","quantile","0.025",0.438867480140004
"2021-06-08","5 day R","2020-04-16","CH","quantile","0.975",0.957207281580434
"2021-06-08","5 day R","2020-04-17","CH","point","NA",0.694010987858973
"2021-06-08","5 day R","2020-04-17","Ch","quantile","0.025",0.436826709163188
"2021-06-08","5 day R","2020-04-17","CH","quantile","0.975",0.949019293680141
"2021-06-08","5 day R","2020-04-18","CH","point","NA",0.689560273665387
"2021-06-08","5 day R","2020-04-18","Ch","quantile","0.025",0.433846533452043
"2021-06-08","5 day R","2020-04-18","CH","quantile","0.975",0.946260644172248
"2021-06-08","5 day R","2020-04-19","CH","point","NA",0.687069353784601
"2021-06-08","5 day R","2020-04-19","Ch","quantile","0.025",0.427899156723592
"2021-06-08","5 day R","2020-04-19","CH","quantile","0.975",0.945475697879845
"2021-06-08","5 day R","2020-04-20","CH","point","NA",0.679016616749642
"2021-06-08","5 day R","2020-04-20","Ch","quantile","0.025",0.420661992963313
"2021-06-08","5 day R","2020-04-20","CH","quantile","0.975",0.934859916291456
"2021-06-08","5 day R","2020-04-21","CH","point","NA",0.6695482281105
"2021-06-08","5 day R","2020-04-21","Ch","quantile","0.025",0.411313262661992
"2021-06-08","5 day R","2020-04-21","CH","quantile","0.975",0.925405807985442
"2021-06-08","5 day R","2020-04-22","CH","point","NA",0.662669341035504
"2021-06-08","5 day R","2020-04-22","Ch","quantile","0.025",0.403473436912615
"2021-06-08","5 day R","2020-04-22","CH","quantile","0.975",0.917697137239387
"2021-06-08","5 day R","2020-04-23","CH","point","NA",0.658853769761493
"2021-06-08","5 day R","2020-04-23","Ch","quantile","0.025",0.401430983757529
"2021-06-08","5 day R","2020-04-23","CH","quantile","0.975",0.914524592672648
"2021-06-08","5 day R","2020-04-24","CH","point","NA",0.658388378580138
"2021-06-08","5 day R","2020-04-24","Ch","quantile","0.025",0.401007148074854
"2021-06-08","5 day R","2020-04-24","CH","quantile","0.975",0.913918101557702
"2021-06-08","5 day R","2020-04-25","CH","point","NA",0.661414169177736
"2021-06-08","5 day R","2020-04-25","Ch","quantile","0.025",0.402497068823356
"2021-06-08","5 day R","2020-04-25","CH","quantile","0.975",0.916502028825566
"2021-06-08","5 day R","2020-04-26","CH","point","NA",0.661751412077116
"2021-06-08","5 day R","2020-04-26","Ch","quantile","0.025",0.402553513856964
"2021-06-08","5 day R","2020-04-26","CH","quantile","0.975",0.914604216830106
"2021-06-08","5 day R","2020-04-27","CH","point","NA",0.660711056289455
"2021-06-08","5 day R","2020-04-27","Ch","quantile","0.025",0.405179066530192
"2021-06-08","5 day R","2020-04-27","CH","quantile","0.975",0.918541670301075
"2021-06-08","5 day R","2020-04-28","CH","point","NA",0.659898448498536
"2021-06-08","5 day R","2020-04-28","Ch","quantile","0.025",0.40256220680979
"2021-06-08","5 day R","2020-04-28","CH","quantile","0.975",0.918707892317936
"2021-06-08","5 day R","2020-04-29","CH","point","NA",0.656368196457164
"2021-06-08","5 day R","2020-04-29","Ch","quantile","0.025",0.400569706763417
"2021-06-08","5 day R","2020-04-29","CH","quantile","0.975",0.914173418761425
"2021-06-08","5 day R","2020-04-30","CH","point","NA",0.65029228443919
"2021-06-08","5 day R","2020-04-30","Ch","quantile","0.025",0.395102870335728
"2021-06-08","5 day R","2020-04-30","CH","quantile","0.975",0.907414129748758
"2021-06-08","5 day R","2020-05-01","CH","point","NA",0.640687187298529
"2021-06-08","5 day R","2020-05-01","Ch","quantile","0.025",0.385760476326146
"2021-06-08","5 day R","2020-05-01","CH","quantile","0.975",0.895557527876702
"2021-06-08","5 day R","2020-05-02","CH","point","NA",0.63417494040879
"2021-06-08","5 day R","2020-05-02","Ch","quantile","0.025",0.378788469179638
"2021-06-08","5 day R","2020-05-02","CH","quantile","0.975",0.887588283386884
"2021-06-08","5 day R","2020-05-03","CH","point","NA",0.627780406356171
"2021-06-08","5 day R","2020-05-03","Ch","quantile","0.025",0.374088303263997
"2021-06-08","5 day R","2020-05-03","CH","quantile","0.975",0.879832307184364
"2021-06-08","5 day R","2020-05-04","CH","point","NA",0.62221801137184
"2021-06-08","5 day R","2020-05-04","Ch","quantile","0.025",0.36802282986935
"2021-06-08","5 day R","2020-05-04","CH","quantile","0.975",0.875886357113067
"2021-06-08","5 day R","2020-05-05","CH","point","NA",0.614045498122273
"2021-06-08","5 day R","2020-05-05","Ch","quantile","0.025",0.359371156367396
"2021-06-08","5 day R","2020-05-05","CH","quantile","0.975",0.867075625580387
"2021-06-08","5 day R","2020-05-06","CH","point","NA",0.609976891482244
"2021-06-08","5 day R","2020-05-06","Ch","quantile","0.025",0.355866670910995
"2021-06-08","5 day R","2020-05-06","CH","quantile","0.975",0.863985534224293
"2021-06-08","5 day R","2020-05-07","CH","point","NA",0.612229015400882
"2021-06-08","5 day R","2020-05-07","Ch","quantile","0.025",0.359550015991988
"2021-06-08","5 day R","2020-05-07","CH","quantile","0.975",0.865144735643051
"2021-06-08","5 day R","2020-05-08","CH","point","NA",0.621673598176588
"2021-06-08","5 day R","2020-05-08","Ch","quantile","0.025",0.369938799071783
"2021-06-08","5 day R","2020-05-08","CH","quantile","0.975",0.874894934674563
"2021-06-08","5 day R","2020-05-09","CH","point","NA",0.628975748224051
"2021-06-08","5 day R","2020-05-09","Ch","quantile","0.025",0.377085647461819
"2021-06-08","5 day R","2020-05-09","CH","quantile","0.975",0.883170224587361
"2021-06-08","5 day R","2020-05-10","CH","point","NA",0.641574108688251
"2021-06-08","5 day R","2020-05-10","Ch","quantile","0.025",0.387214209178059
"2021-06-08","5 day R","2020-05-10","CH","quantile","0.975",0.896054455793177
"2021-06-08","5 day R","2020-05-11","CH","point","NA",0.650277936555726
"2021-06-08","5 day R","2020-05-11","Ch","quantile","0.025",0.392914545723939
"2021-06-08","5 day R","2020-05-11","CH","quantile","0.975",0.906648275110477
"2021-06-08","5 day R","2020-05-12","CH","point","NA",0.65387146198935
"2021-06-08","5 day R","2020-05-12","Ch","quantile","0.025",0.396105310265314
"2021-06-08","5 day R","2020-05-12","CH","quantile","0.975",0.907561347099624
"2021-06-08","5 day R","2020-05-13","CH","point","NA",0.654913649985621
"2021-06-08","5 day R","2020-05-13","Ch","quantile","0.025",0.394751956562775
"2021-06-08","5 day R","2020-05-13","CH","quantile","0.975",0.912525598413215
"2021-06-08","5 day R","2020-05-14","CH","point","NA",0.661288657567711
"2021-06-08","5 day R","2020-05-14","Ch","quantile","0.025",0.401983200634797
"2021-06-08","5 day R","2020-05-14","CH","quantile","0.975",0.918495186641408
"2021-06-08","5 day R","2020-05-15","CH","point","NA",0.669531062161681
"2021-06-08","5 day R","2020-05-15","Ch","quantile","0.025",0.41473685949093
"2021-06-08","5 day R","2020-05-15","CH","quantile","0.975",0.923125027323703
"2021-06-08","5 day R","2020-05-16","CH","point","NA",0.674118755977257
"2021-06-08","5 day R","2020-05-16","Ch","quantile","0.025",0.418233653622497
"2021-06-08","5 day R","2020-05-16","CH","quantile","0.975",0.93115154587415
"2021-06-08","5 day R","2020-05-17","CH","point","NA",0.67000681931755
"2021-06-08","5 day R","2020-05-17","Ch","quantile","0.025",0.412619651543543
"2021-06-08","5 day R","2020-05-17","CH","quantile","0.975",0.927412852335128
"2021-06-08","5 day R","2020-05-18","CH","point","NA",0.672396757526889
"2021-06-08","5 day R","2020-05-18","Ch","quantile","0.025",0.412272498930041
"2021-06-08","5 day R","2020-05-18","CH","quantile","0.975",0.929067100528253
"2021-06-08","5 day R","2020-05-19","CH","point","NA",0.678871939241745
"2021-06-08","5 day R","2020-05-19","Ch","quantile","0.025",0.416873661055376
"2021-06-08","5 day R","2020-05-19","CH","quantile","0.975",0.939454720805881
"2021-06-08","5 day R","2020-05-20","CH","point","NA",0.683744732869761
"2021-06-08","5 day R","2020-05-20","Ch","quantile","0.025",0.428081566852212
"2021-06-08","5 day R","2020-05-20","CH","quantile","0.975",0.940107725059449
"2021-06-08","5 day R","2020-05-21","CH","point","NA",0.679143001153507
"2021-06-08","5 day R","2020-05-21","Ch","quantile","0.025",0.419284765656466
"2021-06-08","5 day R","2020-05-21","CH","quantile","0.975",0.937072704822868
"2021-06-08","5 day R","2020-05-22","CH","point","NA",0.674978555431994
"2021-06-08","5 day R","2020-05-22","Ch","quantile","0.025",0.41427967465778
"2021-06-08","5 day R","2020-05-22","CH","quantile","0.975",0.933364070064541
"2021-06-08","5 day R","2020-05-23","CH","point","NA",0.687848054697836
"2021-06-08","5 day R","2020-05-23","Ch","quantile","0.025",0.42783816475089
"2021-06-08","5 day R","2020-05-23","CH","quantile","0.975",0.941973498221727
"2021-06-08","5 day R","2020-05-24","CH","point","NA",0.708324809448431
"2021-06-08","5 day R","2020-05-24","Ch","quantile","0.025",0.451213283482355
"2021-06-08","5 day R","2020-05-24","CH","quantile","0.975",0.96282853179895
"2021-06-08","5 day R","2020-05-25","CH","point","NA",0.733983908455286
"2021-06-08","5 day R","2020-05-25","Ch","quantile","0.025",0.476094031209849
"2021-06-08","5 day R","2020-05-25","CH","quantile","0.975",0.989697145791784
"2021-06-08","5 day R","2020-05-26","CH","point","NA",0.758608029794585
"2021-06-08","5 day R","2020-05-26","Ch","quantile","0.025",0.500397237938965
"2021-06-08","5 day R","2020-05-26","CH","quantile","0.975",1.01804054307743
"2021-06-08","5 day R","2020-05-27","CH","point","NA",0.77970523357362
"2021-06-08","5 day R","2020-05-27","Ch","quantile","0.025",0.524901885386496
"2021-06-08","5 day R","2020-05-27","CH","quantile","0.975",1.03594357248776
"2021-06-08","5 day R","2020-05-28","CH","point","NA",0.80842412898509
"2021-06-08","5 day R","2020-05-28","Ch","quantile","0.025",0.554195054349102
"2021-06-08","5 day R","2020-05-28","CH","quantile","0.975",1.06497644888395
"2021-06-08","5 day R","2020-05-29","CH","point","NA",0.838214425310127
"2021-06-08","5 day R","2020-05-29","Ch","quantile","0.025",0.582606913297563
"2021-06-08","5 day R","2020-05-29","CH","quantile","0.975",1.09696539544528
"2021-06-08","5 day R","2020-05-30","CH","point","NA",0.85271510666003
"2021-06-08","5 day R","2020-05-30","Ch","quantile","0.025",0.594970069150632
"2021-06-08","5 day R","2020-05-30","CH","quantile","0.975",1.10990307634483
"2021-06-08","5 day R","2020-05-31","CH","point","NA",0.868207875451637
"2021-06-08","5 day R","2020-05-31","Ch","quantile","0.025",0.613623445997113
"2021-06-08","5 day R","2020-05-31","CH","quantile","0.975",1.12473547330135
"2021-06-08","5 day R","2020-06-01","CH","point","NA",0.879455881082486
"2021-06-08","5 day R","2020-06-01","Ch","quantile","0.025",0.623217060143536
"2021-06-08","5 day R","2020-06-01","CH","quantile","0.975",1.1373432310388
"2021-06-08","5 day R","2020-06-02","CH","point","NA",0.893489865966019
"2021-06-08","5 day R","2020-06-02","Ch","quantile","0.025",0.637860445432797
"2021-06-08","5 day R","2020-06-02","CH","quantile","0.975",1.14662719510808
"2021-06-08","5 day R","2020-06-03","CH","point","NA",0.922447711924976
"2021-06-08","5 day R","2020-06-03","Ch","quantile","0.025",0.665957577469738
"2021-06-08","5 day R","2020-06-03","CH","quantile","0.975",1.17673947485908
"2021-06-08","5 day R","2020-06-04","CH","point","NA",0.950286868587049
"2021-06-08","5 day R","2020-06-04","Ch","quantile","0.025",0.696489674908711
"2021-06-08","5 day R","2020-06-04","CH","quantile","0.975",1.20446640108196
"2021-06-08","5 day R","2020-06-05","CH","point","NA",0.97738103438248
"2021-06-08","5 day R","2020-06-05","Ch","quantile","0.025",0.721217149295212
"2021-06-08","5 day R","2020-06-05","CH","quantile","0.975",1.23225126703061
"2021-06-08","5 day R","2020-06-06","CH","point","NA",0.999568509095166
"2021-06-08","5 day R","2020-06-06","Ch","quantile","0.025",0.743807292326373
"2021-06-08","5 day R","2020-06-06","CH","quantile","0.975",1.25314834134013
"2021-06-08","5 day R","2020-06-07","CH","point","NA",1.02048421023685
"2021-06-08","5 day R","2020-06-07","Ch","quantile","0.025",0.767306852794136
"2021-06-08","5 day R","2020-06-07","CH","quantile","0.975",1.27584298429204
"2021-06-08","5 day R","2020-06-08","CH","point","NA",1.05289395434039
"2021-06-08","5 day R","2020-06-08","Ch","quantile","0.025",0.796222843505105
"2021-06-08","5 day R","2020-06-08","CH","quantile","0.975",1.30633994228769
"2021-06-08","5 day R","2020-06-09","CH","point","NA",1.08852549208986
"2021-06-08","5 day R","2020-06-09","Ch","quantile","0.025",0.83522893757586
"2021-06-08","5 day R","2020-06-09","CH","quantile","0.975",1.34798421729605
"2021-06-08","5 day R","2020-06-10","CH","point","NA",1.11892599554042
"2021-06-08","5 day R","2020-06-10","Ch","quantile","0.025",0.859706796505002
"2021-06-08","5 day R","2020-06-10","CH","quantile","0.975",1.37916071756656
"2021-06-08","5 day R","2020-06-11","CH","point","NA",1.14419880055239
"2021-06-08","5 day R","2020-06-11","Ch","quantile","0.025",0.884738540788461
"2021-06-08","5 day R","2020-06-11","CH","quantile","0.975",1.40479396689647
"2021-06-08","5 day R","2020-06-12","CH","point","NA",1.15157782320744
"2021-06-08","5 day R","2020-06-12","Ch","quantile","0.025",0.893012002373835
"2021-06-08","5 day R","2020-06-12","CH","quantile","0.975",1.41532130542808
"2021-06-08","5 day R","2020-06-13","CH","point","NA",1.16838146574918
"2021-06-08","5 day R","2020-06-13","Ch","quantile","0.025",0.907379313768641
"2021-06-08","5 day R","2020-06-13","CH","quantile","0.975",1.43086015615816
"2021-06-08","5 day R","2020-06-14","CH","point","NA",1.17221373826346
"2021-06-08","5 day R","2020-06-14","Ch","quantile","0.025",0.914391497146456
"2021-06-08","5 day R","2020-06-14","CH","quantile","0.975",1.42974281669958
"2021-06-08","5 day R","2020-06-15","CH","point","NA",1.17828954514785
"2021-06-08","5 day R","2020-06-15","Ch","quantile","0.025",0.921077201019702
"2021-06-08","5 day R","2020-06-15","CH","quantile","0.975",1.43656104119785
"2021-06-08","5 day R","2020-06-16","CH","point","NA",1.18281231968222
"2021-06-08","5 day R","2020-06-16","Ch","quantile","0.025",0.925212480361132
"2021-06-08","5 day R","2020-06-16","CH","quantile","0.975",1.44202696599955
"2021-06-08","5 day R","2020-06-17","CH","point","NA",1.18299023535042
"2021-06-08","5 day R","2020-06-17","Ch","quantile","0.025",0.925666214014655
"2021-06-08","5 day R","2020-06-17","CH","quantile","0.975",1.44286828799463
"2021-06-08","5 day R","2020-06-18","CH","point","NA",1.18721557966318
"2021-06-08","5 day R","2020-06-18","Ch","quantile","0.025",0.929278819703234
"2021-06-08","5 day R","2020-06-18","CH","quantile","0.975",1.44689432187993
"2021-06-08","5 day R","2020-06-19","CH","point","NA",1.21590001227616
"2021-06-08","5 day R","2020-06-19","Ch","quantile","0.025",0.956371328967569
"2021-06-08","5 day R","2020-06-19","CH","quantile","0.975",1.47345666431716
"2021-06-08","5 day R","2020-06-20","CH","point","NA",1.2442990992806
"2021-06-08","5 day R","2020-06-20","Ch","quantile","0.025",0.984664934413004
"2021-06-08","5 day R","2020-06-20","CH","quantile","0.975",1.50132172590519
"2021-06-08","5 day R","2020-06-21","CH","point","NA",1.29351702249361
"2021-06-08","5 day R","2020-06-21","Ch","quantile","0.025",1.03728143649407
"2021-06-08","5 day R","2020-06-21","CH","quantile","0.975",1.54908061617325
"2021-06-08","5 day R","2020-06-22","CH","point","NA",1.31611132927695
"2021-06-08","5 day R","2020-06-22","Ch","quantile","0.025",1.05814420493428
"2021-06-08","5 day R","2020-06-22","CH","quantile","0.975",1.57550917721038
"2021-06-08","5 day R","2020-06-23","CH","point","NA",1.33596585294643
"2021-06-08","5 day R","2020-06-23","Ch","quantile","0.025",1.08180461211985
"2021-06-08","5 day R","2020-06-23","CH","quantile","0.975",1.59676849208708
"2021-06-08","5 day R","2020-06-24","CH","point","NA",1.36076897126218
"2021-06-08","5 day R","2020-06-24","Ch","quantile","0.025",1.10839159251979
"2021-06-08","5 day R","2020-06-24","CH","quantile","0.975",1.62043859702473
"2021-06-08","5 day R","2020-06-25","CH","point","NA",1.39206428933676
"2021-06-08","5 day R","2020-06-25","Ch","quantile","0.025",1.13530871551517
"2021-06-08","5 day R","2020-06-25","CH","quantile","0.975",1.65732678498971
"2021-06-08","5 day R","2020-06-26","CH","point","NA",1.41143387475191
"2021-06-08","5 day R","2020-06-26","Ch","quantile","0.025",1.1539055234509
"2021-06-08","5 day R","2020-06-26","CH","quantile","0.975",1.67706145302161
"2021-06-08","5 day R","2020-06-27","CH","point","NA",1.42712549331848
"2021-06-08","5 day R","2020-06-27","Ch","quantile","0.025",1.16967172709439
"2021-06-08","5 day R","2020-06-27","CH","quantile","0.975",1.69458185687125
"2021-06-08","5 day R","2020-06-28","CH","point","NA",1.42692842689183
"2021-06-08","5 day R","2020-06-28","Ch","quantile","0.025",1.16923291025816
"2021-06-08","5 day R","2020-06-28","CH","quantile","0.975",1.6982018892648
"2021-06-08","5 day R","2020-06-29","CH","point","NA",1.42804581354806
"2021-06-08","5 day R","2020-06-29","Ch","quantile","0.025",1.16616813303097
"2021-06-08","5 day R","2020-06-29","CH","quantile","0.975",1.69640136089877
"2021-06-08","5 day R","2020-06-30","CH","point","NA",1.4287615878363
"2021-06-08","5 day R","2020-06-30","Ch","quantile","0.025",1.16914071079532
"2021-06-08","5 day R","2020-06-30","CH","quantile","0.975",1.70058228297708
"2021-06-08","5 day R","2020-07-01","CH","point","NA",1.42034445388608
"2021-06-08","5 day R","2020-07-01","Ch","quantile","0.025",1.15813215035082
"2021-06-08","5 day R","2020-07-01","CH","quantile","0.975",1.69212147967104
"2021-06-08","5 day R","2020-07-02","CH","point","NA",1.38715002480811
"2021-06-08","5 day R","2020-07-02","Ch","quantile","0.025",1.1283530645116
"2021-06-08","5 day R","2020-07-02","CH","quantile","0.975",1.65158170912834
"2021-06-08","5 day R","2020-07-03","CH","point","NA",1.34486295133814
"2021-06-08","5 day R","2020-07-03","Ch","quantile","0.025",1.09102814727217
"2021-06-08","5 day R","2020-07-03","CH","quantile","0.975",1.60508677185678
"2021-06-08","5 day R","2020-07-04","CH","point","NA",1.29606093229928
"2021-06-08","5 day R","2020-07-04","Ch","quantile","0.025",1.04139531757736
"2021-06-08","5 day R","2020-07-04","CH","quantile","0.975",1.55135858904109
"2021-06-08","5 day R","2020-07-05","CH","point","NA",1.25395244562584
"2021-06-08","5 day R","2020-07-05","Ch","quantile","0.025",0.999526598203037
"2021-06-08","5 day R","2020-07-05","CH","quantile","0.975",1.50646364889034
"2021-06-08","5 day R","2020-07-06","CH","point","NA",1.22228396826779
"2021-06-08","5 day R","2020-07-06","Ch","quantile","0.025",0.968320839958256
"2021-06-08","5 day R","2020-07-06","CH","quantile","0.975",1.47551554350809
"2021-06-08","5 day R","2020-07-07","CH","point","NA",1.19471553455676
"2021-06-08","5 day R","2020-07-07","Ch","quantile","0.025",0.94035454664032
"2021-06-08","5 day R","2020-07-07","CH","quantile","0.975",1.44787020739872
"2021-06-08","5 day R","2020-07-08","CH","point","NA",1.1745858409571
"2021-06-08","5 day R","2020-07-08","Ch","quantile","0.025",0.917690349593898
"2021-06-08","5 day R","2020-07-08","CH","quantile","0.975",1.42820764449921
"2021-06-08","5 day R","2020-07-09","CH","point","NA",1.15879081001019
"2021-06-08","5 day R","2020-07-09","Ch","quantile","0.025",0.901716328734035
"2021-06-08","5 day R","2020-07-09","CH","quantile","0.975",1.41640269512576
"2021-06-08","5 day R","2020-07-10","CH","point","NA",1.15231659477391
"2021-06-08","5 day R","2020-07-10","Ch","quantile","0.025",0.894839396198159
"2021-06-08","5 day R","2020-07-10","CH","quantile","0.975",1.40936194452996
"2021-06-08","5 day R","2020-07-11","CH","point","NA",1.14770140699931
"2021-06-08","5 day R","2020-07-11","Ch","quantile","0.025",0.890330971991535
"2021-06-08","5 day R","2020-07-11","CH","quantile","0.975",1.40324755122111
"2021-06-08","5 day R","2020-07-12","CH","point","NA",1.13769322035616
"2021-06-08","5 day R","2020-07-12","Ch","quantile","0.025",0.88160419866689
"2021-06-08","5 day R","2020-07-12","CH","quantile","0.975",1.39003294521478
"2021-06-08","5 day R","2020-07-13","CH","point","NA",1.13312604186563
"2021-06-08","5 day R","2020-07-13","Ch","quantile","0.025",0.877358723229498
"2021-06-08","5 day R","2020-07-13","CH","quantile","0.975",1.38976104531979
"2021-06-08","5 day R","2020-07-14","CH","point","NA",1.12554941489234
"2021-06-08","5 day R","2020-07-14","Ch","quantile","0.025",0.867672500888785
"2021-06-08","5 day R","2020-07-14","CH","quantile","0.975",1.3799240933664
"2021-06-08","5 day R","2020-07-15","CH","point","NA",1.12069190159091
"2021-06-08","5 day R","2020-07-15","Ch","quantile","0.025",0.861567832824766
"2021-06-08","5 day R","2020-07-15","CH","quantile","0.975",1.37642544901222
"2021-06-08","5 day R","2020-07-16","CH","point","NA",1.11849103253885
"2021-06-08","5 day R","2020-07-16","Ch","quantile","0.025",0.862625275185173
"2021-06-08","5 day R","2020-07-16","CH","quantile","0.975",1.37270323387418
"2021-06-08","5 day R","2020-07-17","CH","point","NA",1.11111248376204
"2021-06-08","5 day R","2020-07-17","Ch","quantile","0.025",0.854184319591098
"2021-06-08","5 day R","2020-07-17","CH","quantile","0.975",1.36641677641162
"2021-06-08","5 day R","2020-07-18","CH","point","NA",1.11224454020764
"2021-06-08","5 day R","2020-07-18","Ch","quantile","0.025",0.851779935947668
"2021-06-08","5 day R","2020-07-18","CH","quantile","0.975",1.36498260223659
"2021-06-08","5 day R","2020-07-19","CH","point","NA",1.11830512122637
"2021-06-08","5 day R","2020-07-19","Ch","quantile","0.025",0.861470216592568
"2021-06-08","5 day R","2020-07-19","CH","quantile","0.975",1.37203097674072
"2021-06-08","5 day R","2020-07-20","CH","point","NA",1.12290785419657
"2021-06-08","5 day R","2020-07-20","Ch","quantile","0.025",0.864182903757454
"2021-06-08","5 day R","2020-07-20","CH","quantile","0.975",1.37853165790637
"2021-06-08","5 day R","2020-07-21","CH","point","NA",1.12907526988424
"2021-06-08","5 day R","2020-07-21","Ch","quantile","0.025",0.873600676150542
"2021-06-08","5 day R","2020-07-21","CH","quantile","0.975",1.38512471893137
"2021-06-08","5 day R","2020-07-22","CH","point","NA",1.13017361423164
"2021-06-08","5 day R","2020-07-22","Ch","quantile","0.025",0.873620590231864
"2021-06-08","5 day R","2020-07-22","CH","quantile","0.975",1.38660868787788
"2021-06-08","5 day R","2020-07-23","CH","point","NA",1.13464223734093
"2021-06-08","5 day R","2020-07-23","Ch","quantile","0.025",0.877768856169413
"2021-06-08","5 day R","2020-07-23","CH","quantile","0.975",1.38825246735299
"2021-06-08","5 day R","2020-07-24","CH","point","NA",1.14637694260713
"2021-06-08","5 day R","2020-07-24","Ch","quantile","0.025",0.885407311964085
"2021-06-08","5 day R","2020-07-24","CH","quantile","0.975",1.40347736407914
"2021-06-08","5 day R","2020-07-25","CH","point","NA",1.15257599234576
"2021-06-08","5 day R","2020-07-25","Ch","quantile","0.025",0.894013866012551
"2021-06-08","5 day R","2020-07-25","CH","quantile","0.975",1.40731865800714
"2021-06-08","5 day R","2020-07-26","CH","point","NA",1.15680212285477
"2021-06-08","5 day R","2020-07-26","Ch","quantile","0.025",0.900499077354951
"2021-06-08","5 day R","2020-07-26","CH","quantile","0.975",1.41040866130752
"2021-06-08","5 day R","2020-07-27","CH","point","NA",1.1628847996437
"2021-06-08","5 day R","2020-07-27","Ch","quantile","0.025",0.903712010236523
"2021-06-08","5 day R","2020-07-27","CH","quantile","0.975",1.41871490739744
"2021-06-08","5 day R","2020-07-28","CH","point","NA",1.16811825046894
"2021-06-08","5 day R","2020-07-28","Ch","quantile","0.025",0.9153529981942
"2021-06-08","5 day R","2020-07-28","CH","quantile","0.975",1.42729502300091
"2021-06-08","5 day R","2020-07-29","CH","point","NA",1.17099618596203
"2021-06-08","5 day R","2020-07-29","Ch","quantile","0.025",0.914646218408783
"2021-06-08","5 day R","2020-07-29","CH","quantile","0.975",1.43204047767736
"2021-06-08","5 day R","2020-07-30","CH","point","NA",1.16846014536547
"2021-06-08","5 day R","2020-07-30","Ch","quantile","0.025",0.912711056226932
"2021-06-08","5 day R","2020-07-30","CH","quantile","0.975",1.42918942323804
"2021-06-08","5 day R","2020-07-31","CH","point","NA",1.15537408448348
"2021-06-08","5 day R","2020-07-31","Ch","quantile","0.025",0.899807960476973
"2021-06-08","5 day R","2020-07-31","CH","quantile","0.975",1.41194108836743
"2021-06-08","5 day R","2020-08-01","CH","point","NA",1.13777118643245
"2021-06-08","5 day R","2020-08-01","Ch","quantile","0.025",0.883342204169841
"2021-06-08","5 day R","2020-08-01","CH","quantile","0.975",1.39055455189798
"2021-06-08","5 day R","2020-08-02","CH","point","NA",1.12217012660858
"2021-06-08","5 day R","2020-08-02","Ch","quantile","0.025",0.867585861359061
"2021-06-08","5 day R","2020-08-02","CH","quantile","0.975",1.37643725300889
"2021-06-08","5 day R","2020-08-03","CH","point","NA",1.10881699049609
"2021-06-08","5 day R","2020-08-03","Ch","quantile","0.025",0.852579044342779
"2021-06-08","5 day R","2020-08-03","CH","quantile","0.975",1.36436336778353
"2021-06-08","5 day R","2020-08-04","CH","point","NA",1.09944675570747
"2021-06-08","5 day R","2020-08-04","Ch","quantile","0.025",0.841731215691397
"2021-06-08","5 day R","2020-08-04","CH","quantile","0.975",1.35495445948965
"2021-06-08","5 day R","2020-08-05","CH","point","NA",1.09586282455531
"2021-06-08","5 day R","2020-08-05","Ch","quantile","0.025",0.838138053795994
"2021-06-08","5 day R","2020-08-05","CH","quantile","0.975",1.35392972554228
"2021-06-08","5 day R","2020-08-06","CH","point","NA",1.09959881083685
"2021-06-08","5 day R","2020-08-06","Ch","quantile","0.025",0.839919709530426
"2021-06-08","5 day R","2020-08-06","CH","quantile","0.975",1.35471137234385
"2021-06-08","5 day R","2020-08-07","CH","point","NA",1.10594343797871
"2021-06-08","5 day R","2020-08-07","Ch","quantile","0.025",0.845178017743038
"2021-06-08","5 day R","2020-08-07","CH","quantile","0.975",1.36237251782964
"2021-06-08","5 day R","2020-08-08","CH","point","NA",1.11879076975076
"2021-06-08","5 day R","2020-08-08","Ch","quantile","0.025",0.861196655195323
"2021-06-08","5 day R","2020-08-08","CH","quantile","0.975",1.3746879184855
"2021-06-08","5 day R","2020-08-09","CH","point","NA",1.13333848522689
"2021-06-08","5 day R","2020-08-09","Ch","quantile","0.025",0.877418121397707
"2021-06-08","5 day R","2020-08-09","CH","quantile","0.975",1.38966521685712
"2021-06-08","5 day R","2020-08-10","CH","point","NA",1.14690291208839
"2021-06-08","5 day R","2020-08-10","Ch","quantile","0.025",0.8925503191309
"2021-06-08","5 day R","2020-08-10","CH","quantile","0.975",1.40624342178304
"2021-06-08","5 day R","2020-08-11","CH","point","NA",1.15757654953709
"2021-06-08","5 day R","2020-08-11","Ch","quantile","0.025",0.899271765948065
"2021-06-08","5 day R","2020-08-11","CH","quantile","0.975",1.41151291029992
"2021-06-08","5 day R","2020-08-12","CH","point","NA",1.16203035602554
"2021-06-08","5 day R","2020-08-12","Ch","quantile","0.025",0.904652180064566
"2021-06-08","5 day R","2020-08-12","CH","quantile","0.975",1.42027598933545
"2021-06-08","5 day R","2020-08-13","CH","point","NA",1.16214797864833
"2021-06-08","5 day R","2020-08-13","Ch","quantile","0.025",0.903433441410523
"2021-06-08","5 day R","2020-08-13","CH","quantile","0.975",1.41968906344682
"2021-06-08","5 day R","2020-08-14","CH","point","NA",1.15956934818659
"2021-06-08","5 day R","2020-08-14","Ch","quantile","0.025",0.900004857892762
"2021-06-08","5 day R","2020-08-14","CH","quantile","0.975",1.41912784539273
"2021-06-08","5 day R","2020-08-15","CH","point","NA",1.15516648172865
"2021-06-08","5 day R","2020-08-15","Ch","quantile","0.025",0.897448561158997
"2021-06-08","5 day R","2020-08-15","CH","quantile","0.975",1.41295052568815
"2021-06-08","5 day R","2020-08-16","CH","point","NA",1.14916022864759
"2021-06-08","5 day R","2020-08-16","Ch","quantile","0.025",0.891725478508378
"2021-06-08","5 day R","2020-08-16","CH","quantile","0.975",1.41087754367106
"2021-06-08","5 day R","2020-08-17","CH","point","NA",1.14587420732438
"2021-06-08","5 day R","2020-08-17","Ch","quantile","0.025",0.886632457654525
"2021-06-08","5 day R","2020-08-17","CH","quantile","0.975",1.40595886545095
"2021-06-08","5 day R","2020-08-18","CH","point","NA",1.14393999887805
"2021-06-08","5 day R","2020-08-18","Ch","quantile","0.025",0.887843286669408
"2021-06-08","5 day R","2020-08-18","CH","quantile","0.975",1.40163406190519
"2021-06-08","5 day R","2020-08-19","CH","point","NA",1.14226337686202
"2021-06-08","5 day R","2020-08-19","Ch","quantile","0.025",0.88734347431998
"2021-06-08","5 day R","2020-08-19","CH","quantile","0.975",1.40350285911825
"2021-06-08","5 day R","2020-08-20","CH","point","NA",1.14120757871488
"2021-06-08","5 day R","2020-08-20","Ch","quantile","0.025",0.882514526199852
"2021-06-08","5 day R","2020-08-20","CH","quantile","0.975",1.39725608006379
"2021-06-08","5 day R","2020-08-21","CH","point","NA",1.14197623352347
"2021-06-08","5 day R","2020-08-21","Ch","quantile","0.025",0.887040721976918
"2021-06-08","5 day R","2020-08-21","CH","quantile","0.975",1.39763325865165
"2021-06-08","5 day R","2020-08-22","CH","point","NA",1.1399931235211
"2021-06-08","5 day R","2020-08-22","Ch","quantile","0.025",0.885229486575596
"2021-06-08","5 day R","2020-08-22","CH","quantile","0.975",1.3988733095712
"2021-06-08","5 day R","2020-08-23","CH","point","NA",1.13759367615333
"2021-06-08","5 day R","2020-08-23","Ch","quantile","0.025",0.881980624372491
"2021-06-08","5 day R","2020-08-23","CH","quantile","0.975",1.39427771714429
"2021-06-08","5 day R","2020-08-24","CH","point","NA",1.13295508949606
"2021-06-08","5 day R","2020-08-24","Ch","quantile","0.025",0.879802587063813
"2021-06-08","5 day R","2020-08-24","CH","quantile","0.975",1.38682031077944
"2021-06-08","5 day R","2020-08-25","CH","point","NA",1.13109053614789
"2021-06-08","5 day R","2020-08-25","Ch","quantile","0.025",0.877756289442951
"2021-06-08","5 day R","2020-08-25","CH","quantile","0.975",1.38686068559965
"2021-06-08","5 day R","2020-08-26","CH","point","NA",1.13300232677516
"2021-06-08","5 day R","2020-08-26","Ch","quantile","0.025",0.879515637229217
"2021-06-08","5 day R","2020-08-26","CH","quantile","0.975",1.39082022295133
"2021-06-08","5 day R","2020-08-27","CH","point","NA",1.13254454776618
"2021-06-08","5 day R","2020-08-27","Ch","quantile","0.025",0.87992750799935
"2021-06-08","5 day R","2020-08-27","CH","quantile","0.975",1.39234839242898
"2021-06-08","5 day R","2020-08-28","CH","point","NA",1.12841546567779
"2021-06-08","5 day R","2020-08-28","Ch","quantile","0.025",0.875229503249015
"2021-06-08","5 day R","2020-08-28","CH","quantile","0.975",1.38629958062695
"2021-06-08","5 day R","2020-08-29","CH","point","NA",1.12210361668354
"2021-06-08","5 day R","2020-08-29","Ch","quantile","0.025",0.866788259813091
"2021-06-08","5 day R","2020-08-29","CH","quantile","0.975",1.37690964512477
"2021-06-08","5 day R","2020-08-30","CH","point","NA",1.11059807129996
"2021-06-08","5 day R","2020-08-30","Ch","quantile","0.025",0.85313572175441
"2021-06-08","5 day R","2020-08-30","CH","quantile","0.975",1.36507899556456
"2021-06-08","5 day R","2020-08-31","CH","point","NA",1.10301678584385
"2021-06-08","5 day R","2020-08-31","Ch","quantile","0.025",0.847987581466455
"2021-06-08","5 day R","2020-08-31","CH","quantile","0.975",1.35881111150625
"2021-06-08","5 day R","2020-09-01","CH","point","NA",1.10350665411786
"2021-06-08","5 day R","2020-09-01","Ch","quantile","0.025",0.845607045429769
"2021-06-08","5 day R","2020-09-01","CH","quantile","0.975",1.35884595011106
"2021-06-08","5 day R","2020-09-02","CH","point","NA",1.1104268913782
"2021-06-08","5 day R","2020-09-02","Ch","quantile","0.025",0.852618374531521
"2021-06-08","5 day R","2020-09-02","CH","quantile","0.975",1.36495518173788
"2021-06-08","5 day R","2020-09-03","CH","point","NA",1.12096692993053
"2021-06-08","5 day R","2020-09-03","Ch","quantile","0.025",0.862880919136716
"2021-06-08","5 day R","2020-09-03","CH","quantile","0.975",1.37648984498131
"2021-06-08","5 day R","2020-09-04","CH","point","NA",1.12952910564005
"2021-06-08","5 day R","2020-09-04","Ch","quantile","0.025",0.874979077462474
"2021-06-08","5 day R","2020-09-04","CH","quantile","0.975",1.38540716993661
"2021-06-08","5 day R","2020-09-05","CH","point","NA",1.1330316424743
"2021-06-08","5 day R","2020-09-05","Ch","quantile","0.025",0.877326348163829
"2021-06-08","5 day R","2020-09-05","CH","quantile","0.975",1.39220234124315
"2021-06-08","5 day R","2020-09-06","CH","point","NA",1.12454766816796
"2021-06-08","5 day R","2020-09-06","Ch","quantile","0.025",0.869668052377861
"2021-06-08","5 day R","2020-09-06","CH","quantile","0.975",1.38367512215707
"2021-06-08","5 day R","2020-09-07","CH","point","NA",1.10778015112963
"2021-06-08","5 day R","2020-09-07","Ch","quantile","0.025",0.851327189422819
"2021-06-08","5 day R","2020-09-07","CH","quantile","0.975",1.36190750873428
"2021-06-08","5 day R","2020-09-08","CH","point","NA",1.10710950913125
"2021-06-08","5 day R","2020-09-08","Ch","quantile","0.025",0.846821169363418
"2021-06-08","5 day R","2020-09-08","CH","quantile","0.975",1.36134820722648
"2021-06-08","5 day R","2020-09-09","CH","point","NA",1.11463303499666
"2021-06-08","5 day R","2020-09-09","Ch","quantile","0.025",0.859621819970551
"2021-06-08","5 day R","2020-09-09","CH","quantile","0.975",1.37359788319223
"2021-06-08","5 day R","2020-09-10","CH","point","NA",1.12262193512644
"2021-06-08","5 day R","2020-09-10","Ch","quantile","0.025",0.864838411038396
"2021-06-08","5 day R","2020-09-10","CH","quantile","0.975",1.380874897176
"2021-06-08","5 day R","2020-09-11","CH","point","NA",1.12975160300786
"2021-06-08","5 day R","2020-09-11","Ch","quantile","0.025",0.87074777754962
"2021-06-08","5 day R","2020-09-11","CH","quantile","0.975",1.38772975442833
"2021-06-08","5 day R","2020-09-12","CH","point","NA",1.12721857427278
"2021-06-08","5 day R","2020-09-12","Ch","quantile","0.025",0.866546596428495
"2021-06-08","5 day R","2020-09-12","CH","quantile","0.975",1.38600516678542
"2021-06-08","5 day R","2020-09-13","CH","point","NA",1.10835340165072
"2021-06-08","5 day R","2020-09-13","Ch","quantile","0.025",0.847388153320011
"2021-06-08","5 day R","2020-09-13","CH","quantile","0.975",1.36387077272021
"2021-06-08","5 day R","2020-09-14","CH","point","NA",1.07763165078981
"2021-06-08","5 day R","2020-09-14","Ch","quantile","0.025",0.814890706175093
"2021-06-08","5 day R","2020-09-14","CH","quantile","0.975",1.33690031781892
"2021-06-08","5 day R","2020-09-15","CH","point","NA",1.08053461448861
"2021-06-08","5 day R","2020-09-15","Ch","quantile","0.025",0.819633732183217
"2021-06-08","5 day R","2020-09-15","CH","quantile","0.975",1.33930470666458
"2021-06-08","5 day R","2020-09-16","CH","point","NA",1.08755111682114
"2021-06-08","5 day R","2020-09-16","Ch","quantile","0.025",0.829758525690104
"2021-06-08","5 day R","2020-09-16","CH","quantile","0.975",1.34684316106873
"2021-06-08","5 day R","2020-09-17","CH","point","NA",1.09325438537157
"2021-06-08","5 day R","2020-09-17","Ch","quantile","0.025",0.834001391185168
"2021-06-08","5 day R","2020-09-17","CH","quantile","0.975",1.3519364484441
"2021-06-08","5 day R","2020-09-18","CH","point","NA",1.09606878449698
"2021-06-08","5 day R","2020-09-18","Ch","quantile","0.025",0.83467289648252
"2021-06-08","5 day R","2020-09-18","CH","quantile","0.975",1.35157521067765
"2021-06-08","5 day R","2020-09-19","CH","point","NA",1.10046174525385
"2021-06-08","5 day R","2020-09-19","Ch","quantile","0.025",0.840286608441804
"2021-06-08","5 day R","2020-09-19","CH","quantile","0.975",1.35205995717451
"2021-06-08","5 day R","2020-09-20","CH","point","NA",1.11628419279409
"2021-06-08","5 day R","2020-09-20","Ch","quantile","0.025",0.857070847582899
"2021-06-08","5 day R","2020-09-20","CH","quantile","0.975",1.37262767649527
"2021-06-08","5 day R","2020-09-21","CH","point","NA",1.1409660798714
"2021-06-08","5 day R","2020-09-21","Ch","quantile","0.025",0.882365063530087
"2021-06-08","5 day R","2020-09-21","CH","quantile","0.975",1.39839111582902
"2021-06-08","5 day R","2020-09-22","CH","point","NA",1.13239685741112
"2021-06-08","5 day R","2020-09-22","Ch","quantile","0.025",0.868614153262099
"2021-06-08","5 day R","2020-09-22","CH","quantile","0.975",1.39074231922572
"2021-06-08","5 day R","2020-09-23","CH","point","NA",1.12303605262903
"2021-06-08","5 day R","2020-09-23","Ch","quantile","0.025",0.856962392039404
"2021-06-08","5 day R","2020-09-23","CH","quantile","0.975",1.38253735161322
"2021-06-08","5 day R","2020-09-24","CH","point","NA",1.12199754564346
"2021-06-08","5 day R","2020-09-24","Ch","quantile","0.025",0.853543432627614
"2021-06-08","5 day R","2020-09-24","CH","quantile","0.975",1.38228423071308
"2021-06-08","5 day R","2020-09-25","CH","point","NA",1.13078143398211
"2021-06-08","5 day R","2020-09-25","Ch","quantile","0.025",0.857815091859894
"2021-06-08","5 day R","2020-09-25","CH","quantile","0.975",1.39424412489745
"2021-06-08","5 day R","2020-09-26","CH","point","NA",1.15076364067896
"2021-06-08","5 day R","2020-09-26","Ch","quantile","0.025",0.885686828550564
"2021-06-08","5 day R","2020-09-26","CH","quantile","0.975",1.413252731751
"2021-06-08","5 day R","2020-09-27","CH","point","NA",1.17387790223068
"2021-06-08","5 day R","2020-09-27","Ch","quantile","0.025",0.907780355521806
"2021-06-08","5 day R","2020-09-27","CH","quantile","0.975",1.43416628542689
"2021-06-08","5 day R","2020-09-28","CH","point","NA",1.20093191150386
"2021-06-08","5 day R","2020-09-28","Ch","quantile","0.025",0.931253693119906
"2021-06-08","5 day R","2020-09-28","CH","quantile","0.975",1.461181374066
"2021-06-08","5 day R","2020-09-29","CH","point","NA",1.25261704307221
"2021-06-08","5 day R","2020-09-29","Ch","quantile","0.025",0.983727262982313
"2021-06-08","5 day R","2020-09-29","CH","quantile","0.975",1.51461033592762
"2021-06-08","5 day R","2020-09-30","CH","point","NA",1.30985115700902
"2021-06-08","5 day R","2020-09-30","Ch","quantile","0.025",1.04477386248057
"2021-06-08","5 day R","2020-09-30","CH","quantile","0.975",1.57055334115876
"2021-06-08","5 day R","2020-10-01","CH","point","NA",1.37161033429777
"2021-06-08","5 day R","2020-10-01","Ch","quantile","0.025",1.11069853787811
"2021-06-08","5 day R","2020-10-01","CH","quantile","0.975",1.62705282535281
"2021-06-08","5 day R","2020-10-02","CH","point","NA",1.4305421956561
"2021-06-08","5 day R","2020-10-02","Ch","quantile","0.025",1.16927103686787
"2021-06-08","5 day R","2020-10-02","CH","quantile","0.975",1.68767058753378
"2021-06-08","5 day R","2020-10-03","CH","point","NA",1.49408581307785
"2021-06-08","5 day R","2020-10-03","Ch","quantile","0.025",1.23383194987486
"2021-06-08","5 day R","2020-10-03","CH","quantile","0.975",1.75237083456164
"2021-06-08","5 day R","2020-10-04","CH","point","NA",1.56182257504417
"2021-06-08","5 day R","2020-10-04","Ch","quantile","0.025",1.30232072510602
"2021-06-08","5 day R","2020-10-04","CH","quantile","0.975",1.8204351764121
"2021-06-08","5 day R","2020-10-05","CH","point","NA",1.62874878324126
"2021-06-08","5 day R","2020-10-05","Ch","quantile","0.025",1.37045473550294
"2021-06-08","5 day R","2020-10-05","CH","quantile","0.975",1.89382453983761
"2021-06-08","5 day R","2020-10-06","CH","point","NA",1.67484020743136
"2021-06-08","5 day R","2020-10-06","Ch","quantile","0.025",1.41605988687727
"2021-06-08","5 day R","2020-10-06","CH","quantile","0.975",1.94093443517709
"2021-06-08","5 day R","2020-10-07","CH","point","NA",1.70797190213169
"2021-06-08","5 day R","2020-10-07","Ch","quantile","0.025",1.44963532534007
"2021-06-08","5 day R","2020-10-07","CH","quantile","0.975",1.97381543587863
"2021-06-08","5 day R","2020-10-08","CH","point","NA",1.73570247816581
"2021-06-08","5 day R","2020-10-08","Ch","quantile","0.025",1.47796479299103
"2021-06-08","5 day R","2020-10-08","CH","quantile","0.975",1.99680260552012
"2021-06-08","5 day R","2020-10-09","CH","point","NA",1.76195937161449
"2021-06-08","5 day R","2020-10-09","Ch","quantile","0.025",1.50054010060781
"2021-06-08","5 day R","2020-10-09","CH","quantile","0.975",2.02828693106553
"2021-06-08","5 day R","2020-10-10","CH","point","NA",1.78561071554605
"2021-06-08","5 day R","2020-10-10","Ch","quantile","0.025",1.52403663799905
"2021-06-08","5 day R","2020-10-10","CH","quantile","0.975",2.052241723349
"2021-06-08","5 day R","2020-10-11","CH","point","NA",1.81835668216897
"2021-06-08","5 day R","2020-10-11","Ch","quantile","0.025",1.55395708137083
"2021-06-08","5 day R","2020-10-11","CH","quantile","0.975",2.09101158896599
"2021-06-08","5 day R","2020-10-12","CH","point","NA",1.85021576968193
"2021-06-08","5 day R","2020-10-12","Ch","quantile","0.025",1.5853969161474
"2021-06-08","5 day R","2020-10-12","CH","quantile","0.975",2.11965284866425
"2021-06-08","5 day R","2020-10-13","CH","point","NA",1.8492266756358
"2021-06-08","5 day R","2020-10-13","Ch","quantile","0.025",1.58405443553608
"2021-06-08","5 day R","2020-10-13","CH","quantile","0.975",2.11996845627189
"2021-06-08","5 day R","2020-10-14","CH","point","NA",1.840530826532
"2021-06-08","5 day R","2020-10-14","Ch","quantile","0.025",1.57780837377198
"2021-06-08","5 day R","2020-10-14","CH","quantile","0.975",2.10994712541774
"2021-06-08","5 day R","2020-10-15","CH","point","NA",1.823602490497
"2021-06-08","5 day R","2020-10-15","Ch","quantile","0.025",1.56322105063301
"2021-06-08","5 day R","2020-10-15","CH","quantile","0.975",2.08861301109897
"2021-06-08","5 day R","2020-10-16","CH","point","NA",1.81250043424182
"2021-06-08","5 day R","2020-10-16","Ch","quantile","0.025",1.55075274175212
"2021-06-08","5 day R","2020-10-16","CH","quantile","0.975",2.07771601419017
"2021-06-08","5 day R","2020-10-17","CH","point","NA",1.80722193834034
"2021-06-08","5 day R","2020-10-17","Ch","quantile","0.025",1.54695512906749
"2021-06-08","5 day R","2020-10-17","CH","quantile","0.975",2.06918229933795
"2021-06-08","5 day R","2020-10-18","CH","point","NA",1.80892660507242
"2021-06-08","5 day R","2020-10-18","Ch","quantile","0.025",1.54917032832776
"2021-06-08","5 day R","2020-10-18","CH","quantile","0.975",2.07398521727518
"2021-06-08","5 day R","2020-10-19","CH","point","NA",1.81052173531261
"2021-06-08","5 day R","2020-10-19","Ch","quantile","0.025",1.54932001313013
"2021-06-08","5 day R","2020-10-19","CH","quantile","0.975",2.07605046193588
"2021-06-08","5 day R","2020-10-20","CH","point","NA",1.79347940152364
"2021-06-08","5 day R","2020-10-20","Ch","quantile","0.025",1.53509187068381
"2021-06-08","5 day R","2020-10-20","CH","quantile","0.975",2.0565347909375
"2021-06-08","5 day R","2020-10-21","CH","point","NA",1.76958611034403
"2021-06-08","5 day R","2020-10-21","Ch","quantile","0.025",1.51237977627236
"2021-06-08","5 day R","2020-10-21","CH","quantile","0.975",2.03589374924001
"2021-06-08","5 day R","2020-10-22","CH","point","NA",1.74220169196883
"2021-06-08","5 day R","2020-10-22","Ch","quantile","0.025",1.4783170444203
"2021-06-08","5 day R","2020-10-22","CH","quantile","0.975",2.00647252867159
"2021-06-08","5 day R","2020-10-23","CH","point","NA",1.71742503528137
"2021-06-08","5 day R","2020-10-23","Ch","quantile","0.025",1.46098583327121
"2021-06-08","5 day R","2020-10-23","CH","quantile","0.975",1.97794157654852
"2021-06-08","5 day R","2020-10-24","CH","point","NA",1.69312853258344
"2021-06-08","5 day R","2020-10-24","Ch","quantile","0.025",1.43416324986952
"2021-06-08","5 day R","2020-10-24","CH","quantile","0.975",1.95752468449875
"2021-06-08","5 day R","2020-10-25","CH","point","NA",1.67424159389604
"2021-06-08","5 day R","2020-10-25","Ch","quantile","0.025",1.41309856536233
"2021-06-08","5 day R","2020-10-25","CH","quantile","0.975",1.93450348070073
"2021-06-08","5 day R","2020-10-26","CH","point","NA",1.65597557270797
"2021-06-08","5 day R","2020-10-26","Ch","quantile","0.025",1.39734649104598
"2021-06-08","5 day R","2020-10-26","CH","quantile","0.975",1.91520916575021
"2021-06-08","5 day R","2020-10-27","CH","point","NA",1.61314349756093
"2021-06-08","5 day R","2020-10-27","Ch","quantile","0.025",1.35435877086611
"2021-06-08","5 day R","2020-10-27","CH","quantile","0.975",1.87561127954317
"2021-06-08","5 day R","2020-10-28","CH","point","NA",1.56509431308712
"2021-06-08","5 day R","2020-10-28","Ch","quantile","0.025",1.30889326578777
"2021-06-08","5 day R","2020-10-28","CH","quantile","0.975",1.82831297754271
"2021-06-08","5 day R","2020-10-29","CH","point","NA",1.51857685022637
"2021-06-08","5 day R","2020-10-29","Ch","quantile","0.025",1.25930237145722
"2021-06-08","5 day R","2020-10-29","CH","quantile","0.975",1.77939513198239
"2021-06-08","5 day R","2020-10-30","CH","point","NA",1.47226584793104
"2021-06-08","5 day R","2020-10-30","Ch","quantile","0.025",1.21101343816418
"2021-06-08","5 day R","2020-10-30","CH","quantile","0.975",1.73420221391759
"2021-06-08","5 day R","2020-10-31","CH","point","NA",1.42978844049305
"2021-06-08","5 day R","2020-10-31","Ch","quantile","0.025",1.17254072897611
"2021-06-08","5 day R","2020-10-31","CH","quantile","0.975",1.69238305337356
"2021-06-08","5 day R","2020-11-01","CH","point","NA",1.38875014512011
"2021-06-08","5 day R","2020-11-01","Ch","quantile","0.025",1.13062778097676
"2021-06-08","5 day R","2020-11-01","CH","quantile","0.975",1.64598562797452
"2021-06-08","5 day R","2020-11-02","CH","point","NA",1.34917204875954
"2021-06-08","5 day R","2020-11-02","Ch","quantile","0.025",1.09359362448728
"2021-06-08","5 day R","2020-11-02","CH","quantile","0.975",1.60923263063635
"2021-06-08","5 day R","2020-11-03","CH","point","NA",1.30896028078677
"2021-06-08","5 day R","2020-11-03","Ch","quantile","0.025",1.05076434478799
"2021-06-08","5 day R","2020-11-03","CH","quantile","0.975",1.56401643878142
"2021-06-08","5 day R","2020-11-04","CH","point","NA",1.27046540575196
"2021-06-08","5 day R","2020-11-04","Ch","quantile","0.025",1.01492138852698
"2021-06-08","5 day R","2020-11-04","CH","quantile","0.975",1.52765623633281
"2021-06-08","5 day R","2020-11-05","CH","point","NA",1.23343556639187
"2021-06-08","5 day R","2020-11-05","Ch","quantile","0.025",0.974376519961168
"2021-06-08","5 day R","2020-11-05","CH","quantile","0.975",1.49009577306674
"2021-06-08","5 day R","2020-11-06","CH","point","NA",1.19339724536101
"2021-06-08","5 day R","2020-11-06","Ch","quantile","0.025",0.936527380284168
"2021-06-08","5 day R","2020-11-06","CH","quantile","0.975",1.44732100746815
"2021-06-08","5 day R","2020-11-07","CH","point","NA",1.15338226382087
"2021-06-08","5 day R","2020-11-07","Ch","quantile","0.025",0.896972254083123
"2021-06-08","5 day R","2020-11-07","CH","quantile","0.975",1.40801243951594
"2021-06-08","5 day R","2020-11-08","CH","point","NA",1.11208864652363
"2021-06-08","5 day R","2020-11-08","Ch","quantile","0.025",0.85645149135328
"2021-06-08","5 day R","2020-11-08","CH","quantile","0.975",1.36859883917461
"2021-06-08","5 day R","2020-11-09","CH","point","NA",1.0717533632418
"2021-06-08","5 day R","2020-11-09","Ch","quantile","0.025",0.81274657444355
"2021-06-08","5 day R","2020-11-09","CH","quantile","0.975",1.32643740081279
"2021-06-08","5 day R","2020-11-10","CH","point","NA",1.05092137211521
"2021-06-08","5 day R","2020-11-10","Ch","quantile","0.025",0.789689372648936
"2021-06-08","5 day R","2020-11-10","CH","quantile","0.975",1.30632048427208
"2021-06-08","5 day R","2020-11-11","CH","point","NA",1.0320752412798
"2021-06-08","5 day R","2020-11-11","Ch","quantile","0.025",0.772026528791322
"2021-06-08","5 day R","2020-11-11","CH","quantile","0.975",1.29068652071151
"2021-06-08","5 day R","2020-11-12","CH","point","NA",1.01459706777971
"2021-06-08","5 day R","2020-11-12","Ch","quantile","0.025",0.754882654223271
"2021-06-08","5 day R","2020-11-12","CH","quantile","0.975",1.26985105294191
"2021-06-08","5 day R","2020-11-13","CH","point","NA",0.999376695237408
"2021-06-08","5 day R","2020-11-13","Ch","quantile","0.025",0.741179730780046
"2021-06-08","5 day R","2020-11-13","CH","quantile","0.975",1.25119196495675
"2021-06-08","5 day R","2020-11-14","CH","point","NA",0.983765944097104
"2021-06-08","5 day R","2020-11-14","Ch","quantile","0.025",0.727553606946202
"2021-06-08","5 day R","2020-11-14","CH","quantile","0.975",1.23519550528857
"2021-06-08","5 day R","2020-11-15","CH","point","NA",0.963527052313856
"2021-06-08","5 day R","2020-11-15","Ch","quantile","0.025",0.703961010575963
"2021-06-08","5 day R","2020-11-15","CH","quantile","0.975",1.21877794056782
"2021-06-08","5 day R","2020-11-16","CH","point","NA",0.944535846248006
"2021-06-08","5 day R","2020-11-16","Ch","quantile","0.025",0.686161368930133
"2021-06-08","5 day R","2020-11-16","CH","quantile","0.975",1.20125247871864
"2021-06-08","5 day R","2020-11-17","CH","point","NA",0.939524194876899
"2021-06-08","5 day R","2020-11-17","Ch","quantile","0.025",0.68282342122714
"2021-06-08","5 day R","2020-11-17","CH","quantile","0.975",1.19618097833693
"2021-06-08","5 day R","2020-11-18","CH","point","NA",0.937819040645098
"2021-06-08","5 day R","2020-11-18","Ch","quantile","0.025",0.677319207843307
"2021-06-08","5 day R","2020-11-18","CH","quantile","0.975",1.19490737211065
"2021-06-08","5 day R","2020-11-19","CH","point","NA",0.939782874993
"2021-06-08","5 day R","2020-11-19","Ch","quantile","0.025",0.680814879110516
"2021-06-08","5 day R","2020-11-19","CH","quantile","0.975",1.19655560578593
"2021-06-08","5 day R","2020-11-20","CH","point","NA",0.942850189903603
"2021-06-08","5 day R","2020-11-20","Ch","quantile","0.025",0.682800304818756
"2021-06-08","5 day R","2020-11-20","CH","quantile","0.975",1.20168989685261
"2021-06-08","5 day R","2020-11-21","CH","point","NA",0.944429882449145
"2021-06-08","5 day R","2020-11-21","Ch","quantile","0.025",0.685812251664929
"2021-06-08","5 day R","2020-11-21","CH","quantile","0.975",1.20009791136437
"2021-06-08","5 day R","2020-11-22","CH","point","NA",0.94382750891749
"2021-06-08","5 day R","2020-11-22","Ch","quantile","0.025",0.684169601277641
"2021-06-08","5 day R","2020-11-22","CH","quantile","0.975",1.2020881435357
"2021-06-08","5 day R","2020-11-23","CH","point","NA",0.942826923118914
"2021-06-08","5 day R","2020-11-23","Ch","quantile","0.025",0.685067388632799
"2021-06-08","5 day R","2020-11-23","CH","quantile","0.975",1.19959558712668
"2021-06-08","5 day R","2020-11-24","CH","point","NA",0.951493344214452
"2021-06-08","5 day R","2020-11-24","Ch","quantile","0.025",0.691970047369683
"2021-06-08","5 day R","2020-11-24","CH","quantile","0.975",1.20892066314826
"2021-06-08","5 day R","2020-11-25","CH","point","NA",0.96106279887655
"2021-06-08","5 day R","2020-11-25","Ch","quantile","0.025",0.704335407825176
"2021-06-08","5 day R","2020-11-25","CH","quantile","0.975",1.21536177124864
"2021-06-08","5 day R","2020-11-26","CH","point","NA",0.973389473263645
"2021-06-08","5 day R","2020-11-26","Ch","quantile","0.025",0.718891113960297
"2021-06-08","5 day R","2020-11-26","CH","quantile","0.975",1.22808142179617
"2021-06-08","5 day R","2020-11-27","CH","point","NA",0.983605420688239
"2021-06-08","5 day R","2020-11-27","Ch","quantile","0.025",0.725558215514414
"2021-06-08","5 day R","2020-11-27","CH","quantile","0.975",1.24148826152777
"2021-06-08","5 day R","2020-11-28","CH","point","NA",0.994131393919504
"2021-06-08","5 day R","2020-11-28","Ch","quantile","0.025",0.737425001139386
"2021-06-08","5 day R","2020-11-28","CH","quantile","0.975",1.24857353277333
"2021-06-08","5 day R","2020-11-29","CH","point","NA",1.00101433504888
"2021-06-08","5 day R","2020-11-29","Ch","quantile","0.025",0.744167489012223
"2021-06-08","5 day R","2020-11-29","CH","quantile","0.975",1.2567396216533
"2021-06-08","5 day R","2020-11-30","CH","point","NA",1.00936418113891
"2021-06-08","5 day R","2020-11-30","Ch","quantile","0.025",0.752386887529094
"2021-06-08","5 day R","2020-11-30","CH","quantile","0.975",1.26462716138239
"2021-06-08","5 day R","2020-12-01","CH","point","NA",1.02341854936775
"2021-06-08","5 day R","2020-12-01","Ch","quantile","0.025",0.763654027637086
"2021-06-08","5 day R","2020-12-01","CH","quantile","0.975",1.28336882905101
"2021-06-08","5 day R","2020-12-02","CH","point","NA",1.03966991604249
"2021-06-08","5 day R","2020-12-02","Ch","quantile","0.025",0.784119707278225
"2021-06-08","5 day R","2020-12-02","CH","quantile","0.975",1.29685041867318
"2021-06-08","5 day R","2020-12-03","CH","point","NA",1.05459294331624
"2021-06-08","5 day R","2020-12-03","Ch","quantile","0.025",0.797900332561497
"2021-06-08","5 day R","2020-12-03","CH","quantile","0.975",1.31604065973535
"2021-06-08","5 day R","2020-12-04","CH","point","NA",1.06806985724618
"2021-06-08","5 day R","2020-12-04","Ch","quantile","0.025",0.813620555972509
"2021-06-08","5 day R","2020-12-04","CH","quantile","0.975",1.32825394368113
"2021-06-08","5 day R","2020-12-05","CH","point","NA",1.07942911939316
"2021-06-08","5 day R","2020-12-05","Ch","quantile","0.025",0.826642370498193
"2021-06-08","5 day R","2020-12-05","CH","quantile","0.975",1.33824910045043
"2021-06-08","5 day R","2020-12-06","CH","point","NA",1.0908716500699
"2021-06-08","5 day R","2020-12-06","Ch","quantile","0.025",0.832149173822067
"2021-06-08","5 day R","2020-12-06","CH","quantile","0.975",1.35077308952557
"2021-06-08","5 day R","2020-12-07","CH","point","NA",1.10215968876908
"2021-06-08","5 day R","2020-12-07","Ch","quantile","0.025",0.842352085821315
"2021-06-08","5 day R","2020-12-07","CH","quantile","0.975",1.36000002359289
"2021-06-08","5 day R","2020-12-08","CH","point","NA",1.1077514455084
"2021-06-08","5 day R","2020-12-08","Ch","quantile","0.025",0.853422094349939
"2021-06-08","5 day R","2020-12-08","CH","quantile","0.975",1.36566068593427
"2021-06-08","5 day R","2020-12-09","CH","point","NA",1.11295272722505
"2021-06-08","5 day R","2020-12-09","Ch","quantile","0.025",0.857555037832275
"2021-06-08","5 day R","2020-12-09","CH","quantile","0.975",1.36720827003388
"2021-06-08","5 day R","2020-12-10","CH","point","NA",1.11886464267278
"2021-06-08","5 day R","2020-12-10","Ch","quantile","0.025",0.86149468159041
"2021-06-08","5 day R","2020-12-10","CH","quantile","0.975",1.376133160279
"2021-06-08","5 day R","2020-12-11","CH","point","NA",1.12187141869058
"2021-06-08","5 day R","2020-12-11","Ch","quantile","0.025",0.866510915801392
"2021-06-08","5 day R","2020-12-11","CH","quantile","0.975",1.37842076576705
"2021-06-08","5 day R","2020-12-12","CH","point","NA",1.11795734266389
"2021-06-08","5 day R","2020-12-12","Ch","quantile","0.025",0.861141742476017
"2021-06-08","5 day R","2020-12-12","CH","quantile","0.975",1.37471271364496
"2021-06-08","5 day R","2020-12-13","CH","point","NA",1.11373214040435
"2021-06-08","5 day R","2020-12-13","Ch","quantile","0.025",0.860451383619885
"2021-06-08","5 day R","2020-12-13","CH","quantile","0.975",1.3717992646099
"2021-06-08","5 day R","2020-12-14","CH","point","NA",1.11009186133222
"2021-06-08","5 day R","2020-12-14","Ch","quantile","0.025",0.856586673800529
"2021-06-08","5 day R","2020-12-14","CH","quantile","0.975",1.36840747472995
"2021-06-08","5 day R","2020-12-15","CH","point","NA",1.10448950655975
"2021-06-08","5 day R","2020-12-15","Ch","quantile","0.025",0.853172548100759
"2021-06-08","5 day R","2020-12-15","CH","quantile","0.975",1.36228692039051
"2021-06-08","5 day R","2020-12-16","CH","point","NA",1.10007591636481
"2021-06-08","5 day R","2020-12-16","Ch","quantile","0.025",0.848758357819176
"2021-06-08","5 day R","2020-12-16","CH","quantile","0.975",1.35778719681932
"2021-06-08","5 day R","2020-12-17","CH","point","NA",1.09514445805951
"2021-06-08","5 day R","2020-12-17","Ch","quantile","0.025",0.839387706746494
"2021-06-08","5 day R","2020-12-17","CH","quantile","0.975",1.35267997565537
"2021-06-08","5 day R","2020-12-18","CH","point","NA",1.08994596054032
"2021-06-08","5 day R","2020-12-18","Ch","quantile","0.025",0.836680604689363
"2021-06-08","5 day R","2020-12-18","CH","quantile","0.975",1.34814177084438
"2021-06-08","5 day R","2020-12-19","CH","point","NA",1.0783691596658
"2021-06-08","5 day R","2020-12-19","Ch","quantile","0.025",0.823811511459201
"2021-06-08","5 day R","2020-12-19","CH","quantile","0.975",1.33697531782845
"2021-06-08","5 day R","2020-12-20","CH","point","NA",1.06695788773668
"2021-06-08","5 day R","2020-12-20","Ch","quantile","0.025",0.810547155428341
"2021-06-08","5 day R","2020-12-20","CH","quantile","0.975",1.32286875589424
"2021-06-08","5 day R","2020-12-21","CH","point","NA",1.05508608874611
"2021-06-08","5 day R","2020-12-21","Ch","quantile","0.025",0.796819415628934
"2021-06-08","5 day R","2020-12-21","CH","quantile","0.975",1.31212186824067
"2021-06-08","5 day R","2020-12-22","CH","point","NA",1.05179912739268
"2021-06-08","5 day R","2020-12-22","Ch","quantile","0.025",0.793630502418513
"2021-06-08","5 day R","2020-12-22","CH","quantile","0.975",1.31067992334934
"2021-06-08","5 day R","2020-12-23","CH","point","NA",1.04806841520819
"2021-06-08","5 day R","2020-12-23","Ch","quantile","0.025",0.792426450748854
"2021-06-08","5 day R","2020-12-23","CH","quantile","0.975",1.30593844753756
"2021-06-08","5 day R","2020-12-24","CH","point","NA",1.04693978448117
"2021-06-08","5 day R","2020-12-24","Ch","quantile","0.025",0.790329791395164
"2021-06-08","5 day R","2020-12-24","CH","quantile","0.975",1.30366240403913
"2021-06-08","5 day R","2020-12-25","CH","point","NA",1.04751299859289
"2021-06-08","5 day R","2020-12-25","Ch","quantile","0.025",0.787985594974075
"2021-06-08","5 day R","2020-12-25","CH","quantile","0.975",1.3031786401558
"2021-06-08","5 day R","2020-12-26","CH","point","NA",1.06370103626663
"2021-06-08","5 day R","2020-12-26","Ch","quantile","0.025",0.808680778938955
"2021-06-08","5 day R","2020-12-26","CH","quantile","0.975",1.32169090874291
"2021-06-08","5 day R","2020-12-27","CH","point","NA",1.08199659912054
"2021-06-08","5 day R","2020-12-27","Ch","quantile","0.025",0.827108556163734
"2021-06-08","5 day R","2020-12-27","CH","quantile","0.975",1.33678176108858
"2021-06-08","5 day R","2020-12-28","CH","point","NA",1.09855292621724
"2021-06-08","5 day R","2020-12-28","Ch","quantile","0.025",0.847365604737009
"2021-06-08","5 day R","2020-12-28","CH","quantile","0.975",1.35618163469992
"2021-06-08","5 day R","2020-12-29","CH","point","NA",1.09684749341533
"2021-06-08","5 day R","2020-12-29","Ch","quantile","0.025",0.845459265010359
"2021-06-08","5 day R","2020-12-29","CH","quantile","0.975",1.35122105401224
"2021-06-08","5 day R","2020-12-30","CH","point","NA",1.08989596190395
"2021-06-08","5 day R","2020-12-30","Ch","quantile","0.025",0.836712113271423
"2021-06-08","5 day R","2020-12-30","CH","quantile","0.975",1.3448347287649
"2021-06-08","5 day R","2020-12-31","CH","point","NA",1.07833272006008
"2021-06-08","5 day R","2020-12-31","Ch","quantile","0.025",0.825463842462192
"2021-06-08","5 day R","2020-12-31","CH","quantile","0.975",1.33016051502808
"2021-06-08","5 day R","2021-01-01","CH","point","NA",1.07010895041314
"2021-06-08","5 day R","2021-01-01","Ch","quantile","0.025",0.816866658846822
"2021-06-08","5 day R","2021-01-01","CH","quantile","0.975",1.32365849898819
"2021-06-08","5 day R","2021-01-02","CH","point","NA",1.07882440280325
"2021-06-08","5 day R","2021-01-02","Ch","quantile","0.025",0.822647235068563
"2021-06-08","5 day R","2021-01-02","CH","quantile","0.975",1.33071826765573
"2021-06-08","5 day R","2021-01-03","CH","point","NA",1.09278790475129
"2021-06-08","5 day R","2021-01-03","Ch","quantile","0.025",0.841053967783987
"2021-06-08","5 day R","2021-01-03","CH","quantile","0.975",1.35081907644787
"2021-06-08","5 day R","2021-01-04","CH","point","NA",1.10436758448889
"2021-06-08","5 day R","2021-01-04","Ch","quantile","0.025",0.845618201121338
"2021-06-08","5 day R","2021-01-04","CH","quantile","0.975",1.36330362531617
"2021-06-08","5 day R","2021-01-05","CH","point","NA",1.0923449002418
"2021-06-08","5 day R","2021-01-05","Ch","quantile","0.025",0.834678108786481
"2021-06-08","5 day R","2021-01-05","CH","quantile","0.975",1.34844380270152
"2021-06-08","5 day R","2021-01-06","CH","point","NA",1.07320229838811
"2021-06-08","5 day R","2021-01-06","Ch","quantile","0.025",0.814068170757461
"2021-06-08","5 day R","2021-01-06","CH","quantile","0.975",1.32959793861548
"2021-06-08","5 day R","2021-01-07","CH","point","NA",1.05268996817134
"2021-06-08","5 day R","2021-01-07","Ch","quantile","0.025",0.799067300002351
"2021-06-08","5 day R","2021-01-07","CH","quantile","0.975",1.30910047760998
"2021-06-08","5 day R","2021-01-08","CH","point","NA",1.03137432256071
"2021-06-08","5 day R","2021-01-08","Ch","quantile","0.025",0.776064636016024
"2021-06-08","5 day R","2021-01-08","CH","quantile","0.975",1.28801561182771
"2021-06-08","5 day R","2021-01-09","CH","point","NA",1.00358352261234
"2021-06-08","5 day R","2021-01-09","Ch","quantile","0.025",0.745981037944927
"2021-06-08","5 day R","2021-01-09","CH","quantile","0.975",1.2587461458663
"2021-06-08","5 day R","2021-01-10","CH","point","NA",0.976639008449892
"2021-06-08","5 day R","2021-01-10","Ch","quantile","0.025",0.718070364032453
"2021-06-08","5 day R","2021-01-10","CH","quantile","0.975",1.22964174973728
"2021-06-08","5 day R","2021-01-11","CH","point","NA",0.950144880596531
"2021-06-08","5 day R","2021-01-11","Ch","quantile","0.025",0.694215770800827
"2021-06-08","5 day R","2021-01-11","CH","quantile","0.975",1.20453078789521
"2021-06-08","5 day R","2021-01-12","CH","point","NA",0.939681105647911
"2021-06-08","5 day R","2021-01-12","Ch","quantile","0.025",0.683979110098513
"2021-06-08","5 day R","2021-01-12","CH","quantile","0.975",1.19703507738372
"2021-06-08","5 day R","2021-01-13","CH","point","NA",0.933355676064674
"2021-06-08","5 day R","2021-01-13","Ch","quantile","0.025",0.677720429633184
"2021-06-08","5 day R","2021-01-13","CH","quantile","0.975",1.18970161949316
"2021-06-08","5 day R","2021-01-14","CH","point","NA",0.93114446467528
"2021-06-08","5 day R","2021-01-14","Ch","quantile","0.025",0.676634388831593
"2021-06-08","5 day R","2021-01-14","CH","quantile","0.975",1.18667672060112
"2021-06-08","5 day R","2021-01-15","CH","point","NA",0.930297800828342
"2021-06-08","5 day R","2021-01-15","Ch","quantile","0.025",0.671805453039589
"2021-06-08","5 day R","2021-01-15","CH","quantile","0.975",1.18768671614939
"2021-06-08","5 day R","2021-01-16","CH","point","NA",0.926678832130595
"2021-06-08","5 day R","2021-01-16","Ch","quantile","0.025",0.66996377352115
"2021-06-08","5 day R","2021-01-16","CH","quantile","0.975",1.18479083239058
"2021-06-08","5 day R","2021-01-17","CH","point","NA",0.920587203333132
"2021-06-08","5 day R","2021-01-17","Ch","quantile","0.025",0.663490209246547
"2021-06-08","5 day R","2021-01-17","CH","quantile","0.975",1.17906252675166
"2021-06-08","5 day R","2021-01-18","CH","point","NA",0.916239795782949
"2021-06-08","5 day R","2021-01-18","Ch","quantile","0.025",0.659329180378698
"2021-06-08","5 day R","2021-01-18","CH","quantile","0.975",1.17460682824501
"2021-06-08","5 day R","2021-01-19","CH","point","NA",0.924237620208701
"2021-06-08","5 day R","2021-01-19","Ch","quantile","0.025",0.669226111449573
"2021-06-08","5 day R","2021-01-19","CH","quantile","0.975",1.18201665693118
"2021-06-08","5 day R","2021-01-20","CH","point","NA",0.933328026256723
"2021-06-08","5 day R","2021-01-20","Ch","quantile","0.025",0.679797625930582
"2021-06-08","5 day R","2021-01-20","CH","quantile","0.975",1.18714792638042
"2021-06-08","5 day R","2021-01-21","CH","point","NA",0.940000966998584
"2021-06-08","5 day R","2021-01-21","Ch","quantile","0.025",0.683119368216288
"2021-06-08","5 day R","2021-01-21","CH","quantile","0.975",1.19615372608056
"2021-06-08","5 day R","2021-01-22","CH","point","NA",0.94451448775308
"2021-06-08","5 day R","2021-01-22","Ch","quantile","0.025",0.688788108773615
"2021-06-08","5 day R","2021-01-22","CH","quantile","0.975",1.20105065142452
"2021-06-08","5 day R","2021-01-23","CH","point","NA",0.946841459049104
"2021-06-08","5 day R","2021-01-23","Ch","quantile","0.025",0.690652073652698
"2021-06-08","5 day R","2021-01-23","CH","quantile","0.975",1.20353961496778
"2021-06-08","5 day R","2021-01-24","CH","point","NA",0.946390870002769
"2021-06-08","5 day R","2021-01-24","Ch","quantile","0.025",0.69006301775629
"2021-06-08","5 day R","2021-01-24","CH","quantile","0.975",1.20234519545699
"2021-06-08","5 day R","2021-01-25","CH","point","NA",0.9467725576276
"2021-06-08","5 day R","2021-01-25","Ch","quantile","0.025",0.693713938832906
"2021-06-08","5 day R","2021-01-25","CH","quantile","0.975",1.20070511647078
"2021-06-08","5 day R","2021-01-26","CH","point","NA",0.948575341706109
"2021-06-08","5 day R","2021-01-26","Ch","quantile","0.025",0.691946700966753
"2021-06-08","5 day R","2021-01-26","CH","quantile","0.975",1.2007999045573
"2021-06-08","5 day R","2021-01-27","CH","point","NA",0.951960914940718
"2021-06-08","5 day R","2021-01-27","Ch","quantile","0.025",0.693688800177373
"2021-06-08","5 day R","2021-01-27","CH","quantile","0.975",1.20852047255792
"2021-06-08","5 day R","2021-01-28","CH","point","NA",0.955866905688626
"2021-06-08","5 day R","2021-01-28","Ch","quantile","0.025",0.701177743588139
"2021-06-08","5 day R","2021-01-28","CH","quantile","0.975",1.21001721219452
"2021-06-08","5 day R","2021-01-29","CH","point","NA",0.959961070984388
"2021-06-08","5 day R","2021-01-29","Ch","quantile","0.025",0.704050480570879
"2021-06-08","5 day R","2021-01-29","CH","quantile","0.975",1.21342850820727
"2021-06-08","5 day R","2021-01-30","CH","point","NA",0.96177259436393
"2021-06-08","5 day R","2021-01-30","Ch","quantile","0.025",0.709854598874279
"2021-06-08","5 day R","2021-01-30","CH","quantile","0.975",1.21913852936685
"2021-06-08","5 day R","2021-01-31","CH","point","NA",0.962172167606929
"2021-06-08","5 day R","2021-01-31","Ch","quantile","0.025",0.707960872402805
"2021-06-08","5 day R","2021-01-31","CH","quantile","0.975",1.21693918562479
"2021-06-08","5 day R","2021-02-01","CH","point","NA",0.962730828663935
"2021-06-08","5 day R","2021-02-01","Ch","quantile","0.025",0.708430547937419
"2021-06-08","5 day R","2021-02-01","CH","quantile","0.975",1.22007977458331
"2021-06-08","5 day R","2021-02-02","CH","point","NA",0.962107261059017
"2021-06-08","5 day R","2021-02-02","Ch","quantile","0.025",0.710261492825172
"2021-06-08","5 day R","2021-02-02","CH","quantile","0.975",1.21626695468661
"2021-06-08","5 day R","2021-02-03","CH","point","NA",0.96324032558848
"2021-06-08","5 day R","2021-02-03","Ch","quantile","0.025",0.709626865151129
"2021-06-08","5 day R","2021-02-03","CH","quantile","0.975",1.22121801852378
"2021-06-08","5 day R","2021-02-04","CH","point","NA",0.966386326299314
"2021-06-08","5 day R","2021-02-04","Ch","quantile","0.025",0.711646737812077
"2021-06-08","5 day R","2021-02-04","CH","quantile","0.975",1.22507012080126
"2021-06-08","5 day R","2021-02-05","CH","point","NA",0.966502810378128
"2021-06-08","5 day R","2021-02-05","Ch","quantile","0.025",0.711072170580302
"2021-06-08","5 day R","2021-02-05","CH","quantile","0.975",1.22407445265862
"2021-06-08","5 day R","2021-02-06","CH","point","NA",0.964673820402345
"2021-06-08","5 day R","2021-02-06","Ch","quantile","0.025",0.711585492549789
"2021-06-08","5 day R","2021-02-06","CH","quantile","0.975",1.21786523590835
"2021-06-08","5 day R","2021-02-07","CH","point","NA",0.962664388061453
"2021-06-08","5 day R","2021-02-07","Ch","quantile","0.025",0.707982142437622
"2021-06-08","5 day R","2021-02-07","CH","quantile","0.975",1.219355379365
"2021-06-08","5 day R","2021-02-08","CH","point","NA",0.95967598808794
"2021-06-08","5 day R","2021-02-08","Ch","quantile","0.025",0.705710633315731
"2021-06-08","5 day R","2021-02-08","CH","quantile","0.975",1.21991646209694
"2021-06-08","5 day R","2021-02-09","CH","point","NA",0.956201039531623
"2021-06-08","5 day R","2021-02-09","Ch","quantile","0.025",0.701230146678785
"2021-06-08","5 day R","2021-02-09","CH","quantile","0.975",1.21497281956061
"2021-06-08","5 day R","2021-02-10","CH","point","NA",0.956098202582188
"2021-06-08","5 day R","2021-02-10","Ch","quantile","0.025",0.703341069986726
"2021-06-08","5 day R","2021-02-10","CH","quantile","0.975",1.21555313556248
"2021-06-08","5 day R","2021-02-11","CH","point","NA",0.955668900709149
"2021-06-08","5 day R","2021-02-11","Ch","quantile","0.025",0.700552584956548
"2021-06-08","5 day R","2021-02-11","CH","quantile","0.975",1.21083701636777
"2021-06-08","5 day R","2021-02-12","CH","point","NA",0.956313119249948
"2021-06-08","5 day R","2021-02-12","Ch","quantile","0.025",0.705084180417849
"2021-06-08","5 day R","2021-02-12","CH","quantile","0.975",1.21036045416996
"2021-06-08","5 day R","2021-02-13","CH","point","NA",0.956116441159511
"2021-06-08","5 day R","2021-02-13","Ch","quantile","0.025",0.701751857068595
"2021-06-08","5 day R","2021-02-13","CH","quantile","0.975",1.20961693855303
"2021-06-08","5 day R","2021-02-14","CH","point","NA",0.954766817976977
"2021-06-08","5 day R","2021-02-14","Ch","quantile","0.025",0.701552982000719
"2021-06-08","5 day R","2021-02-14","CH","quantile","0.975",1.20409827859255
"2021-06-08","5 day R","2021-02-15","CH","point","NA",0.953533186993774
"2021-06-08","5 day R","2021-02-15","Ch","quantile","0.025",0.69888892742521
"2021-06-08","5 day R","2021-02-15","CH","quantile","0.975",1.20691182267123
"2021-06-08","5 day R","2021-02-16","CH","point","NA",0.963025539583586
"2021-06-08","5 day R","2021-02-16","Ch","quantile","0.025",0.711109966857068
"2021-06-08","5 day R","2021-02-16","CH","quantile","0.975",1.21848611149998
"2021-06-08","5 day R","2021-02-17","CH","point","NA",0.974563405239327
"2021-06-08","5 day R","2021-02-17","Ch","quantile","0.025",0.718887641733492
"2021-06-08","5 day R","2021-02-17","CH","quantile","0.975",1.22997825234577
"2021-06-08","5 day R","2021-02-18","CH","point","NA",0.988433432567129
"2021-06-08","5 day R","2021-02-18","Ch","quantile","0.025",0.734045700982065
"2021-06-08","5 day R","2021-02-18","CH","quantile","0.975",1.24231705850394
"2021-06-08","5 day R","2021-02-19","CH","point","NA",1.00074384179123
"2021-06-08","5 day R","2021-02-19","Ch","quantile","0.025",0.748183294966636
"2021-06-08","5 day R","2021-02-19","CH","quantile","0.975",1.25419707496357
"2021-06-08","5 day R","2021-02-20","CH","point","NA",1.01455332860126
"2021-06-08","5 day R","2021-02-20","Ch","quantile","0.025",0.763099170627874
"2021-06-08","5 day R","2021-02-20","CH","quantile","0.975",1.26956801875656
"2021-06-08","5 day R","2021-02-21","CH","point","NA",1.02727695563677
"2021-06-08","5 day R","2021-02-21","Ch","quantile","0.025",0.773416320345501
"2021-06-08","5 day R","2021-02-21","CH","quantile","0.975",1.28125160458378
"2021-06-08","5 day R","2021-02-22","CH","point","NA",1.03884089207332
"2021-06-08","5 day R","2021-02-22","Ch","quantile","0.025",0.780996700686282
"2021-06-08","5 day R","2021-02-22","CH","quantile","0.975",1.29377013777339
"2021-06-08","5 day R","2021-02-23","CH","point","NA",1.04927478722306
"2021-06-08","5 day R","2021-02-23","Ch","quantile","0.025",0.792103393639545
"2021-06-08","5 day R","2021-02-23","CH","quantile","0.975",1.30537648994561
"2021-06-08","5 day R","2021-02-24","CH","point","NA",1.05940139129202
"2021-06-08","5 day R","2021-02-24","Ch","quantile","0.025",0.806033142563325
"2021-06-08","5 day R","2021-02-24","CH","quantile","0.975",1.31416470030735
"2021-06-08","5 day R","2021-02-25","CH","point","NA",1.06738366218033
"2021-06-08","5 day R","2021-02-25","Ch","quantile","0.025",0.812946524778956
"2021-06-08","5 day R","2021-02-25","CH","quantile","0.975",1.32306619821056
"2021-06-08","5 day R","2021-02-26","CH","point","NA",1.07689936033168
"2021-06-08","5 day R","2021-02-26","Ch","quantile","0.025",0.8211118277098
"2021-06-08","5 day R","2021-02-26","CH","quantile","0.975",1.33441158719869
"2021-06-08","5 day R","2021-02-27","CH","point","NA",1.08654971720281
"2021-06-08","5 day R","2021-02-27","Ch","quantile","0.025",0.829513451536824
"2021-06-08","5 day R","2021-02-27","CH","quantile","0.975",1.3457481005222
"2021-06-08","5 day R","2021-02-28","CH","point","NA",1.09744819199626
"2021-06-08","5 day R","2021-02-28","Ch","quantile","0.025",0.843273759266073
"2021-06-08","5 day R","2021-02-28","CH","quantile","0.975",1.35461197777047
"2021-06-08","5 day R","2021-03-01","CH","point","NA",1.10627611036257
"2021-06-08","5 day R","2021-03-01","Ch","quantile","0.025",0.849971690824556
"2021-06-08","5 day R","2021-03-01","CH","quantile","0.975",1.36030286188118
"2021-06-08","5 day R","2021-03-02","CH","point","NA",1.11209344048503
"2021-06-08","5 day R","2021-03-02","Ch","quantile","0.025",0.859055623212165
"2021-06-08","5 day R","2021-03-02","CH","quantile","0.975",1.36653709646972
"2021-06-08","5 day R","2021-03-03","CH","point","NA",1.11922657134792
"2021-06-08","5 day R","2021-03-03","Ch","quantile","0.025",0.86596198515077
"2021-06-08","5 day R","2021-03-03","CH","quantile","0.975",1.37402303130235
"2021-06-08","5 day R","2021-03-04","CH","point","NA",1.12952672797581
"2021-06-08","5 day R","2021-03-04","Ch","quantile","0.025",0.872372882656899
"2021-06-08","5 day R","2021-03-04","CH","quantile","0.975",1.38582974046952
"2021-06-08","5 day R","2021-03-05","CH","point","NA",1.13986539599713
"2021-06-08","5 day R","2021-03-05","Ch","quantile","0.025",0.884064387509178
"2021-06-08","5 day R","2021-03-05","CH","quantile","0.975",1.39464529684793
"2021-06-08","5 day R","2021-03-06","CH","point","NA",1.15038254196085
"2021-06-08","5 day R","2021-03-06","Ch","quantile","0.025",0.891974749175025
"2021-06-08","5 day R","2021-03-06","CH","quantile","0.975",1.40585459768934
"2021-06-08","5 day R","2021-03-07","CH","point","NA",1.16166421071115
"2021-06-08","5 day R","2021-03-07","Ch","quantile","0.025",0.909760018811018
"2021-06-08","5 day R","2021-03-07","CH","quantile","0.975",1.41655156331294
"2021-06-08","5 day R","2021-03-08","CH","point","NA",1.1709961411667
"2021-06-08","5 day R","2021-03-08","Ch","quantile","0.025",0.919341872321864
"2021-06-08","5 day R","2021-03-08","CH","quantile","0.975",1.4268085011545
"2021-06-08","5 day R","2021-03-09","CH","point","NA",1.1773777470742
"2021-06-08","5 day R","2021-03-09","Ch","quantile","0.025",0.92576728114401
"2021-06-08","5 day R","2021-03-09","CH","quantile","0.975",1.43446645860567
"2021-06-08","5 day R","2021-03-10","CH","point","NA",1.18080746777615
"2021-06-08","5 day R","2021-03-10","Ch","quantile","0.025",0.927964123554452
"2021-06-08","5 day R","2021-03-10","CH","quantile","0.975",1.43558349352126
"2021-06-08","5 day R","2021-03-11","CH","point","NA",1.18485840929666
"2021-06-08","5 day R","2021-03-11","Ch","quantile","0.025",0.928840271212997
"2021-06-08","5 day R","2021-03-11","CH","quantile","0.975",1.44094279537697
"2021-06-08","5 day R","2021-03-12","CH","point","NA",1.19072218441313
"2021-06-08","5 day R","2021-03-12","Ch","quantile","0.025",0.936903259654954
"2021-06-08","5 day R","2021-03-12","CH","quantile","0.975",1.44489400158624
"2021-06-08","5 day R","2021-03-13","CH","point","NA",1.19762900947278
"2021-06-08","5 day R","2021-03-13","Ch","quantile","0.025",0.944044093210323
"2021-06-08","5 day R","2021-03-13","CH","quantile","0.975",1.44826263592131
"2021-06-08","5 day R","2021-03-14","CH","point","NA",1.20681987526643
"2021-06-08","5 day R","2021-03-14","Ch","quantile","0.025",0.955909525674448
"2021-06-08","5 day R","2021-03-14","CH","quantile","0.975",1.45581593730581
"2021-06-08","5 day R","2021-03-15","CH","point","NA",1.21337763961641
"2021-06-08","5 day R","2021-03-15","Ch","quantile","0.025",0.960457084043677
"2021-06-08","5 day R","2021-03-15","CH","quantile","0.975",1.46961463660393
"2021-06-08","5 day R","2021-03-16","CH","point","NA",1.21426481439714
"2021-06-08","5 day R","2021-03-16","Ch","quantile","0.025",0.960620682243988
"2021-06-08","5 day R","2021-03-16","CH","quantile","0.975",1.468940291702
"2021-06-08","5 day R","2021-03-17","CH","point","NA",1.21862797973966
"2021-06-08","5 day R","2021-03-17","Ch","quantile","0.025",0.964355603358745
"2021-06-08","5 day R","2021-03-17","CH","quantile","0.975",1.47667002763642
"2021-06-08","5 day R","2021-03-18","CH","point","NA",1.21989465588316
"2021-06-08","5 day R","2021-03-18","Ch","quantile","0.025",0.965001406807475
"2021-06-08","5 day R","2021-03-18","CH","quantile","0.975",1.47734934343324
"2021-06-08","5 day R","2021-03-19","CH","point","NA",1.21980848915395
"2021-06-08","5 day R","2021-03-19","Ch","quantile","0.025",0.967279945082072
"2021-06-08","5 day R","2021-03-19","CH","quantile","0.975",1.47530361418489
"2021-06-08","5 day R","2021-03-20","CH","point","NA",1.2197441722275
"2021-06-08","5 day R","2021-03-20","Ch","quantile","0.025",0.963451355710903
"2021-06-08","5 day R","2021-03-20","CH","quantile","0.975",1.47773466614243
"2021-06-08","5 day R","2021-03-21","CH","point","NA",1.22014482314964
"2021-06-08","5 day R","2021-03-21","Ch","quantile","0.025",0.96393517158334
"2021-06-08","5 day R","2021-03-21","CH","quantile","0.975",1.47438482606847
"2021-06-08","5 day R","2021-03-22","CH","point","NA",1.21887693957103
"2021-06-08","5 day R","2021-03-22","Ch","quantile","0.025",0.963317493373289
"2021-06-08","5 day R","2021-03-22","CH","quantile","0.975",1.47365289233209
"2021-06-08","5 day R","2021-03-23","CH","point","NA",1.2128217290371
"2021-06-08","5 day R","2021-03-23","Ch","quantile","0.025",0.956719793683714
"2021-06-08","5 day R","2021-03-23","CH","quantile","0.975",1.46655200081555
"2021-06-08","5 day R","2021-03-24","CH","point","NA",1.21233917357056
"2021-06-08","5 day R","2021-03-24","Ch","quantile","0.025",0.956481278580592
"2021-06-08","5 day R","2021-03-24","CH","quantile","0.975",1.46720815045611
"2021-06-08","5 day R","2021-03-25","CH","point","NA",1.21328030150944
"2021-06-08","5 day R","2021-03-25","Ch","quantile","0.025",0.957192075765614
"2021-06-08","5 day R","2021-03-25","CH","quantile","0.975",1.46746126742094
"2021-06-08","5 day R","2021-03-26","CH","point","NA",1.21269743122922
"2021-06-08","5 day R","2021-03-26","Ch","quantile","0.025",0.9561433131751
"2021-06-08","5 day R","2021-03-26","CH","quantile","0.975",1.46812473639744
"2021-06-08","5 day R","2021-03-27","CH","point","NA",1.21179280024783
"2021-06-08","5 day R","2021-03-27","Ch","quantile","0.025",0.955399549213324
"2021-06-08","5 day R","2021-03-27","CH","quantile","0.975",1.46810894129651
"2021-06-08","5 day R","2021-03-28","CH","point","NA",1.21141332409177
"2021-06-08","5 day R","2021-03-28","Ch","quantile","0.025",0.956388499602362
"2021-06-08","5 day R","2021-03-28","CH","quantile","0.975",1.46999014454965
"2021-06-08","5 day R","2021-03-29","CH","point","NA",1.21099289294021
"2021-06-08","5 day R","2021-03-29","Ch","quantile","0.025",0.957838105490435
"2021-06-08","5 day R","2021-03-29","CH","quantile","0.975",1.46492481786093
"2021-06-08","5 day R","2021-03-30","CH","point","NA",1.18312697231883
"2021-06-08","5 day R","2021-03-30","Ch","quantile","0.025",0.926012623580598
"2021-06-08","5 day R","2021-03-30","CH","quantile","0.975",1.44063123872035
"2021-06-08","5 day R","2021-03-31","CH","point","NA",1.17749302513443
"2021-06-08","5 day R","2021-03-31","Ch","quantile","0.025",0.918624383250637
"2021-06-08","5 day R","2021-03-31","CH","quantile","0.975",1.43518023322226
"2021-06-08","5 day R","2021-04-01","CH","point","NA",1.17043426118698
"2021-06-08","5 day R","2021-04-01","Ch","quantile","0.025",0.910880833516896
"2021-06-08","5 day R","2021-04-01","CH","quantile","0.975",1.42432670751624
"2021-06-08","5 day R","2021-04-02","CH","point","NA",1.16611051765397
"2021-06-08","5 day R","2021-04-02","Ch","quantile","0.025",0.908730374348503
"2021-06-08","5 day R","2021-04-02","CH","quantile","0.975",1.419568876763
"2021-06-08","5 day R","2021-04-03","CH","point","NA",1.16078506472124
"2021-06-08","5 day R","2021-04-03","Ch","quantile","0.025",0.901500508627195
"2021-06-08","5 day R","2021-04-03","CH","quantile","0.975",1.41430264519498
"2021-06-08","5 day R","2021-04-04","CH","point","NA",1.1560577206999
"2021-06-08","5 day R","2021-04-04","Ch","quantile","0.025",0.897404607288293
"2021-06-08","5 day R","2021-04-04","CH","quantile","0.975",1.41363319123729
"2021-06-08","5 day R","2021-04-05","CH","point","NA",1.16157230720638
"2021-06-08","5 day R","2021-04-05","Ch","quantile","0.025",0.903271081574356
"2021-06-08","5 day R","2021-04-05","CH","quantile","0.975",1.41729089054544
"2021-06-08","5 day R","2021-04-06","CH","point","NA",1.24187711350755
"2021-06-08","5 day R","2021-04-06","Ch","quantile","0.025",0.98761607150859
"2021-06-08","5 day R","2021-04-06","CH","quantile","0.975",1.50067326319946
"2021-06-08","5 day R","2021-04-07","CH","point","NA",1.25150526522881
"2021-06-08","5 day R","2021-04-07","Ch","quantile","0.025",0.999529736888324
"2021-06-08","5 day R","2021-04-07","CH","quantile","0.975",1.51327463306721
"2021-06-08","5 day R","2021-04-08","CH","point","NA",1.25036011497952
"2021-06-08","5 day R","2021-04-08","Ch","quantile","0.025",0.995671668556629
"2021-06-08","5 day R","2021-04-08","CH","quantile","0.975",1.51284821649638
"2021-06-08","5 day R","2021-04-09","CH","point","NA",1.2434114895948
"2021-06-08","5 day R","2021-04-09","Ch","quantile","0.025",0.991685041919525
"2021-06-08","5 day R","2021-04-09","CH","quantile","0.975",1.50454764865996
"2021-06-08","5 day R","2021-04-10","CH","point","NA",1.23440827193844
"2021-06-08","5 day R","2021-04-10","Ch","quantile","0.025",0.977996972395686
"2021-06-08","5 day R","2021-04-10","CH","quantile","0.975",1.49552310538002
"2021-06-08","5 day R","2021-04-11","CH","point","NA",1.22725604178633
"2021-06-08","5 day R","2021-04-11","Ch","quantile","0.025",0.971013073590383
"2021-06-08","5 day R","2021-04-11","CH","quantile","0.975",1.48830020109086
"2021-06-08","5 day R","2021-04-12","CH","point","NA",1.22156018951455
"2021-06-08","5 day R","2021-04-12","Ch","quantile","0.025",0.962989339407153
"2021-06-08","5 day R","2021-04-12","CH","quantile","0.975",1.48208221050321
"2021-06-08","5 day R","2021-04-13","CH","point","NA",1.18281328336229
"2021-06-08","5 day R","2021-04-13","Ch","quantile","0.025",0.927442366592763
"2021-06-08","5 day R","2021-04-13","CH","quantile","0.975",1.43917461136329
"2021-06-08","5 day R","2021-04-14","CH","point","NA",1.16608320602818
"2021-06-08","5 day R","2021-04-14","Ch","quantile","0.025",0.910945020553255
"2021-06-08","5 day R","2021-04-14","CH","quantile","0.975",1.4262658344119
"2021-06-08","5 day R","2021-04-15","CH","point","NA",1.15155349796802
"2021-06-08","5 day R","2021-04-15","Ch","quantile","0.025",0.892766643399014
"2021-06-08","5 day R","2021-04-15","CH","quantile","0.975",1.41063022243969
"2021-06-08","5 day R","2021-04-16","CH","point","NA",1.13980606138357
"2021-06-08","5 day R","2021-04-16","Ch","quantile","0.025",0.882851022439531
"2021-06-08","5 day R","2021-04-16","CH","quantile","0.975",1.40028114032647
"2021-06-08","5 day R","2021-04-17","CH","point","NA",1.13130637810735
"2021-06-08","5 day R","2021-04-17","Ch","quantile","0.025",0.874825963117179
"2021-06-08","5 day R","2021-04-17","CH","quantile","0.975",1.38831404591445
"2021-06-08","5 day R","2021-04-18","CH","point","NA",1.12295123323576
"2021-06-08","5 day R","2021-04-18","Ch","quantile","0.025",0.86484492631881
"2021-06-08","5 day R","2021-04-18","CH","quantile","0.975",1.37814628313676
"2021-06-08","5 day R","2021-04-19","CH","point","NA",1.11305559147339
"2021-06-08","5 day R","2021-04-19","Ch","quantile","0.025",0.86053385060115
"2021-06-08","5 day R","2021-04-19","CH","quantile","0.975",1.36662594361317
"2021-06-08","5 day R","2021-04-20","CH","point","NA",1.10133041760174
"2021-06-08","5 day R","2021-04-20","Ch","quantile","0.025",0.846767280428233
"2021-06-08","5 day R","2021-04-20","CH","quantile","0.975",1.35583664773636
"2021-06-08","5 day R","2021-04-21","CH","point","NA",1.09780163279866
"2021-06-08","5 day R","2021-04-21","Ch","quantile","0.025",0.844597281194501
"2021-06-08","5 day R","2021-04-21","CH","quantile","0.975",1.34840969228342
"2021-06-08","5 day R","2021-04-22","CH","point","NA",1.09357940296151
"2021-06-08","5 day R","2021-04-22","Ch","quantile","0.025",0.841705748819381
"2021-06-08","5 day R","2021-04-22","CH","quantile","0.975",1.34841960139775
"2021-06-08","5 day R","2021-04-23","CH","point","NA",1.0878636235573
"2021-06-08","5 day R","2021-04-23","Ch","quantile","0.025",0.836123495536237
"2021-06-08","5 day R","2021-04-23","CH","quantile","0.975",1.34075851465323
"2021-06-08","5 day R","2021-04-24","CH","point","NA",1.08387306193752
"2021-06-08","5 day R","2021-04-24","Ch","quantile","0.025",0.828144026854654
"2021-06-08","5 day R","2021-04-24","CH","quantile","0.975",1.33631720536053
"2021-06-08","5 day R","2021-04-25","CH","point","NA",1.08106397093712
"2021-06-08","5 day R","2021-04-25","Ch","quantile","0.025",0.825882603794233
"2021-06-08","5 day R","2021-04-25","CH","quantile","0.975",1.33768978533703
"2021-06-08","5 day R","2021-04-26","CH","point","NA",1.07483902234405
"2021-06-08","5 day R","2021-04-26","Ch","quantile","0.025",0.816075908360987
"2021-06-08","5 day R","2021-04-26","CH","quantile","0.975",1.33556126963122
"2021-06-08","5 day R","2021-04-27","CH","point","NA",1.05559139821701
"2021-06-08","5 day R","2021-04-27","Ch","quantile","0.025",0.800146790274807
"2021-06-08","5 day R","2021-04-27","CH","quantile","0.975",1.31461326225711
"2021-06-08","5 day R","2021-04-28","CH","point","NA",1.03991154839928
"2021-06-08","5 day R","2021-04-28","Ch","quantile","0.025",0.78140820133026
"2021-06-08","5 day R","2021-04-28","CH","quantile","0.975",1.29660862118025
"2021-06-08","5 day R","2021-04-29","CH","point","NA",1.02904686472364
"2021-06-08","5 day R","2021-04-29","Ch","quantile","0.025",0.771015361931943
"2021-06-08","5 day R","2021-04-29","CH","quantile","0.975",1.28260020176918
"2021-06-08","5 day R","2021-04-30","CH","point","NA",1.0175220485544
"2021-06-08","5 day R","2021-04-30","Ch","quantile","0.025",0.759769398223114
"2021-06-08","5 day R","2021-04-30","CH","quantile","0.975",1.27439029916868
"2021-06-08","5 day R","2021-05-01","CH","point","NA",1.00852516994814
"2021-06-08","5 day R","2021-05-01","Ch","quantile","0.025",0.749964675854646
"2021-06-08","5 day R","2021-05-01","CH","quantile","0.975",1.26518132876375
"2021-06-08","5 day R","2021-05-02","CH","point","NA",0.99804297356949
"2021-06-08","5 day R","2021-05-02","Ch","quantile","0.025",0.739099248338153
"2021-06-08","5 day R","2021-05-02","CH","quantile","0.975",1.25566049412237
"2021-06-08","5 day R","2021-05-03","CH","point","NA",0.986800565452934
"2021-06-08","5 day R","2021-05-03","Ch","quantile","0.025",0.725265436731737
"2021-06-08","5 day R","2021-05-03","CH","quantile","0.975",1.23989725792374
"2021-06-08","5 day R","2021-05-04","CH","point","NA",0.979384057007112
"2021-06-08","5 day R","2021-05-04","Ch","quantile","0.025",0.722360205784567
"2021-06-08","5 day R","2021-05-04","CH","quantile","0.975",1.2322414394895
"2021-06-08","5 day R","2021-05-05","CH","point","NA",0.977422264270208
"2021-06-08","5 day R","2021-05-05","Ch","quantile","0.025",0.722252811692434
"2021-06-08","5 day R","2021-05-05","CH","quantile","0.975",1.23035086294545
"2021-06-08","5 day R","2021-05-06","CH","point","NA",0.980153361639104
"2021-06-08","5 day R","2021-05-06","Ch","quantile","0.025",0.725612255288336
"2021-06-08","5 day R","2021-05-06","CH","quantile","0.975",1.23159486895924
"2021-06-08","5 day R","2021-05-07","CH","point","NA",0.97629688048691
"2021-06-08","5 day R","2021-05-07","Ch","quantile","0.025",0.721910142077816
"2021-06-08","5 day R","2021-05-07","CH","quantile","0.975",1.23114169021727
"2021-06-08","5 day R","2021-05-08","CH","point","NA",0.976310131193885
"2021-06-08","5 day R","2021-05-08","Ch","quantile","0.025",0.719258159947797
"2021-06-08","5 day R","2021-05-08","CH","quantile","0.975",1.22833573508271
"2021-06-08","5 day R","2021-05-09","CH","point","NA",0.977217585686402
"2021-06-08","5 day R","2021-05-09","Ch","quantile","0.025",0.719928729732747
"2021-06-08","5 day R","2021-05-09","CH","quantile","0.975",1.23421697909979
"2021-06-08","5 day R","2021-05-10","CH","point","NA",0.975981816522028
"2021-06-08","5 day R","2021-05-10","Ch","quantile","0.025",0.718912755125223
"2021-06-08","5 day R","2021-05-10","CH","quantile","0.975",1.23489235426072
"2021-06-08","5 day R","2021-05-11","CH","point","NA",0.962395997099319
"2021-06-08","5 day R","2021-05-11","Ch","quantile","0.025",0.709607884485993
"2021-06-08","5 day R","2021-05-11","CH","quantile","0.975",1.21740288263518
"2021-06-08","5 day R","2021-05-12","CH","point","NA",0.957134687642504
"2021-06-08","5 day R","2021-05-12","Ch","quantile","0.025",0.7007563224622
"2021-06-08","5 day R","2021-05-12","CH","quantile","0.975",1.21215527151677
"2021-06-08","5 day R","2021-05-13","CH","point","NA",0.959461364603907
"2021-06-08","5 day R","2021-05-13","Ch","quantile","0.025",0.702979572431028
"2021-06-08","5 day R","2021-05-13","CH","quantile","0.975",1.21222826311643
"2021-06-08","5 day R","2021-05-14","CH","point","NA",0.97878001888483
"2021-06-08","5 day R","2021-05-14","Ch","quantile","0.025",0.724266252466547
"2021-06-08","5 day R","2021-05-14","CH","quantile","0.975",1.23343618831048
"2021-06-08","5 day R","2021-05-15","CH","point","NA",0.973607283725008
"2021-06-08","5 day R","2021-05-15","Ch","quantile","0.025",0.720179742399666
"2021-06-08","5 day R","2021-05-15","CH","quantile","0.975",1.22902622005251
"2021-06-08","5 day R","2021-05-16","CH","point","NA",0.971941747871636
"2021-06-08","5 day R","2021-05-16","Ch","quantile","0.025",0.717080956742035
"2021-06-08","5 day R","2021-05-16","CH","quantile","0.975",1.22757430597949
"2021-06-08","5 day R","2021-05-17","CH","point","NA",0.970180428224607
"2021-06-08","5 day R","2021-05-17","Ch","quantile","0.025",0.714680128600184
"2021-06-08","5 day R","2021-05-17","CH","quantile","0.975",1.22409868047656
"2021-06-08","5 day R","2021-05-18","CH","point","NA",0.95365660652128
"2021-06-08","5 day R","2021-05-18","Ch","quantile","0.025",0.694706643216646
"2021-06-08","5 day R","2021-05-18","CH","quantile","0.975",1.2080449031523
"2021-06-08","5 day R","2021-05-19","CH","point","NA",0.956346311328665
"2021-06-08","5 day R","2021-05-19","Ch","quantile","0.025",0.698577292204115
"2021-06-08","5 day R","2021-05-19","CH","quantile","0.975",1.21091972073362
"2021-06-08","5 day R","2021-05-20","CH","point","NA",0.953920969112902
"2021-06-08","5 day R","2021-05-20","Ch","quantile","0.025",0.693165070480971
"2021-06-08","5 day R","2021-05-20","CH","quantile","0.975",1.20903176790446
"2021-06-08","5 day R","2021-05-21","CH","point","NA",0.946797118001738
"2021-06-08","5 day R","2021-05-21","Ch","quantile","0.025",0.6894348589081
"2021-06-08","5 day R","2021-05-21","CH","quantile","0.975",1.20159408599516
"2021-06-08","5 day R","2021-05-22","CH","point","NA",0.959155254550385
"2021-06-08","5 day R","2021-05-22","Ch","quantile","0.025",0.699022433376205
"2021-06-08","5 day R","2021-05-22","CH","quantile","0.975",1.21615037721874
"2021-06-08","5 day R","2021-05-23","CH","point","NA",0.950596985686228
"2021-06-08","5 day R","2021-05-23","Ch","quantile","0.025",0.693721688591141
"2021-06-08","5 day R","2021-05-23","CH","quantile","0.975",1.20870505433913
"2021-06-08","5 day R","2021-05-24","CH","point","NA",0.946343632270991
"2021-06-08","5 day R","2021-05-24","Ch","quantile","0.025",0.690813783719167
"2021-06-08","5 day R","2021-05-24","CH","quantile","0.975",1.20257381398565
"2021-06-08","5 day R","2021-05-25","CH","point","NA",0.995062948574636
"2021-06-08","5 day R","2021-05-25","Ch","quantile","0.025",0.73747184367937
"2021-06-08","5 day R","2021-05-25","CH","quantile","0.975",1.25262927060691
"2021-06-08","5 day R","2021-05-26","CH","point","NA",0.987116152587603
"2021-06-08","5 day R","2021-05-26","Ch","quantile","0.025",0.72832614549154
"2021-06-08","5 day R","2021-05-26","CH","quantile","0.975",1.24615138333491
"2021-06-08","5 day R","2021-05-27","CH","point","NA",0.974406548823587
"2021-06-08","5 day R","2021-05-27","Ch","quantile","0.025",0.71838835525393
"2021-06-08","5 day R","2021-05-27","CH","quantile","0.975",1.23103198125291
"2021-06-08","5 day R","2021-05-28","CH","point","NA",0.958254881311801
"2021-06-08","5 day R","2021-05-28","Ch","quantile","0.025",0.701984733745612
"2021-06-08","5 day R","2021-05-28","CH","quantile","0.975",1.21055238566399
"2021-06-08","5 day R","2021-05-29","CH","point","NA",0.936791780446667
"2021-06-08","5 day R","2021-05-29","Ch","quantile","0.025",0.677055350689822
"2021-06-08","5 day R","2021-05-29","CH","quantile","0.975",1.19307550020473
"2021-06-08","5 day R","2021-05-30","CH","point","NA",0.922377491396861
"2021-06-08","5 day R","2021-05-30","Ch","quantile","0.025",0.658991836461826
"2021-06-08","5 day R","2021-05-30","CH","quantile","0.975",1.1832117954741
"2021-06-08","5 day R","2021-05-31","CH","point","NA",0.908647438029162
"2021-06-08","5 day R","2021-05-31","Ch","quantile","0.025",0.645189496489827
"2021-06-08","5 day R","2021-05-31","CH","quantile","0.975",1.17167409740058
"2021-06-08","5 day R","2021-06-01","CH","point","NA",0.878853542852755
"2021-06-08","5 day R","2021-06-01","Ch","quantile","0.025",0.608297858880881
"2021-06-08","5 day R","2021-06-01","CH","quantile","0.975",1.14463243020091
"2021-06-08","5 day R","2021-06-02","CH","point","NA",0.875725287643222
"2021-06-08","5 day R","2021-06-02","Ch","quantile","0.025",0.602405382649614
"2021-06-08","5 day R","2021-06-02","CH","quantile","0.975",1.1489493515877
"2021-06-08","5 day R","2021-06-03","CH","point","NA",0.876012993648524
"2021-06-08","5 day R","2021-06-03","Ch","quantile","0.025",0.59687921227771
"2021-06-08","5 day R","2021-06-03","CH","quantile","0.975",1.15583994007752
"2021-06-08","5 day R","2021-06-04","CH","point","NA",0.876615980416992
"2021-06-08","5 day R","2021-06-04","Ch","quantile","0.025",0.585036455482155
"2021-06-08","5 day R","2021-06-04","CH","quantile","0.975",1.16868521164204
"2021-06-08","5 day R","2021-06-05","CH","point","NA",0.878761089667133
"2021-06-08","5 day R","2021-06-05","Ch","quantile","0.025",0.571875558181469
"2021-06-08","5 day R","2021-06-05","CH","quantile","0.975",1.18494546170758
"2021-06-08","5 day R","2021-06-06","CH","point","NA",0.884042497388826
"2021-06-08","5 day R","2021-06-06","Ch","quantile","0.025",0.556835210990658
"2021-06-08","5 day R","2021-06-06","CH","quantile","0.975",1.21229048550649
"2021-06-08","5 day R","2021-06-07","CH","point","NA",0.888642548306992
"2021-06-08","5 day R","2021-06-07","Ch","quantile","0.025",0.529909131027054
"2021-06-08","5 day R","2021-06-07","CH","quantile","0.975",1.24601458037613
